# T, am1a, am1e, m1a, m1e, m2a, m2e, m4a, m4e, e1a, e1e, e2a, e2e, susc, spec, bind
+0.5000000000 +0.9999992187 +0.0000005524 -0.0457992188 +0.0070636424 +0.9999984436 +0.0000011005 +0.9999969114 +0.0000021838 -1.9999968750 +0.0000022096 +3.9999875977 +0.0000087693 +0.0000031247 +0.0000999900 +0.6666666586
+0.6000000000 +0.9999976563 +0.0000009567 -0.0457007813 +0.0070636632 +0.9999953308 +0.0000019059 +0.9999907343 +0.0000037821 -1.9999906250 +0.0000038268 +3.9999627930 +0.0000151874 +0.0000078102 +0.0002082708 +0.6666666425
+0.7000000000 +0.9999757812 +0.0000031203 -0.0457000000 +0.0070635093 +0.9999517578 +0.0000062147 +0.9999042904 +0.0000123267 -1.9999039062 +0.0000123092 +3.9996186646 +0.0000488451 +0.0000712141 +0.0015831859 +0.6666664092
+0.8000000000 +0.9999023437 +0.0000063334 -0.0473921875 +0.0070624340 +0.9998054993 +0.0000126113 +0.9996142173 +0.0000250030 -1.9996117187 +0.0000250810 +3.9984596069 +0.0000994700 +0.0002567139 +0.0050324685 +0.6666656060
+0.9000000000 +0.9996937500 +0.0000112488 -0.0470882813 +0.0070610651 +0.9993901245 +0.0000223921 +0.9987906491 +0.0000443671 -1.9987906250 +0.0000439323 +3.9952025635 +0.0001742074 +0.0007198500 +0.0121997870 +0.6666633199
+1.0000000000 +0.9992511719 +0.0000177949 -0.0463910156 +0.0070581765 +0.9985092377 +0.0000353985 +0.9970457587 +0.0000700434 -1.9970570313 +0.0000688896 +3.9883317017 +0.0002728970 +0.0016212934 +0.0242983923 +0.6666582880
+1.1000000000 +0.9984570312 +0.0000259108 -0.0482585938 +0.0070519536 +0.9969298706 +0.0000514906 +0.9939221926 +0.0001016824 -1.9939937500 +0.0000987555 +3.9762061279 +0.0003905776 +0.0031249112 +0.0412673884 +0.6666488824
+1.2000000000 +0.9969937500 +0.0000370591 -0.0454882812 +0.0070425664 +0.9940240051 +0.0000734895 +0.9881917370 +0.0001445300 -1.9884695313 +0.0001371925 +3.9543875122 +0.0005410029 +0.0058597521 +0.0669218662 +0.6666302277
+1.3000000000 +0.9947179687 +0.0000513635 -0.0505617187 +0.0070248136 +0.9895166016 +0.0001015164 +0.9793492164 +0.0001983608 -1.9801031250 +0.0001832578 +3.9214800537 +0.0007194242 +0.0103904903 +0.1017438033 +0.6665964993
+1.4000000000 +0.9913882813 +0.0000686664 -0.0549828125 +0.0069997211 +0.9829450256 +0.0001350246 +0.9665455562 +0.0002613164 -1.9681445313 +0.0002364401 +3.8747109741 +0.0009221239 +0.0172436910 +0.1460347078 +0.6665408680
+1.5000000000 +0.9864375000 +0.0000896313 -0.0554054687 +0.0069647321 +0.9732196167 +0.0001750955 +0.9477695910 +0.0003346021 -1.9509656250 +0.0002937251 +3.8079923584 +0.0011351129 +0.0274219167 +0.1963222433 +0.6664508739
+1.6000000000 +0.9796484375 +0.0001164557 -0.0558226562 +0.0069168856 +0.9599822998 +0.0002253277 +0.9225814673 +0.0004228954 -1.9282992188 +0.0003625001 +3.7209660034 +0.0013834544 +0.0433981934 +0.2628126386 +0.6662993747
+1.7000000000 +0.9700878906 +0.0001523229 -0.0462910156 +0.0068534360 +0.9415345612 +0.0002906312 +0.8881766594 +0.0005315097 -1.8982726563 +0.0004393611 +3.6072998413 +0.0016496806 +0.0698798110 +0.3419915376 +0.6660314519
+1.8000000000 +0.9564847656 +0.0002012732 -0.0464183594 +0.0067583972 +0.9156733246 +0.0003757391 +0.8412812353 +0.0006614632 -1.8585585937 +0.0005251176 +3.4597550171 +0.0019284235 +0.1152309635 +0.4357507704 +0.6655441301
+1.9000000000 +0.9379902344 +0.0002729606 -0.0415199219 +0.0066317114 +0.8813158295 +0.0004934385 +0.7815872230 +0.0008222782 -1.8090398437 +0.0006291184 +3.2805409546 +0.0022466557 +0.2007780628 +0.5613419304 +0.6645768330
+2.0000000000 +0.9117062500 +0.0003928295 -0.0397421875 +0.0064525776 +0.8342945862 +0.0006629481 +0.7048374606 +0.0010131777 -1.7466679687 +0.0007542771 +3.0622276733 +0.0025923479 +0.3950463862 +0.7282355381 +0.6624571816
+2.1000000000 +0.8687417969 +0.0006190961 -0.0249300781 +0.0061715330 +0.7623779083 +0.0009329540 +0.5986281392 +0.0012448099 -1.6622281250 +0.0009117507 +2.7796281250 +0.0029748735 +0.9344729829 +0.9651249609 +0.6566830335
+2.2000000000 +0.7924039063 +0.0010356019 -0.0286062500 +0.0056944493 +0.6493533752 +0.0013356967 +0.4573415195 +0.0014713143 -1.5485015625 +0.0011125667 +2.4226131836 +0.0033811190 +2.4959330448 +1.3094132643 +0.6384593195
+2.3000000000 +0.6696019531 +0.0014811907 -0.0329808594 +0.0049555906 +0.4922452911 +0.0016426310 +0.2962701598 +0.0014781696 -1.4068507812 +0.0012575222 +2.0108563599 +0.0035191261 +4.8838695523 +1.5305431427 +0.5924287735
+2.4000000000 +0.5162382813 +0.0016741841 -0.0379445313 +0.0040069940 +0.3225598083 +0.0016031279 +0.1554452125 +0.0011725161 -1.2541007813 +0.0012490996 +1.6039737671 +0.0031838636 +5.9795035010 +1.3868887804 +0.5019928348
+2.5000000000 +0.3862375000 +0.0015863350 -0.0227859375 +0.0031542779 +0.1995085815 +0.0013058297 +0.0739075007 +0.0007778663 -1.1291101563 +0.0011374493 +1.3007655640 +0.0026449915 +5.1537075340 +1.0598735470 +0.3810663431
+2.6000000000 +0.3014339844 +0.0013865773 -0.0123121094 +0.0025412870 +0.1293143768 +0.0009888241 +0.0362776718 +0.0004795511 -1.0371226562 +0.0010143224 +1.0962004028 +0.0021627025 +3.7860361743 +0.7792472890 +0.2768564270
+2.7000000000 +0.2499390625 +0.0012122600 -0.0060289063 +0.0021427164 +0.0918610229 +0.0007658827 +0.0201699740 +0.0003087551 -0.9675351562 +0.0009423650 +0.9538853149 +0.0018642954 +2.7867484905 +0.6237071754 +0.2032509963
+2.8000000000 +0.2124746094 +0.0010723819 -0.0028621094 +0.0018457698 +0.0681455170 +0.0006061953 +0.0119932652 +0.0002061811 -0.9094789063 +0.0008957217 +0.8431982300 +0.0016613056 +2.1028623853 +0.5239624185 +0.1391220135
+2.9000000000 +0.1876531250 +0.0009727532 -0.0018664063 +0.0016452232 +0.0541386719 +0.0005022202 +0.0079754978 +0.0001473323 -0.8609351563 +0.0008744423 +0.7565023315 +0.0015309696 +1.6706186198 +0.4655178357 +0.0929706344
+3.0000000000 +0.1693183594 +0.0008816076 -0.0018746094 +0.0014867722 +0.0442133453 +0.0004154430 +0.0054066770 +0.0001049046 -0.8167031250 +0.0008438834 +0.6812467773 +0.0014020766 +1.3264758200 +0.4051280486 +0.0780605026
+3.1000000000 +0.1561320312 +0.0008176422 -0.0013226563 +0.0013737947 +0.0377479858 +0.0003567787 +0.0039707318 +0.0000777085 -0.7780351562 +0.0008212749 +0.6188285522 +0.0013013313 +1.1041671975 +0.3593549489 +0.0711154635
+3.2000000000 +0.1461531250 +0.0007597057 -0.0003218750 +0.0012826474 +0.0329037903 +0.0003125768 +0.0030367451 +0.0000624704 -0.7444273437 +0.0008044337 +0.5671143433 +0.0012197539 +0.9234443469 +0.3235568285 +0.0650352651
+3.3000000000 +0.1372468750 +0.0007184936 -0.0001562500 +0.0012075045 +0.0291613647 +0.0002806615 +0.0024258028 +0.0000514932 -0.7124343750 +0.0007888863 +0.5200095703 +0.0011389420 +0.8009433250 +0.2925976949 +0.0491356830
+3.4000000000 +0.1294796875 +0.0006828731 -0.0002585937 +0.0011421741 +0.0260913025 +0.0002508317 +0.0019390865 +0.0000393050 -0.6857335937 +0.0007786352 +0.4823560181 +0.0010867759 +0.7022165094 +0.2685222194 +0.0505230724
+3.5000000000 +0.1237410156 +0.0006462415 -0.0005683594 +0.0010877518 +0.0236644012 +0.0002278790 +0.0015985802 +0.0000333997 -0.6594898437 +0.0007680753 +0.4467256470 +0.0010292295 +0.6109302709 +0.2465706938 +0.0484707661
+3.6000000000 +0.1183617187 +0.0006286148 -0.0004671875 +0.0010467189 +0.0219126282 +0.0002160655 +0.0014138490 +0.0000310070 -0.6369742188 +0.0007606981 +0.4173093872 +0.0009869542 +0.5620004770 +0.2286070490 +0.0184942792
+3.7000000000 +0.1145023437 +0.0006078072 +0.0008859375 +0.0010123881 +0.0204993774 +0.0002012256 +0.0012300596 +0.0000263400 -0.6146601563 +0.0007507974 +0.3890810425 +0.0009408765 +0.5112106010 +0.2108201102 +0.0242837261
+3.8000000000 +0.1112503906 +0.0005880546 +0.0016535156 +0.0009820916 +0.0192928131 +0.0001901118 +0.0010950626 +0.0000240382 -0.5944710937 +0.0007478894 +0.3645826538 +0.0009048120 +0.4659310280 +0.1983250527 +0.0193216485
+3.9000000000 +0.1070066406 +0.0005610244 +0.0011886719 +0.0009419123 +0.0177453888 +0.0001711695 +0.0009008785 +0.0000192678 -0.5758937500 +0.0007361979 +0.3424933594 +0.0008615608 +0.4132081333 +0.1824441492 +0.0463831368
+4.0000000000 +0.1028972656 +0.0005494708 +0.0017113281 +0.0009116820 +0.0166262115 +0.0001642024 +0.0008156797 +0.0000177931 -0.5577070312 +0.0007318487 +0.3217491821 +0.0008301214 +0.3864553136 +0.1713927908 +0.0164152141
+4.1000000000 +0.1005691406 +0.0005327431 +0.0009253906 +0.0008885269 +0.0157904572 +0.0001545203 +0.0007268691 +0.0000155898 -0.5416296875 +0.0007282759 +0.3039704346 +0.0008023307 +0.3544229530 +0.1615452317 +0.0282701523
+4.2000000000 +0.0981183594 +0.0005186482 +0.0001097656 +0.0008662309 +0.0150071320 +0.0001475349 +0.0006605447 +0.0000145275 -0.5246492188 +0.0007176187 +0.2855563354 +0.0007680096 +0.3279189036 +0.1494716766 +0.0223451743
+4.3000000000 +0.0957906250 +0.0005064072 -0.0010382812 +0.0008456870 +0.0143048096 +0.0001407713 +0.0006009586 +0.0000133191 -0.5102429687 +0.0007161153 +0.2706043091 +0.0007454564 +0.3053523785 +0.1420034620 +0.0210531726
+4.4000000000 +0.0939128906 +0.0004997143 -0.0001371094 +0.0008310806 +0.0138139191 +0.0001367635 +0.0005649094 +0.0000126917 -0.4979304688 +0.0007126354 +0.2580917358 +0.0007238155 +0.2905767588 +0.1343072282 +0.0132122239
+4.5000000000 +0.0916679687 +0.0004880055 -0.0000578125 +0.0008113569 +0.0131660034 +0.0001292658 +0.0005075364 +0.0000111603 -0.4838828125 +0.0007091341 +0.2442000000 +0.0007001465 +0.2709610339 +0.1271457029 +0.0240264334
+4.6000000000 +0.0897492187 +0.0004768165 +0.0002812500 +0.0007937860 +0.0126020020 +0.0001243894 +0.0004682651 +0.0000104773 -0.4720046875 +0.0007055117 +0.2327433594 +0.0006789052 +0.2530548695 +0.1204377691 +0.0171404923
+4.7000000000 +0.0880835937 +0.0004687654 +0.0013765625 +0.0007794756 +0.0121535400 +0.0001193844 +0.0004327613 +0.0000090479 -0.4593531250 +0.0007010448 +0.2208345703 +0.0006568743 +0.2393774598 +0.1139110402 +0.0233892024
+4.8000000000 +0.0864007813 +0.0004620527 +0.0009437500 +0.0007659653 +0.0117349487 +0.0001178369 +0.0004154199 +0.0000098634 -0.4480851563 +0.0007005509 +0.2105957397 +0.0006383424 +0.2277255323 +0.1090603611 -0.0055500384
+4.9000000000 +0.0851675781 +0.0004559296 +0.0002355469 +0.0007553442 +0.0114109528 +0.0001137996 +0.0003892170 +0.0000086806 -0.4376281250 +0.0006909655 +0.2010670410 +0.0006161114 +0.2172048402 +0.1018100082 +0.0036159571
+5.0000000000 +0.0840019531 +0.0004479993 +0.0009535156 +0.0007439585 +0.0110703949 +0.0001100286 +0.0003646797 +0.0000084802 -0.4285570312 +0.0006923988 +0.1932494507 +0.0006088277 +0.2055202186 +0.0981844137 +0.0081085981
