# T, am1a, am1e, m1a, m1e, m2a, m2e, m4a, m4e, e1a, e1e, e2a, e2e, susc, spec, bind
+0.5000000000 +0.9999999023 +0.0000000977 +0.0282999023 +0.0070682350 +0.9999998049 +0.0000001951 +0.9999996105 +0.0000003895 -1.9999996094 +0.0000003906 +3.9999984406 +0.0000015594 +0.0000003906 +0.0000124994 +0.6666666664
+0.6000000000 +0.9999968750 +0.0000005520 +0.0276001953 +0.0070683519 +0.9999937561 +0.0000011029 +0.9999875366 +0.0000022015 -1.9999875000 +0.0000022079 +3.9999500977 +0.0000088145 +0.0000104000 +0.0002773333 +0.6666666586
+0.7000000000 +0.9999780273 +0.0000014761 +0.0284000977 +0.0070680603 +0.9999560987 +0.0000029492 +0.9999123734 +0.0000058862 -1.9999125000 +0.0000058593 +3.9996506943 +0.0000233900 +0.0000637469 +0.0014348929 +0.6666666087
+0.8000000000 +0.9999045898 +0.0000030932 +0.0260989258 +0.0070679850 +0.9998093801 +0.0000061795 +0.9996195604 +0.0000123312 -1.9996214844 +0.0000122038 +3.9984890594 +0.0000487097 +0.0002449398 +0.0047658787 +0.6666664120
+0.9000000000 +0.9997141602 +0.0000053708 +0.0240913086 +0.0070669958 +0.9994289789 +0.0000107273 +0.9988605854 +0.0000213981 -1.9988689453 +0.0000210831 +3.9954859505 +0.0000841200 +0.0006563875 +0.0112386342 +0.6666658986
+1.0000000000 +0.9992743164 +0.0000088518 +0.0285692383 +0.0070630536 +0.9985507265 +0.0000176694 +0.9971097976 +0.0000352028 -1.9971550781 +0.0000341309 +3.9886517044 +0.0001360394 +0.0016046898 +0.0238574861 +0.6666645792
+1.1000000000 +0.9984515625 +0.0000129862 +0.0363263672 +0.0070554564 +0.9969088955 +0.0000259005 +0.9938407627 +0.0000515156 -1.9939925781 +0.0000491456 +3.9760547073 +0.0001955997 +0.0031398017 +0.0408802116 +0.6666621666
+1.2000000000 +0.9970419922 +0.0000183344 +0.0357861328 +0.0070456327 +0.9940994572 +0.0000365124 +0.9882603938 +0.0000724061 -1.9886517578 +0.0000679556 +3.9548281731 +0.0002697435 +0.0057369458 +0.0656776636 +0.6666576731
+1.3000000000 +0.9947945312 +0.0000250857 +0.0424972656 +0.0070278828 +0.9896287453 +0.0000498345 +0.9794147230 +0.0000983412 -1.9803226563 +0.0000905446 +3.9218417892 +0.0003578362 +0.0099137889 +0.0993500484 +0.6666497613
+1.4000000000 +0.9913809570 +0.0000338075 +0.0439340820 +0.0070033166 +0.9828590609 +0.0000669063 +0.9661014625 +0.0001310393 -1.9680382812 +0.0001171351 +3.8734490891 +0.0004600268 +0.0167196493 +0.1433665749 +0.6666357737
+1.5000000000 +0.9865778320 +0.0000440879 +0.0373194336 +0.0069713053 +0.9733746935 +0.0000867912 +0.9476089481 +0.0001682104 -1.9512917969 +0.0001463488 +3.8079680359 +0.0005697472 +0.0265385531 +0.1949510938 +0.6666136637
+1.6000000000 +0.9797182617 +0.0000577088 +0.0357249023 +0.0069232875 +0.9599144785 +0.0001127474 +0.9216900457 +0.0002152616 -1.9285363281 +0.0001800846 +3.7199009781 +0.0006928101 +0.0426279344 +0.2594436762 +0.6665746944
+1.7000000000 +0.9700921875 +0.0000753131 +0.0436796875 +0.0068530445 +0.9411922935 +0.0001455547 +0.8862666567 +0.0002720209 -1.8981687500 +0.0002183944 +3.6039985260 +0.0008270335 +0.0683317007 +0.3379988460 +0.6665072241
+1.8000000000 +0.9566827148 +0.0001000037 +0.0516260742 +0.0067556516 +0.9154418318 +0.0001902748 +0.8387578375 +0.0003448449 -1.8589494141 +0.0002626961 +3.4570731087 +0.0009740554 +0.1137862535 +0.4362065003 +0.6663786552
+1.9000000000 +0.9379888672 +0.0001350180 +0.0203507813 +0.0066323961 +0.8801877121 +0.0002509877 +0.7759903054 +0.0004348738 -1.8088869141 +0.0003124397 +3.2740242393 +0.0011266087 +0.1964986635 +0.5538028804 +0.6661245870
+2.0000000000 +0.9110224609 +0.0001958946 +0.0060994141 +0.0064447351 +0.8307294182 +0.0003498327 +0.6925590251 +0.0005629367 -1.7448910156 +0.0003763889 +3.0474780289 +0.0013083433 +0.3929568511 +0.7253433500 +0.6654844136
+2.1000000000 +0.8700109375 +0.0003095938 +0.0212578125 +0.0061578572 +0.7588359982 +0.0005176999 +0.5811923359 +0.0007419241 -1.6638820313 +0.0004585737 +2.7727092102 +0.0015188038 +0.9347495176 +0.9765839908 +0.6635637575
+2.2000000000 +0.7897496094 +0.0006415538 +0.0284916016 +0.0056174928 +0.6319362717 +0.0008912981 +0.4152316979 +0.0009955059 -1.5503906250 +0.0005712305 +2.4102371750 +0.0017578601 +3.8315409033 +1.3807254003 +0.6534046935
+2.3000000000 +0.5528271484 +0.0014738402 +0.0180851563 +0.0041757328 +0.3490619572 +0.0013993688 +0.1610089111 +0.0009709487 -1.3677068359 +0.0007043186 +1.8805432838 +0.0019293745 +19.3420693678 +1.9204925989 +0.5595226114
+2.4000000000 +0.3207256836 +0.0013552851 -0.0053362305 +0.0026417082 +0.1396009188 +0.0009469383 +0.0374222576 +0.0004168106 -1.2124447266 +0.0005902912 +1.4769910881 +0.0014451596 +15.6740073187 +1.2389107796 +0.3599230668
+2.5000000000 +0.2058496094 +0.0010076486 +0.0001609375 +0.0017703270 +0.0626811764 +0.0005283683 +0.0095123906 +0.0001475304 -1.1065148438 +0.0005117869 +1.2296136169 +0.0011395248 +8.3177941797 +0.8582787079 +0.1929617080
+2.6000000000 +0.1559986328 +0.0007949711 -0.0016126953 +0.0013596425 +0.0369751537 +0.0003354451 +0.0036176308 +0.0000667071 -1.0288511719 +0.0004848101 +1.0632355515 +0.0010024328 +4.9780500846 +0.7120765098 +0.1179706904
+2.7000000000 +0.1250371094 +0.0006504178 -0.0025902344 +0.0010974615 +0.0240951454 +0.0002270626 +0.0016117244 +0.0000316608 -0.9635304688 +0.0004555778 +0.9325419861 +0.0008813260 +3.2088620356 +0.5830790671 +0.0746406217
+2.8000000000 +0.1064265625 +0.0005620112 -0.0002183594 +0.0009392470 +0.0176437454 +0.0001710856 +0.0008967077 +0.0000188044 -0.9081919922 +0.0004425058 +0.8287289223 +0.0008068468 +2.3102654964 +0.5115072781 +0.0398301496
+2.9000000000 +0.0952416016 +0.0005057334 +0.0013474609 +0.0008421541 +0.0141862877 +0.0001401598 +0.0005941459 +0.0000138986 -0.8598662109 +0.0004305861 +0.7430779884 +0.0007431170 +1.8062389040 +0.4514960555 +0.0159110945
+3.0000000000 +0.0852908203 +0.0004554844 +0.0003660156 +0.0007557682 +0.0114238441 +0.0001123300 +0.0003828648 +0.0000083667 -0.8176523437 +0.0004187072 +0.6720616699 +0.0006866475 +1.4163012667 +0.3989406927 +0.0220882720
+3.1000000000 +0.0784243164 +0.0004153179 -0.0008096680 +0.0006928022 +0.0096001520 +0.0000939360 +0.0002686424 +0.0000059151 -0.7793693359 +0.0004105101 +0.6107869331 +0.0006428376 +1.1395397737 +0.3591321799 +0.0283787209
+3.2000000000 +0.0735434570 +0.0003889718 -0.0010534180 +0.0006493655 +0.0084346216 +0.0000823872 +0.0002068960 +0.0000045857 -0.7446439453 +0.0004033220 +0.5577479774 +0.0006033229 +0.9683140954 +0.3253372157 +0.0306077642
+3.3000000000 +0.0687231445 +0.0003645452 +0.0003491211 +0.0006074789 +0.0073807348 +0.0000727855 +0.0001604298 +0.0000035697 -0.7146162109 +0.0003963415 +0.5138180611 +0.0005686678 +0.8247433250 +0.2954209093 +0.0183319963
+3.4000000000 +0.0651272461 +0.0003463182 +0.0002549805 +0.0005762039 +0.0066402842 +0.0000658298 +0.0001307646 +0.0000030263 -0.6862177734 +0.0003920378 +0.4739687050 +0.0005401509 +0.7224398225 +0.2722876594 +0.0114566495
+3.5000000000 +0.0616125000 +0.0003319245 +0.0008972656 +0.0005476666 +0.0059995781 +0.0000598538 +0.0001076446 +0.0000023552 -0.6607513672 +0.0003833005 +0.4395307549 +0.0005087347 +0.6446746882 +0.2456250504 +0.0031506751
+3.6000000000 +0.0590630859 +0.0003143877 +0.0007937500 +0.0005227146 +0.0054652401 +0.0000545380 +0.0000893567 +0.0000021017 -0.6364140625 +0.0003812704 +0.4079302017 +0.0004870603 +0.5622874956 +0.2297159722 +0.0027886769
+3.7000000000 +0.0564912109 +0.0003032109 +0.0008986328 +0.0005014572 +0.0050299934 +0.0000504077 +0.0000761195 +0.0000017370 -0.6141439453 +0.0003737233 +0.3799661674 +0.0004613122 +0.5088827573 +0.2089425165 -0.0028589189
+3.8000000000 +0.0549347656 +0.0002933035 +0.0006730469 +0.0004867193 +0.0047383675 +0.0000470308 +0.0000666901 +0.0000015216 -0.5932843750 +0.0003715786 +0.3547477631 +0.0004427907 +0.4636399799 +0.1958232247 +0.0098925008
+3.9000000000 +0.0528208984 +0.0002844013 +0.0002626953 +0.0004694497 +0.0044077290 +0.0000444463 +0.0000589375 +0.0000013618 -0.5743648437 +0.0003689905 +0.3326180542 +0.0004256075 +0.4247451297 +0.1833290200 -0.0112091876
+4.0000000000 +0.0514086914 +0.0002727891 +0.0009215820 +0.0004544382 +0.0041311312 +0.0000413164 +0.0000512071 +0.0000012454 -0.5573347656 +0.0003675276 +0.3133235718 +0.0004114190 +0.3809990707 +0.1728979714 -0.0001643107
+4.1000000000 +0.0503511719 +0.0002665867 +0.0003312500 +0.0004447752 +0.0039566101 +0.0000390417 +0.0000461399 +0.0000010328 -0.5407949219 +0.0003665954 +0.2951469910 +0.0003983746 +0.3549957240 +0.1637329972 +0.0175542813
+4.2000000000 +0.0493168945 +0.0002634673 +0.0005040039 +0.0004370471 +0.0038204565 +0.0000380405 +0.0000435375 +0.0000009994 -0.5253505859 +0.0003613017 +0.2786040169 +0.0003814428 +0.3384808640 +0.1515554093 +0.0057121322
+4.3000000000 +0.0478408203 +0.0002550454 +0.0002703125 +0.0004236528 +0.0035897068 +0.0000358209 +0.0000385487 +0.0000009114 -0.5106541016 +0.0003579857 +0.2633306862 +0.0003668365 +0.3098106557 +0.1419463785 +0.0028278471
+4.4000000000 +0.0466699219 +0.0002484219 +0.0001636719 +0.0004130571 +0.0034123508 +0.0000338568 +0.0000345698 +0.0000007871 -0.4967980469 +0.0003554803 +0.2493356247 +0.0003544788 +0.2872481135 +0.1336767109 +0.0103816318
+4.5000000000 +0.0460199219 +0.0002467361 -0.0003681641 +0.0004083670 +0.0033354069 +0.0000334622 +0.0000335193 +0.0000007804 -0.4842132813 +0.0003541145 +0.2369704437 +0.0003447300 +0.2770656520 +0.1268213627 -0.0043282493
+4.6000000000 +0.0453918945 +0.0002440462 -0.0001770508 +0.0004032099 +0.0032515955 +0.0000328159 +0.0000321106 +0.0000007355 -0.4717398437 +0.0003517979 +0.2250137161 +0.0003336683 +0.2651651134 +0.1197845750 -0.0123565997
+4.7000000000 +0.0446831055 +0.0002382166 -0.0002522461 +0.0003956930 +0.0031315233 +0.0000312633 +0.0000293543 +0.0000006711 -0.4600443359 +0.0003478494 +0.2140607750 +0.0003215404 +0.2472727767 +0.1121803341 +0.0022091843
+4.8000000000 +0.0436344727 +0.0002340216 -0.0003881836 +0.0003872427 +0.0029992891 +0.0000300605 +0.0000270684 +0.0000006202 -0.4487640625 +0.0003518055 +0.2038645264 +0.0003172169 +0.2336686778 +0.1100152256 -0.0030073801
+4.9000000000 +0.0429229492 +0.0002286184 -0.0000997070 +0.0003799801 +0.0028877073 +0.0000288759 +0.0000250152 +0.0000006094 -0.4382062500 +0.0003441391 +0.1943933517 +0.0003037753 +0.2184521684 +0.1010196346 +0.0000554843
+5.0000000000 +0.0426154297 +0.0002266934 +0.0000601563 +0.0003770855 +0.0028438728 +0.0000279912 +0.0000237578 +0.0000005134 -0.4273597656 +0.0003448557 +0.1850148788 +0.0002971106 +0.2104930275 +0.0974237520 +0.0208151513
