# T, am1a, am1e, m1a, m1e, m2a, m2e, m4a, m4e, e1a, e1e, e2a, e2e, susc, spec, bind
+0.5000000000 +1.0000000000 +0.0000000000 +0.0031000000 +0.0070710338 +1.0000000000 +0.0000000000 +1.0000000000 +0.0000000000 -2.0000000000 +0.0000000000 +4.0000000000 +0.0000000000 +0.0000000000 +0.0000000000 +0.6666666667
+0.6000000000 +1.0000000000 +0.0000000000 +0.0032000000 +0.0070710316 +1.0000000000 +0.0000000000 +1.0000000000 +0.0000000000 -2.0000000000 +0.0000000000 +4.0000000000 +0.0000000000 +0.0000000000 +0.0000000000 +0.6666666667
+0.7000000000 +0.9999875000 +0.0000088384 +0.0031125000 +0.0070709507 +0.9999765625 +0.0000165720 +0.9999586182 +0.0000292599 -1.9999500000 +0.0000353536 +3.9998250000 +0.0001237375 +0.0000357107 +0.0008162449 +0.6666648357
+0.8000000000 +0.9999125000 +0.0000233772 +0.0031875000 +0.0070704518 +0.9998359375 +0.0000438322 +0.9997103271 +0.0000773912 -1.9996500000 +0.0000935087 +3.9987750000 +0.0003272804 +0.0002185969 +0.0043719375 +0.6666538541
+0.9000000000 +0.9996937500 +0.0000436964 +0.0035562500 +0.0070689926 +0.9994257813 +0.0000819307 +0.9989861450 +0.0001446589 -1.9987750000 +0.0001747855 +3.9957125000 +0.0006117492 +0.0006788882 +0.0120691235 +0.6666218643
+1.0000000000 +0.9993750000 +0.0000659960 +0.0032375000 +0.0070669195 +0.9988375000 +0.0001220184 +0.9979741211 +0.0002108989 -1.9975750000 +0.0002512836 +3.9915687500 +0.0008713879 +0.0013937500 +0.0202059100 +0.6665671789
+1.1000000000 +0.9984500000 +0.0001028737 +0.0032250000 +0.0070608203 +0.9971140625 +0.0001905028 +0.9949622803 +0.0003300904 -1.9939375000 +0.0003967128 +3.9789343750 +0.0013732764 +0.0030786909 +0.0416214360 +0.6664233219
+1.2000000000 +0.9970500000 +0.0001461566 +0.0016875000 +0.0070517129 +0.9945359375 +0.0002661715 +0.9905186768 +0.0004546933 -1.9886375000 +0.0005428061 +3.9605718750 +0.0018746759 +0.0056964667 +0.0654752066 +0.6661891473
+1.3000000000 +0.9949562500 +0.0002021793 +0.0013062500 +0.0070383015 +0.9907554687 +0.0003573397 +0.9841502319 +0.0005975713 -1.9810375000 +0.0007121639 +3.9346531250 +0.0024333408 +0.0100618995 +0.0960335962 +0.6657994287
+1.4000000000 +0.9915500000 +0.0002710371 +0.0018250000 +0.0070165422 +0.9846406250 +0.0004748575 +0.9740269531 +0.0007759865 -1.9688375000 +0.0009319207 +3.8936906250 +0.0031295161 +0.0167911143 +0.1417920293 +0.6651161379
+1.5000000000 +0.9858312500 +0.0003764574 +0.0027687500 +0.0069810099 +0.9746976563 +0.0006294292 +0.9579591431 +0.0009954659 -1.9495250000 +0.0012003078 +3.8294625000 +0.0039635877 +0.0302336296 +0.2049050622 +0.6638865524
+1.6000000000 +0.9790875000 +0.0004840509 +0.0038500000 +0.0069400418 +0.9632984375 +0.0007836554 +0.9402261963 +0.0011987322 -1.9277750000 +0.0014641943 +3.7591937500 +0.0047285466 +0.0468610484 +0.2679831211 +0.6622546482
+1.7000000000 +0.9692625000 +0.0005986529 +0.0041125000 +0.0068797550 +0.9466375000 +0.0009512302 +0.9142193359 +0.0014256102 -1.8959375000 +0.0017540898 +3.6561156250 +0.0055897925 +0.0674607632 +0.3406871756 +0.6599351546
+1.8000000000 +0.9558812500 +0.0007562119 +0.0037062500 +0.0068012218 +0.9251460938 +0.0011523447 +0.8824532593 +0.0016663945 -1.8566250000 +0.0020719841 +3.5329187500 +0.0064611442 +0.1016633747 +0.4240116512 +0.6563235150
+1.9000000000 +0.9378687500 +0.0009471962 +0.0034687500 +0.0066989901 +0.8975414063 +0.0013829706 +0.8438327271 +0.0019139548 -1.8060625000 +0.0024568539 +3.3825843750 +0.0073812212 +0.1511041181 +0.5350587084 +0.6508386820
+2.0000000000 +0.9184000000 +0.0011056856 +0.0054125000 +0.0065874125 +0.8679093750 +0.0015733749 +0.8027768555 +0.0021185497 -1.7536375000 +0.0027493967 +3.2264281250 +0.0080969324 +0.1956065200 +0.6047345744 +0.6447575724
+2.1000000000 +0.8947062500 +0.0012719622 +0.0082812500 +0.0064528616 +0.8328570312 +0.0017716891 +0.7564284790 +0.0023139756 -1.6902500000 +0.0030863505 +3.0474562500 +0.0088244972 +0.2465352949 +0.6911970522 +0.6364989217
+2.2000000000 +0.8648687500 +0.0014581883 +0.0039187500 +0.0062869264 +0.7905242188 +0.0019600043 +0.7017608765 +0.0024736424 -1.6154500000 +0.0033792292 +2.8380625000 +0.0093932876 +0.3092819202 +0.7549877603 +0.6256847351
+2.3000000000 +0.8347687500 +0.0016270330 +0.0045687500 +0.0061227556 +0.7497835938 +0.0021221671 +0.6522473022 +0.0025974708 -1.5463875000 +0.0036161189 +2.6528406250 +0.0098059375 +0.3683111497 +0.7910058974 +0.6132599311
+2.4000000000 +0.8001375000 +0.0017639885 +0.0009000000 +0.0059264336 +0.7024531250 +0.0022526079 +0.5949252441 +0.0026876432 -1.4632875000 +0.0038348668 +2.4353343750 +0.0101313507 +0.4148873740 +0.8170112982 +0.5981106987
+2.5000000000 +0.7647625000 +0.0018616719 +0.0035500000 +0.0057191150 +0.6541781250 +0.0023354034 +0.5370312012 +0.0027137905 -1.3786750000 +0.0039690143 +2.2158062500 +0.0102022016 +0.4436252390 +0.8065574256 +0.5817015758
+2.6000000000 +0.7314687500 +0.0019562743 +0.0050437500 +0.0055297436 +0.6115867188 +0.0023997956 +0.4892186890 +0.0027216307 -1.3020625000 +0.0041033073 +2.0321093750 +0.0102452181 +0.4710165325 +0.7970239553 +0.5640208771
+2.7000000000 +0.6944562500 +0.0020401063 +0.0070937500 +0.0053172353 +0.5655101563 +0.0024397529 +0.4388496216 +0.0026867381 -1.2217250000 +0.0041610577 +1.8389000000 +0.0101050283 +0.4932780627 +0.7600285857 +0.5425815737
+2.8000000000 +0.6606937500 +0.0020806420 +0.0069687500 +0.0051139471 +0.5230976563 +0.0024370558 +0.3924159790 +0.0026197062 -1.1469125000 +0.0041686019 +1.6629531250 +0.0098461118 +0.4947509998 +0.7092751885 +0.5219647963
+2.9000000000 +0.6291500000 +0.0021009852 +0.0082125000 +0.0049195785 +0.4841125000 +0.0024156677 +0.3510739258 +0.0025443750 -1.0777375000 +0.0041477253 +1.5055906250 +0.0095734297 +0.4870773931 +0.6545969200 +0.5006733704
+3.0000000000 +0.5976812500 +0.0021267981 +0.0092812500 +0.0047307618 +0.4476882812 +0.0023923984 +0.3148962036 +0.0024582680 -1.0139250000 +0.0041234836 +1.3681062500 +0.0092445332 +0.4824821581 +0.6045552789 +0.4762853565
+3.1000000000 +0.5757375000 +0.0021174840 +0.0094500000 +0.0045883501 +0.4211484375 +0.0023464592 +0.2874834229 +0.0023708210 -0.9646250000 +0.0040740711 +1.2624625000 +0.0089319721 +0.4628375153 +0.5526927940 +0.4597171715
+3.2000000000 +0.5524437500 +0.0021130043 +0.0079437500 +0.0044408712 +0.3944898438 +0.0022982550 +0.2612617554 +0.0022676224 -0.9126000000 +0.0040246816 +1.1568000000 +0.0085540186 +0.4464787342 +0.5061894375 +0.4403932653
+3.3000000000 +0.5277000000 +0.0021002964 +0.0048625000 +0.0042817552 +0.3666921875 +0.0022359091 +0.2344489502 +0.0021598907 -0.8608375000 +0.0039486908 +1.0528843750 +0.0081668176 +0.4277570788 +0.4581717886 +0.4188025192
+3.4000000000 +0.5088062500 +0.0020575863 +0.0058562500 +0.0041444103 +0.3435570312 +0.0021642156 +0.2117080200 +0.0020541572 -0.8170000000 +0.0038540871 +0.9645687500 +0.0077771993 +0.3984622645 +0.4111830450 +0.4021140150
+3.5000000000 +0.4904937500 +0.0020406545 +0.0071937500 +0.0040237904 +0.3238695313 +0.0021048980 +0.1935033813 +0.0019505357 -0.7802625000 +0.0037735912 +0.8936093750 +0.0073885957 +0.3807333141 +0.3719834202 +0.3850679650
+3.6000000000 +0.4748812500 +0.0020128434 +0.0057062500 +0.0039147823 +0.3065429687 +0.0020509650 +0.1780977417 +0.0018686811 -0.7418250000 +0.0037295822 +0.8285000000 +0.0070928560 +0.3601367429 +0.3434514437 +0.3682366328
+3.7000000000 +0.4561625000 +0.0019932522 +0.0027125000 +0.0037916880 +0.2875453125 +0.0019926469 +0.1620951416 +0.0017862631 -0.7082125000 +0.0036497050 +0.7679718750 +0.0067960447 +0.3436155074 +0.3113594505 +0.3465141939
+3.8000000000 +0.4395500000 +0.0019585013 +0.0009625000 +0.0036736754 +0.2699187500 +0.0019201456 +0.1465953125 +0.0016747670 -0.6704125000 +0.0035620409 +0.7032156250 +0.0063855844 +0.3230086211 +0.2811775123 +0.3292931824
+3.9000000000 +0.4281812500 +0.0019259418 +0.0046062500 +0.0035881959 +0.2575242187 +0.0018575663 +0.1353297729 +0.0015888196 -0.6440500000 +0.0034898932 +0.6583875000 +0.0060795609 +0.3043488652 +0.2562388928 +0.3198010741
+4.0000000000 +0.4180437500 +0.0019132092 +0.0017562500 +0.0035211141 +0.2479679687 +0.0018331643 +0.1286979370 +0.0015647487 -0.6238875000 +0.0034622880 +0.6289843750 +0.0059983638 +0.2928295673 +0.2397487623 +0.3023153602
+4.1000000000 +0.4109937500 +0.0018970443 +0.0013562500 +0.0034705156 +0.2408914062 +0.0018082123 +0.1234213013 +0.0015295513 -0.6127500000 +0.0034383404 +0.6119062500 +0.0058717047 +0.2808801706 +0.2250505057 +0.2910326217
+4.2000000000 +0.4008625000 +0.0018724550 +0.0011500000 +0.0033971398 +0.2308125000 +0.0017485199 +0.1144208496 +0.0014406410 -0.5842875000 +0.0033710995 +0.5686781250 +0.0055452996 +0.2671304994 +0.2061553219 +0.2840787333
+4.3000000000 +0.3918875000 +0.0018464383 +0.0058750000 +0.0033296245 +0.2217625000 +0.0017085722 +0.1075629883 +0.0013838752 -0.5681625000 +0.0033243007 +0.5438281250 +0.0053297825 +0.2537179064 +0.1912553801 +0.2709364489
+4.4000000000 +0.3812687500 +0.0018177370 +0.0046187500 +0.0032513681 +0.2114492188 +0.0016588476 +0.0997462769 +0.0013310165 -0.5438750000 +0.0032850037 +0.5116250000 +0.0051542724 +0.2403031237 +0.1783677557 +0.2563590969
+4.5000000000 +0.3729937500 +0.0017950218 +0.0047562500 +0.0031901707 +0.2035664062 +0.0016144079 +0.0935655396 +0.0012734573 -0.5251875000 +0.0032187922 +0.4830343750 +0.0049338528 +0.2291273554 +0.1637234290 +0.2473683939
+4.6000000000 +0.3637375000 +0.0017698168 +0.0016000000 +0.0031220782 +0.1949500000 +0.0015751878 +0.0876298340 +0.0012349937 -0.5041000000 +0.0031887160 +0.4574750000 +0.0048031861 +0.2178957603 +0.1537680076 +0.2314285369
+4.7000000000 +0.3599125000 +0.0017538866 -0.0014250000 +0.0030907713 +0.1910593750 +0.0015479735 +0.0844281250 +0.0011934517 -0.4959500000 +0.0031529438 +0.4447875000 +0.0046446795 +0.2094378463 +0.1440080380 +0.2290447250
+4.8000000000 +0.3571250000 +0.0017279529 +0.0030750000 +0.0030597813 +0.1872546875 +0.0015066635 +0.0804650146 +0.0011363049 -0.4841125000 +0.0030990984 +0.4264531250 +0.0044300754 +0.1990547396 +0.1333945919 +0.2350722020
+4.9000000000 +0.3479125000 +0.0017214504 +0.0021125000 +0.0030025529 +0.1803109375 +0.0014889027 +0.0768486572 +0.0011212605 -0.4682625000 +0.0031017302 +0.4116843750 +0.0043857778 +0.1935276077 +0.1282229778 +0.2121003893
+5.0000000000 +0.3428875000 +0.0016939005 +0.0030625000 +0.0029576040 +0.1749578125 +0.0014580996 +0.0731313232 +0.0010856091 -0.4560625000 +0.0030706076 +0.3965656250 +0.0042529813 +0.1836351195 +0.1206864775 +0.2036288899
