# T, am1a, am1e, m1a, m1e, m2a, m2e, m4a, m4e, e1a, e1e, e2a, e2e, susc, spec, bind
+0.5000000000 +1.0000000000 +0.0000000000 +0.0249000000 +0.0070688754 +1.0000000000 +0.0000000000 +1.0000000000 +0.0000000000 -2.0000000000 +0.0000000000 +4.0000000000 +0.0000000000 +0.0000000000 +0.0000000000 +0.6666666667
+0.6000000000 +1.0000000000 +0.0000000000 +0.0249000000 +0.0070688754 +1.0000000000 +0.0000000000 +1.0000000000 +0.0000000000 -2.0000000000 +0.0000000000 +4.0000000000 +0.0000000000 +0.0000000000 +0.0000000000 +0.6666666667
+0.7000000000 +0.9999625000 +0.0000153070 +0.0247000000 +0.0070686618 +0.9999296875 +0.0000287007 +0.9998758545 +0.0000506746 -1.9998500000 +0.0000612281 +3.9994750000 +0.0002142982 +0.0001071107 +0.0024482449 +0.6666611744
+0.8000000000 +0.9999125000 +0.0000249923 +0.0247875000 +0.0070683205 +0.9998375000 +0.0000460993 +0.9997175293 +0.0000793828 -1.9996625000 +0.0000943428 +3.9988281250 +0.0003265882 +0.0002498469 +0.0044502773 +0.6666524944
+0.9000000000 +0.9997625000 +0.0000414238 +0.0241375000 +0.0070674492 +0.9995593750 +0.0000762914 +0.9992353516 +0.0001310541 -1.9990875000 +0.0001554899 +3.9968343750 +0.0005376425 +0.0006101083 +0.0095514537 +0.6666278300
+1.0000000000 +0.9992625000 +0.0000688363 +0.0228875000 +0.0070643346 +0.9986203125 +0.0001285199 +0.9975728760 +0.0002254927 -1.9970750000 +0.0002713572 +3.9897812500 +0.0009472584 +0.0015162975 +0.0235631100 +0.6665562464
+1.1000000000 +0.9985000000 +0.0001009950 +0.0229125000 +0.0070593246 +0.9972062500 +0.0001868684 +0.9951187012 +0.0003238443 -1.9941375000 +0.0003877020 +3.9795906250 +0.0013461327 +0.0029672727 +0.0397521467 +0.6664325617
+1.2000000000 +0.9970125000 +0.0001508538 +0.0226000000 +0.0070497457 +0.9944890625 +0.0002711400 +0.9904788330 +0.0004586358 -1.9886000000 +0.0005466393 +3.9605062500 +0.0018825059 +0.0060684979 +0.0664032222 +0.6661711072
+1.3000000000 +0.9948875000 +0.0001982880 +0.0217750000 +0.0070360264 +0.9905875000 +0.0003583326 +0.9838316406 +0.0006026904 -1.9806625000 +0.0007186510 +3.9333531250 +0.0024544502 +0.0096783058 +0.0977911109 +0.6657943066
+1.4000000000 +0.9916000000 +0.0002685088 +0.0215500000 +0.0070151554 +0.9847125000 +0.0004662450 +0.9740063965 +0.0007677089 -1.9687625000 +0.0009243875 +3.8931156250 +0.0031167778 +0.0164793143 +0.1395089273 +0.6651720897
+1.5000000000 +0.9862312500 +0.0003726143 +0.0176812500 +0.0069825364 +0.9754289063 +0.0006196306 +0.9591403931 +0.0009797586 -1.9509250000 +0.0011797329 +3.8339437500 +0.0039075044 +0.0296194962 +0.1979405822 +0.6639764750
+1.6000000000 +0.9789562500 +0.0004916556 +0.0174812500 +0.0069386031 +0.9631898438 +0.0007887493 +0.9401771851 +0.0012046726 -1.9279500000 +0.0014624901 +3.7597687500 +0.0047360212 +0.0483450434 +0.2673596719 +0.6621960961
+1.7000000000 +0.9693375000 +0.0006149999 +0.0183000000 +0.0068805697 +0.9471796875 +0.0009624450 +0.9156753662 +0.0014298026 -1.8976000000 +0.0017611501 +3.6629187500 +0.0055871996 +0.0711952809 +0.3434352388 +0.6597833811
+1.8000000000 +0.9566500000 +0.0007628738 +0.0217250000 +0.0068056843 +0.9268187500 +0.0011541466 +0.8856340820 +0.0016608304 -1.8602375000 +0.0020705623 +3.5462281250 +0.0064333780 +0.1034624667 +0.4234299684 +0.6563285588
+1.9000000000 +0.9402000000 +0.0009248452 +0.0190875000 +0.0067108810 +0.9010828125 +0.0013543628 +0.8486362061 +0.0018836862 -1.8126750000 +0.0024040652 +3.4013812500 +0.0072656557 +0.1440570316 +0.5123128837 +0.6516058212
+2.0000000000 +0.9177687500 +0.0011220738 +0.0201437500 +0.0065843553 +0.8674804687 +0.0015852552 +0.8027830444 +0.0021276987 -1.7523250000 +0.0027824862 +3.2254875000 +0.0081523791 +0.2014479222 +0.6193783775 +0.6444034609
+2.1000000000 +0.8935500000 +0.0012877965 +0.0179000000 +0.0064470132 +0.8316000000 +0.0017778611 +0.7547743652 +0.0023144378 -1.6890000000 +0.0030793486 +3.0423687500 +0.0088057482 +0.2527116000 +0.6880643991 +0.6361964559
+2.2000000000 +0.8651625000 +0.0014566942 +0.0159500000 +0.0062876502 +0.7909453125 +0.0019605810 +0.7024720459 +0.0024774846 -1.6189000000 +0.0033465022 +2.8448187500 +0.0093672417 +0.3086484443 +0.7404348430 +0.6257042647
+2.3000000000 +0.8318437500 +0.0016285904 +0.0142687500 +0.0061024854 +0.7450101562 +0.0021279749 +0.6456056763 +0.0026043833 -1.5373375000 +0.0036318231 +2.6272093750 +0.0098348343 +0.3690165693 +0.7978912245 +0.6122768799
+2.4000000000 +0.7991562500 +0.0017735479 +0.0148937500 +0.0059217326 +0.7015601563 +0.0022536248 +0.5937631470 +0.0026784175 -1.4610250000 +0.0038452467 +2.4303125000 +0.0100997213 +0.4193962956 +0.8214401372 +0.5978740020
+2.5000000000 +0.7628437500 +0.0018829399 +0.0088187500 +0.0057129768 +0.6528398438 +0.0023510431 +0.5367479370 +0.0027239881 -1.3771875000 +0.0039920325 +2.2153718750 +0.0102417572 +0.4538192438 +0.8159397500 +0.5802063888
+2.6000000000 +0.7291937500 +0.0019698399 +0.0055687500 +0.0055195013 +0.6093289063 +0.0024072820 +0.4871818481 +0.0027267657 -1.3000750000 +0.0040983914 +2.0261312500 +0.0102559862 +0.4775715767 +0.7951153713 +0.5626125867
+2.7000000000 +0.6961375000 +0.0020170223 +0.0028750000 +0.0053196181 +0.5659750000 +0.0024256144 +0.4379998047 +0.0026813287 -1.2244000000 +0.0041291700 +1.8401562500 +0.0100653673 +0.4821782583 +0.7484244499 +0.5442169547
+2.8000000000 +0.6614125000 +0.0020736336 +0.0052250000 +0.0051158495 +0.5234656250 +0.0024335073 +0.3924554199 +0.0026237042 -1.1479750000 +0.0041680910 +1.6653062500 +0.0098604204 +0.4914235991 +0.7091013253 +0.5225886484
+2.9000000000 +0.6318062500 +0.0020914792 +0.0103312500 +0.0049323327 +0.4866648438 +0.0024029111 +0.3523223022 +0.0025283749 -1.0822000000 +0.0041193486 +1.5105375000 +0.0095008467 +0.4826797584 +0.6456706968 +0.5041401647
+3.0000000000 +0.6040812500 +0.0021037251 +0.0084062500 +0.0047610749 +0.4534273437 +0.0023698945 +0.3179243530 +0.0024365134 -1.0202375000 +0.0040955758 +1.3763593750 +0.0091642209 +0.4720703315 +0.5963996775 +0.4845493064
+3.1000000000 +0.5721437500 +0.0021115286 +0.0080187500 +0.0045631964 +0.4165195313 +0.0023332820 +0.2823726196 +0.0023425689 -0.9542375000 +0.0040629972 +1.2407281250 +0.0088259786 +0.4602377321 +0.5496922682 +0.4574614701
+3.2000000000 +0.5480500000 +0.0020977363 +0.0091125000 +0.0044061645 +0.3883687500 +0.0022790313 +0.2547099609 +0.0022437795 -0.9032875000 +0.0039859115 +1.1336781250 +0.0084591824 +0.4400497375 +0.4964840896 +0.4370936860
+3.3000000000 +0.5260875000 +0.0020931145 +0.0065000000 +0.0042681868 +0.3643906250 +0.0022297180 +0.2322133789 +0.0021518688 -0.8550375000 +0.0039491391 +1.0430031250 +0.0081350711 +0.4248366902 +0.4582758473 +0.4170496153
+3.4000000000 +0.5033437500 +0.0020654968 +0.0068562500 +0.0041148114 +0.3386804688 +0.0021613557 +0.2081336304 +0.0020420169 -0.8096625000 +0.0038513375 +0.9522093750 +0.0077346984 +0.4015319439 +0.4105965551 +0.3951597275
+3.5000000000 +0.4838125000 +0.0020481374 +0.0012375000 +0.0039872945 +0.3179718750 +0.0021092539 +0.1900851562 +0.0019626672 -0.7682625000 +0.0038039099 +0.8796218750 +0.0074508609 +0.3835306964 +0.3779847916 +0.3733146623
+3.6000000000 +0.4704687500 +0.0020073957 -0.0019437500 +0.0038854203 +0.3019335938 +0.0020334112 +0.1738591187 +0.0018440810 -0.7359000000 +0.0036870207 +0.8134312500 +0.0069999537 +0.3581899957 +0.3356573333 +0.3642983384
+3.7000000000 +0.4577875000 +0.0019981942 -0.0029250000 +0.0038040534 +0.2894250000 +0.0020017524 +0.1639070801 +0.0017918434 -0.7092375000 +0.0036648946 +0.7716468750 +0.0068223408 +0.3453215345 +0.3139565155 +0.3477645871
+3.8000000000 +0.4442500000 +0.0019598677 +0.0004500000 +0.0037025632 +0.2741796875 +0.0019326348 +0.1498760498 +0.0016981142 -0.6811375000 +0.0035687346 +0.7186656250 +0.0064713174 +0.3234594737 +0.2822352699 +0.3354304641
+3.9000000000 +0.4308750000 +0.0019354205 +0.0001625000 +0.0036095033 +0.2605703125 +0.0018834978 +0.1388481689 +0.0016365800 -0.6517750000 +0.0035267414 +0.6735687500 +0.0062573272 +0.3073519872 +0.2616784740 +0.3183380784
+4.0000000000 +0.4167312500 +0.0018986826 -0.0018187500 +0.0035054353 +0.2457648437 +0.0018126040 +0.1261110229 +0.0015315892 -0.6205625000 +0.0034383794 +0.6215468750 +0.0058689247 +0.2883996361 +0.2364490586 +0.3040271822
+4.1000000000 +0.4082437500 +0.0018808701 -0.0051312500 +0.0034452146 +0.2374164062 +0.0017803365 +0.1197585083 +0.0014939109 -0.5995375000 +0.0034068986 +0.5915843750 +0.0057338036 +0.2761110120 +0.2209533954 +0.2917873668
+4.2000000000 +0.3992562500 +0.0018691564 -0.0010312500 +0.0033858485 +0.2292804687 +0.0017423842 +0.1132875854 +0.0014361906 -0.5852125000 +0.0033523645 +0.5672406250 +0.0055243318 +0.2661901546 +0.2038702538 +0.2816651380
+4.3000000000 +0.3885437500 +0.0018472341 +0.0006562500 +0.0033106743 +0.2192117188 +0.0017067102 +0.1063109741 +0.0013967111 -0.5601125000 +0.0033392242 +0.5367343750 +0.0053934006 +0.2539366440 +0.1929764087 +0.2625555551
+4.4000000000 +0.3810437500 +0.0018134076 +0.0004312500 +0.0032477923 +0.2109632812 +0.0016589457 +0.0995475220 +0.0013375310 -0.5425000000 +0.0032788622 +0.5093250000 +0.0051722883 +0.2391597885 +0.1777014463 +0.2544179298
+4.5000000000 +0.3717312500 +0.0017881918 -0.0013312500 +0.0031791111 +0.2021367187 +0.0016055349 +0.0924140991 +0.0012595840 -0.5256250000 +0.0031989225 +0.4809437500 +0.0048764929 +0.2273870099 +0.1617083333 +0.2460777573
+4.6000000000 +0.3665000000 +0.0017689324 -0.0005125000 +0.0031377096 +0.1969046875 +0.0015691212 +0.0880142822 +0.0012057497 -0.5104625000 +0.0031626228 +0.4606156250 +0.0046762941 +0.2176780435 +0.1512617475 +0.2433068775
+4.7000000000 +0.3578125000 +0.0017488822 -0.0020375000 +0.0030756903 +0.1892015625 +0.0015351825 +0.0829329346 +0.0011760280 -0.4912500000 +0.0031286853 +0.4371000000 +0.0045737780 +0.2082443484 +0.1418005885 +0.2277528022
+4.8000000000 +0.3548187500 +0.0017327462 -0.0022937500 +0.0030490922 +0.1859445312 +0.0015158454 +0.0805311157 +0.0011538577 -0.4852625000 +0.0031086949 +0.4287593750 +0.0044904519 +0.2001606197 +0.1342220008 +0.2236176721
+4.9000000000 +0.3494062500 +0.0017340405 -0.0024187500 +0.0030184169 +0.1822226563 +0.0015054076 +0.0785301392 +0.0011402331 -0.4734875000 +0.0031134805 +0.4180656250 +0.0044413377 +0.1963687468 +0.1291963098 +0.2116658028
+5.0000000000 +0.3416500000 +0.0016983719 +0.0020250000 +0.0029530489 +0.1744140625 +0.0014582951 +0.0729527588 +0.0010903539 -0.4519375000 +0.0030743851 +0.3932843750 +0.0042827362 +0.1846058880 +0.1209835975 +0.2006122858
