# T, am1a, am1e, m1a, m1e, m2a, m2e, m4a, m4e, e1a, e1e, e2a, e2e, susc, susce, spec, spece, bind, binde
+0.5000000000 +0.9999998437 +0.0000000315 -0.0289600391 +0.0570778299 +0.9999996878 +0.0000000629 +0.9999993768 +0.0000001256 -1.9999993750 +0.0000001260 +3.9999975049 +0.0000005029 +0.0000006249 +0.0000001260 +0.0000199978 +0.0000040305 +0.6666666663 +0.0000000001
+0.6000000000 +0.9999972168 +0.0000001791 -0.0291996582 +0.0570585382 +0.9999944391 +0.0000003579 +0.9999889000 +0.0000007144 -1.9999888867 +0.0000007098 +3.9999556339 +0.0000028338 +0.0000093287 +0.0000006211 +0.0002472472 +0.0000159568 +0.6666666594 +0.0000000005
+0.7000000000 +0.9999789941 +0.0000003443 -0.0291191699 +0.0571069700 +0.9999580304 +0.0000006878 +0.9999162290 +0.0000013727 -1.9999163281 +0.0000013541 +3.9996659770 +0.0000054051 +0.0000609878 +0.0000010992 +0.0013740428 +0.0000232919 +0.6666666112 +0.0000000010
+0.8000000000 +0.9999061426 +0.0000009594 -0.0292984668 +0.0576176378 +0.9998124814 +0.0000019166 +0.9996257461 +0.0000038246 -1.9996269141 +0.0000038490 +3.9985107303 +0.0000153616 +0.0002399087 +0.0000027187 +0.0046955110 +0.0000526172 +0.6666664172 +0.0000000028
+0.9000000000 +0.9997105078 +0.0000014861 -0.0294129102 +0.0575587813 +0.9994216940 +0.0000029669 +0.9988460941 +0.0000059124 -1.9988565625 +0.0000055298 +3.9954366452 +0.0000220482 +0.0006764542 +0.0000054655 +0.0114883287 +0.0000803733 +0.6666658752 +0.0000000064
+1.0000000000 +0.9992727148 +0.0000028208 -0.0273044531 +0.0578131886 +0.9985474930 +0.0000056326 +0.9971032104 +0.0000112298 -1.9971476172 +0.0000111969 +3.9886214804 +0.0000446511 +0.0015711317 +0.0000071693 +0.0234232999 +0.0000992161 +0.6666646226 +0.0000000093
+1.1000000000 +0.9984479492 +0.0000038629 -0.0272508203 +0.0578906157 +0.9969017181 +0.0000077048 +0.9938266025 +0.0000153261 -1.9939778320 +0.0000141949 +3.9759964559 +0.0000565044 +0.0031750080 +0.0000120071 +0.0413486718 +0.0001345258 +0.6666621164 +0.0000000172
+1.2000000000 +0.9970200586 +0.0000070703 -0.0259817383 +0.0567003456 +0.9940558828 +0.0000140771 +0.9881744007 +0.0000279029 -1.9885729883 +0.0000240954 +3.9545169503 +0.0000956137 +0.0058752830 +0.0000316276 +0.0671393951 +0.0003308075 +0.6666574573 +0.0000000494
+1.3000000000 +0.9947758105 +0.0000109246 -0.0267734863 +0.0556837860 +0.9895917547 +0.0000217092 +0.9793425098 +0.0000428656 -1.9802755859 +0.0000411857 +3.9216571072 +0.0001627484 +0.0101141747 +0.0000377560 +0.1003968476 +0.0003357208 +0.6666494215 +0.0000000642
+1.4000000000 +0.9913840430 +0.0000164737 -0.0311491602 +0.0562517967 +0.9828653567 +0.0000326198 +0.9661145269 +0.0000639557 -1.9680661914 +0.0000580181 +3.8735609400 +0.0002281426 +0.0168472470 +0.0000545379 +0.1443905831 +0.0004699060 +0.6666355401 +0.0000001009
+1.5000000000 +0.9864617090 +0.0000193425 -0.0331599121 +0.0572631329 +0.9731465283 +0.0000380806 +0.9471684634 +0.0000738096 -1.9510020508 +0.0000602922 +3.8068428220 +0.0002348836 +0.0271846780 +0.0001010751 +0.1974197055 +0.0004505236 +0.6666123614 +0.0000002018
+1.6000000000 +0.9796381445 +0.0000207597 -0.0321847656 +0.0571595511 +0.9597581249 +0.0000405968 +0.9213922108 +0.0000776413 -1.9282966406 +0.0000612680 +3.7189819345 +0.0002357468 +0.0430248918 +0.0000925958 +0.2615850904 +0.0005880964 +0.6665738334 +0.0000002013
+1.7000000000 +0.9700283691 +0.0000344034 -0.0239078809 +0.0579849505 +0.9410705841 +0.0000666107 +0.8860452291 +0.0001249428 -1.8980484180 +0.0000936053 +3.6035555111 +0.0003562175 +0.0695930591 +0.0003003301 +0.3428545178 +0.0010082194 +0.6665043156 +0.0000006716
+1.8000000000 +0.9567628320 +0.0000569496 -0.0231884375 +0.0604410891 +0.9155957424 +0.0001085870 +0.8390417152 +0.0001975771 -1.8590541016 +0.0001402606 +3.4574725560 +0.0005221690 +0.1141152583 +0.0004789475 +0.4393739798 +0.0015922964 +0.6663779778 +0.0000012149
+1.9000000000 +0.9382015625 +0.0001300556 -0.0293041602 +0.0593272813 +0.8805910556 +0.0002410069 +0.7767155784 +0.0004148231 -1.8093013086 +0.0002519593 +3.2755508071 +0.0009092800 +0.1987177326 +0.0019650943 +0.5613411988 +0.0017552279 +0.6661188289 +0.0000053036
+2.0000000000 +0.9112873828 +0.0001610941 -0.0319117188 +0.0566942952 +0.8311989351 +0.0002880462 +0.6933078711 +0.0004634508 -1.7454949023 +0.0002599187 +3.0495848981 +0.0009074965 +0.3860385490 +0.0035719055 +0.7249327263 +0.0034119910 +0.6655012698 +0.0000103750
+2.1000000000 +0.8685336035 +0.0005131628 -0.0283320020 +0.0542228517 +0.7563955207 +0.0008494656 +0.5777033746 +0.0011903912 -1.6620857617 +0.0005393935 +2.7667308782 +0.0017782339 +0.9958482550 +0.0238806646 +0.9749802279 +0.0059532611 +0.6634248179 +0.0000687695
+2.2000000000 +0.7855816504 +0.0012545655 -0.0248976855 +0.0455885345 +0.6262229463 +0.0016254731 +0.4086921773 +0.0016296426 -1.5469514844 +0.0007258630 +2.3996505742 +0.0021953723 +4.2210571922 +0.1739286582 +1.3934884829 +0.0129790229 +0.6526113221 +0.0004640908
+2.3000000000 +0.5621993652 +0.0040916258 +0.0089629980 +0.0195190087 +0.3598715359 +0.0036953900 +0.1695560369 +0.0022885811 -1.3736741992 +0.0014903061 +1.8968515151 +0.0040342677 +19.4275041460 +0.4729529496 +1.9064013962 +0.0155513366 +0.5634078163 +0.0031760565
+2.4000000000 +0.3146812402 +0.0020059993 +0.0006667871 +0.0044340196 +0.1365249394 +0.0015057458 +0.0372961535 +0.0007097588 -1.2128014844 +0.0007358603 +1.4780735214 +0.0018255566 +15.9831108763 +0.2166515934 +1.2765628475 +0.0111830615 +0.3332169988 +0.0051778412
+2.5000000000 +0.2009261426 +0.0012479352 -0.0009520801 +0.0027044267 +0.0604506500 +0.0006653724 +0.0092118583 +0.0001754342 -1.1072340039 +0.0004299310 +1.2313810845 +0.0009634262 +8.2181168219 +0.0910308823 +0.8867179242 +0.0050616472 +0.1599737172 +0.0067052978
+2.6000000000 +0.1513045117 +0.0007844129 -0.0008232227 +0.0015081707 +0.0350967104 +0.0003263627 +0.0033759092 +0.0000495938 -1.0284434766 +0.0001974766 +1.0623994374 +0.0004233265 +4.8039392861 +0.0403208082 +0.7124166369 +0.0040149373 +0.0864539295 +0.0058024924
+2.7000000000 +0.1239967676 +0.0004354908 -0.0003997559 +0.0010259034 +0.0237843285 +0.0001604381 +0.0016036390 +0.0000214309 -0.9637432617 +0.0001563176 +0.9330595731 +0.0003076494 +3.1885211972 +0.0232838153 +0.5981416156 +0.0023851907 +0.0553497754 +0.0048675191
+2.8000000000 +0.1062879102 +0.0002425750 +0.0007058008 +0.0006228932 +0.0175782624 +0.0000575840 +0.0008883312 +0.0000053617 -0.9084919141 +0.0001881833 +0.8293016490 +0.0003446254 +2.2968883828 +0.0104229990 +0.5151003391 +0.0014392255 +0.0416403753 +0.0049896041
+2.9000000000 +0.0944946191 +0.0001933422 +0.0008097168 +0.0005226087 +0.0139173491 +0.0000467381 +0.0005639826 +0.0000039674 -0.8603386523 +0.0002306896 +0.7439066265 +0.0004059459 +1.7611889880 +0.0057826443 +0.4533723615 +0.0013304445 +0.0294438636 +0.0044769441
+3.0000000000 +0.0852380078 +0.0001350671 +0.0005814258 +0.0005190510 +0.0113571937 +0.0000346918 +0.0003778036 +0.0000024694 -0.8174073047 +0.0001857876 +0.6716824954 +0.0002992900 +1.3965630371 +0.0048218093 +0.4013452510 +0.0011897096 +0.0237115695 +0.0035124575
+3.1000000000 +0.0784064453 +0.0001575360 +0.0002269922 +0.0004156068 +0.0096026868 +0.0000341735 +0.0002706525 +0.0000016528 -0.7794081250 +0.0001192637 +0.6108631165 +0.0001821197 +1.1412208888 +0.0039936518 +0.3607920577 +0.0010220601 +0.0216054948 +0.0039411778
+3.2000000000 +0.0730453613 +0.0001457407 -0.0000567480 +0.0004104341 +0.0083628620 +0.0000285220 +0.0002076226 +0.0000012831 -0.7451182422 +0.0001237589 +0.5584438025 +0.0001849006 +0.9686479176 +0.0033258540 +0.3242454487 +0.0010123323 +0.0103780366 +0.0051344206
+3.3000000000 +0.0685466309 +0.0000803736 +0.0000011816 +0.0003298018 +0.0073706907 +0.0000148410 +0.0001618120 +0.0000008687 -0.7142505078 +0.0001265731 +0.5132879895 +0.0001812763 +0.8291251879 +0.0026998177 +0.2946977390 +0.0006792018 +0.0072226443 +0.0032420223
+3.4000000000 +0.0649591211 +0.0001323730 +0.0000920117 +0.0003321900 +0.0066218226 +0.0000250879 +0.0001306070 +0.0000010210 -0.6860803516 +0.0001308908 +0.4737514622 +0.0001762557 +0.7234138192 +0.0028660080 +0.2697338354 +0.0008448664 +0.0072541336 +0.0029697533
+3.5000000000 +0.0618394043 +0.0001166237 +0.0001890918 +0.0003052644 +0.0060041238 +0.0000263998 +0.0001077058 +0.0000011533 -0.6603794727 +0.0001218441 +0.4390763900 +0.0001554909 +0.6377693911 +0.0039569671 +0.2487019005 +0.0006583681 +0.0044296633 +0.0030897468
+3.6000000000 +0.0590423926 +0.0000782637 +0.0000288184 +0.0002480846 +0.0054617793 +0.0000177462 +0.0000886543 +0.0000007445 -0.6363485547 +0.0001111262 +0.4078338493 +0.0001415955 +0.5619808526 +0.0025372765 +0.2286809119 +0.0005264010 +0.0095698329 +0.0031143563
+3.7000000000 +0.0567159668 +0.0000880397 +0.0000719824 +0.0002897520 +0.0050523220 +0.0000152503 +0.0000761321 +0.0000004695 -0.6140537500 +0.0001056352 +0.3798883948 +0.0001320124 +0.5079991008 +0.0015658318 +0.2114029149 +0.0004119930 +0.0059040987 +0.0017608191
+3.8000000000 +0.0546796680 +0.0000978806 -0.0001058984 +0.0002329211 +0.0046949738 +0.0000152548 +0.0000657814 +0.0000003959 -0.5939476953 +0.0001517000 +0.3555511369 +0.0001798906 +0.4594558480 +0.0015373122 +0.1969315128 +0.0005598178 +0.0052880037 +0.0025777456
+3.9000000000 +0.0529896973 +0.0000941409 -0.0000557910 +0.0001596368 +0.0044099501 +0.0000140078 +0.0000582021 +0.0000003446 -0.5746836914 +0.0000934038 +0.3329865900 +0.0001120783 +0.4206154782 +0.0015007042 +0.1834688635 +0.0005736073 +0.0024040110 +0.0041828708
+4.0000000000 +0.0515376953 +0.0000985015 -0.0001167773 +0.0001431916 +0.0041669474 +0.0000150227 +0.0000518586 +0.0000003285 -0.5571428320 +0.0001438908 +0.3130788369 +0.0001632653 +0.3867433829 +0.0014940047 +0.1709116524 +0.0004623627 +0.0045022655 +0.0018173012
+4.1000000000 +0.0502588477 +0.0000894829 -0.0000876562 +0.0001335823 +0.0039593015 +0.0000106041 +0.0000468479 +0.0000002722 -0.5408317773 +0.0000756093 +0.2951533541 +0.0000840041 +0.3579678348 +0.0011483772 +0.1616887812 +0.0004948945 +0.0038587059 +0.0037665393
+4.2000000000 +0.0489631934 +0.0000954157 -0.0000392871 +0.0001232431 +0.0037665579 +0.0000139168 +0.0000424915 +0.0000003061 -0.5249231445 +0.0000975533 +0.2781459077 +0.0001040492 +0.3337929284 +0.0013391623 +0.1510170609 +0.0003390971 +0.0017048497 +0.0032146431
+4.3000000000 +0.0478763672 +0.0000550448 -0.0000237500 +0.0000809510 +0.0035882066 +0.0000055053 +0.0000382812 +0.0000001737 -0.5106286328 +0.0001334514 +0.2633017778 +0.0001373689 +0.3086359156 +0.0007633854 +0.1417760432 +0.0002492309 +0.0089250981 +0.0038333369
+4.4000000000 +0.0467917285 +0.0000601573 -0.0001512598 +0.0000959174 +0.0034290146 +0.0000096688 +0.0000349510 +0.0000002598 -0.4967188672 +0.0000705115 +0.2492452051 +0.0000698562 +0.2884683865 +0.0011433500 +0.1330524213 +0.0003451668 +0.0093047452 +0.0033251162
+4.5000000000 +0.0458124512 +0.0000729745 -0.0002365723 +0.0000723182 +0.0032944672 +0.0000104160 +0.0000323752 +0.0000002248 -0.4836753125 +0.0001125288 +0.2364308414 +0.0001084735 +0.2720729965 +0.0009534503 +0.1258587943 +0.0003212619 +0.0057858129 +0.0031036588
+4.6000000000 +0.0450328223 +0.0000654370 -0.0001041699 +0.0001336049 +0.0031804516 +0.0000108205 +0.0000301503 +0.0000002592 -0.4715317773 +0.0001031943 +0.2248212894 +0.0000984337 +0.2565462153 +0.0012052443 +0.1199650799 +0.0002871040 +0.0066423973 +0.0030252464
+4.7000000000 +0.0442978711 +0.0000755369 -0.0000884961 +0.0001323921 +0.0030884326 +0.0000103225 +0.0000287160 +0.0000002211 -0.4598015625 +0.0000838584 +0.2138644370 +0.0000750173 +0.2453404161 +0.0012325282 +0.1134275738 +0.0003008765 -0.0033961295 +0.0034324475
+4.8000000000 +0.0433754297 +0.0000766730 -0.0000510352 +0.0001222218 +0.0029552523 +0.0000098168 +0.0000260902 +0.0000002017 -0.4484786328 +0.0001277957 +0.2035715387 +0.0001176326 +0.2290700062 +0.0008956986 +0.1083685018 +0.0003375549 +0.0043181714 +0.0040308581
+4.9000000000 +0.0427434082 +0.0000591201 -0.0000292285 +0.0000936327 +0.0028695815 +0.0000074087 +0.0000246221 +0.0000001542 -0.4381659766 +0.0000608032 +0.1943896545 +0.0000533100 +0.2178711744 +0.0006075527 +0.1023656486 +0.0003211837 +0.0033952351 +0.0024542165
+5.0000000000 +0.0421802637 +0.0000800463 -0.0000442285 +0.0000802772 +0.0027920877 +0.0000084840 +0.0000232272 +0.0000001216 -0.4283905469 +0.0001222747 +0.1859044397 +0.0001065773 +0.2074314693 +0.0006982140 +0.0977235777 +0.0001916907 +0.0068090843 +0.0039897044
