# T, am1a, am1e, m1a, m1e, m2a, m2e, m4a, m4e, e1a, e1e, e2a, e2e, susc, spec, bind
+0.5000000000 +1.0000000000 +0.0000000000 -0.0191000000 +0.0070697779 +1.0000000000 +0.0000000000 +1.0000000000 +0.0000000000 -2.0000000000 +0.0000000000 +4.0000000000 +0.0000000000 +0.0000000000 +0.0000000000 +0.6666666667
+0.6000000000 +0.9999980469 +0.0000010334 -0.0191996094 +0.0070697507 +0.9999961151 +0.0000020541 +0.9999923146 +0.0000040582 -1.9999921875 +0.0000041336 +3.9999690918 +0.0000163316 +0.0000091130 +0.0002430122 +0.6666666385
+0.7000000000 +0.9999765625 +0.0000030212 -0.0187023437 +0.0070696659 +0.9999533081 +0.0000060188 +0.9999073429 +0.0000119440 -1.9999062500 +0.0000120849 +3.9996279297 +0.0000479620 +0.0000667634 +0.0015260204 +0.6666664251
+0.8000000000 +0.9999097656 +0.0000061308 -0.0194035156 +0.0070691011 +0.9998202911 +0.0000122057 +0.9996435941 +0.0000241900 -1.9996453125 +0.0000237440 +3.9985926514 +0.0000941998 +0.0002405585 +0.0045102256 +0.6666656731
+0.9000000000 +0.9997011719 +0.0000110605 -0.0166238281 +0.0070679860 +0.9994048798 +0.0000220201 +0.9988198114 +0.0000436407 -1.9988171875 +0.0000434518 +3.9953079102 +0.0001723012 +0.0006959538 +0.0119343758 +0.6666634302
+1.0000000000 +0.9992433594 +0.0000180256 -0.0142175781 +0.0070650253 +0.9984937897 +0.0000358562 +0.9970155614 +0.0000709443 -1.9970328125 +0.0000696793 +3.9882371582 +0.0002759726 +0.0016635950 +0.0248586244 +0.6666580697
+1.1000000000 +0.9984480469 +0.0000260397 -0.0095996094 +0.0070598155 +0.9969120636 +0.0000517410 +0.9938872052 +0.0001021547 -1.9939734375 +0.0000986503 +3.9761247070 +0.0003901661 +0.0031560821 +0.0411795201 +0.6666487084
+1.2000000000 +0.9970675781 +0.0000369203 -0.0100589844 +0.0070500703 +0.9941710175 +0.0000732203 +0.9884832361 +0.0001440220 -1.9887625000 +0.0001369418 +3.9555513428 +0.0005399874 +0.0058159164 +0.0666775764 +0.6666305049
+1.3000000000 +0.9947406250 +0.0000503831 -0.0090867188 +0.0070337654 +0.9895596802 +0.0000996296 +0.9794268819 +0.0001948617 -1.9801195312 +0.0001817905 +3.9215343140 +0.0007137344 +0.0099976173 +0.1001211345 +0.6665990892
+1.4000000000 +0.9913289063 +0.0000675843 -0.0064906250 +0.0070099295 +0.9828243530 +0.0001330311 +0.9662976542 +0.0002578888 -1.9678687500 +0.0002347944 +3.8736099854 +0.0009158042 +0.0167044865 +0.1440088980 +0.6665445252
+1.5000000000 +0.9863878906 +0.0000875535 -0.0032488281 +0.0069753273 +0.9731143829 +0.0001713405 +0.9475387538 +0.0003284286 -1.9505117188 +0.0002931484 +3.8062146851 +0.0011332774 +0.0261652758 +0.1955521510 +0.6664599854
+1.6000000000 +0.9798765625 +0.0001143852 -0.0026390625 +0.0069296926 +0.9604197571 +0.0002216404 +0.9233885989 +0.0004169715 -1.9289406250 +0.0003589725 +3.7233891602 +0.0013707809 +0.0418686949 +0.2577225381 +0.6663116209
+1.7000000000 +0.9700753906 +0.0001528135 +0.0016378906 +0.0068611611 +0.9415133026 +0.0002917433 +0.8881495820 +0.0005339417 -1.8982679687 +0.0004422645 +3.6073332397 +0.0016600099 +0.0703305963 +0.3465264333 +0.6660265523
+1.8000000000 +0.9571210937 +0.0001992009 +0.0077460938 +0.0067705775 +0.9168744080 +0.0003728438 +0.8434389293 +0.0006582297 -1.8600570312 +0.0005253364 +3.4653317261 +0.0019312400 +0.1128703798 +0.4361139020 +0.6655642576
+1.9000000000 +0.9384984375 +0.0002726046 +0.0226203125 +0.0066398566 +0.8822655823 +0.0004924206 +0.7832421177 +0.0008204729 -1.8099820312 +0.0006275892 +3.2839123169 +0.0022417783 +0.2002546641 +0.5586163552 +0.6645899253
+2.0000000000 +0.9105230469 +0.0004028353 +0.0144269531 +0.0064501535 +0.8322977448 +0.0006800542 +0.7019690099 +0.0010338598 -1.7448460938 +0.0007620592 +3.0561025757 +0.0026170499 +0.4154273101 +0.7433398278 +0.6622158639
+2.1000000000 +0.8676031250 +0.0006168684 +0.0120257812 +0.0061652295 +0.7603457153 +0.0009375896 +0.5957070934 +0.0012520954 -1.6601710938 +0.0009160494 +2.7729509888 +0.0029833324 +0.9277601917 +0.9742470819 +0.6565296040
+2.2000000000 +0.7958765625 +0.0009856076 +0.0038484375 +0.0057132878 +0.6528479492 +0.0012936914 +0.4596831946 +0.0014473109 -1.5507843750 +0.0010989319 +2.4290852051 +0.0033391435 +2.2607646815 +1.2775154954 +0.6404880889
+2.3000000000 +0.6754964844 +0.0014746148 -0.0106121094 +0.0049983630 +0.4997852753 +0.0016376496 +0.3034232441 +0.0014791165 -1.4114875000 +0.0012638947 +2.0242455566 +0.0035365974 +4.8406010285 +1.5460945293 +0.5950879706
+2.4000000000 +0.5234746094 +0.0016931520 -0.0220636719 +0.0040673956 +0.3313609406 +0.0016268821 +0.1627349774 +0.0011999654 -1.2595203125 +0.0012700566 +1.6186522949 +0.0032473280 +6.1157625484 +1.4338167699 +0.5059657884
+2.5000000000 +0.3950468750 +0.0016087311 -0.0173164062 +0.0032211993 +0.2078223511 +0.0013391425 +0.0790561803 +0.0008100760 -1.1348117187 +0.0011479433 +1.3141531128 +0.0026821312 +5.3002565250 +1.0795202880 +0.3898592031
+2.6000000000 +0.3095214844 +0.0014200935 -0.0103167969 +0.0026079726 +0.1361368622 +0.0010341745 +0.0399235840 +0.0005138752 -1.0399335938 +0.0010384332 +1.1030287476 +0.0022214519 +3.9712800387 +0.8167334684 +0.2819465143
+2.7000000000 +0.2530578125 +0.0012386391 -0.0066343750 +0.0021757617 +0.0947227905 +0.0007950018 +0.0216129639 +0.0003301458 -0.9674679687 +0.0009591613 +0.9543940796 +0.0019048660 +2.9093484146 +0.6461386985 +0.1970581284
+2.8000000000 +0.2165246094 +0.0010891810 -0.0067011719 +0.0018783544 +0.0706092133 +0.0006229293 +0.0127464788 +0.0002152431 -0.9085539062 +0.0009076895 +0.8419482056 +0.0016831069 +2.1692623353 +0.5380573063 +0.1477907822
+2.9000000000 +0.1912812500 +0.0009825890 -0.0057445312 +0.0016713040 +0.0558981384 +0.0005135574 +0.0083994264 +0.0001528684 -0.8603437500 +0.0008685775 +0.7552799072 +0.0015227371 +1.7045735129 +0.4592944114 +0.1039470325
+3.0000000000 +0.1726687500 +0.0008935037 -0.0057210937 +0.0015124276 +0.0457814758 +0.0004306366 +0.0058049011 +0.0001155411 -0.8171570313 +0.0008416678 +0.6819137085 +0.0014015347 +1.3625155075 +0.4030035847 +0.0768038365
+3.1000000000 +0.1570054687 +0.0008191591 -0.0027257812 +0.0013795601 +0.0380711487 +0.0003624938 +0.0040774477 +0.0000817804 -0.7778140625 +0.0008210104 +0.6184758789 +0.0012993644 +1.1082678887 +0.3591235951 +0.0622756636
+3.2000000000 +0.1463152344 +0.0007666062 -0.0023363281 +0.0012875634 +0.0331618500 +0.0003187445 +0.0031316694 +0.0000646853 -0.7457929688 +0.0008038228 +0.5691297729 +0.0012164447 +0.9402961732 +0.3230655178 +0.0507575596
+3.3000000000 +0.1378304687 +0.0007231752 -0.0011531250 +0.0012135806 +0.0294568848 +0.0002837602 +0.0024781046 +0.0000514309 -0.7149828125 +0.0007912190 +0.5237209717 +0.0011525468 +0.8114150128 +0.2943306404 +0.0480267465
+3.4000000000 +0.1308671875 +0.0006869591 -0.0012335938 +0.0011524529 +0.0265644775 +0.0002577494 +0.0020343666 +0.0000432493 -0.6868125000 +0.0007747516 +0.4837162109 +0.0010826555 +0.7106452160 +0.2658502595 +0.0390398111
+3.5000000000 +0.1250828125 +0.0006658255 +0.0002164062 +0.0011070713 +0.0245121826 +0.0002408503 +0.0017610249 +0.0000376838 -0.6602054687 +0.0007715892 +0.4477782593 +0.0010356248 +0.6485191413 +0.2488319647 +0.0230321355
+3.6000000000 +0.1192167969 +0.0006316511 +0.0001644531 +0.0010533822 +0.0221923065 +0.0002174977 +0.0014386031 +0.0000308404 -0.6367953125 +0.0007620774 +0.4171235107 +0.0009869078 +0.5674426213 +0.2294368537 +0.0263231209
+3.7000000000 +0.1150585937 +0.0006110183 -0.0005070312 +0.0010174746 +0.0207053467 +0.0002021181 +0.0012457461 +0.0000267165 -0.6154304687 +0.0007498157 +0.3899991333 +0.0009385614 +0.5166264516 +0.2102691517 +0.0314027004
+3.8000000000 +0.1109589844 +0.0005856550 -0.0002683594 +0.0009790725 +0.0191717316 +0.0001869325 +0.0010664307 +0.0000225458 -0.5942382812 +0.0007444913 +0.3642044800 +0.0008978465 +0.4621362765 +0.1965268933 +0.0328614322
+3.9000000000 +0.1066652344 +0.0005675830 -0.0005855469 +0.0009439316 +0.0178204803 +0.0001764966 +0.0009405903 +0.0000208881 -0.5751359375 +0.0007413260 +0.3417726318 +0.0008709935 +0.4229256614 +0.1849946758 +0.0127197497
+4.0000000000 +0.1030753906 +0.0005495605 +0.0008738281 +0.0009128008 +0.0166648712 +0.0001649180 +0.0008216767 +0.0000177095 -0.5579679687 +0.0007340726 +0.3221055054 +0.0008336472 +0.3865814441 +0.1724360195 +0.0137754496
+4.1000000000 +0.1005792969 +0.0005320559 +0.0001121094 +0.0008881963 +0.0157778656 +0.0001547863 +0.0007281172 +0.0000164000 -0.5413937500 +0.0007276474 +0.3036966064 +0.0008013186 +0.3535091912 +0.1612665057 +0.0250473408
+4.2000000000 +0.0977871094 +0.0005202533 -0.0000308594 +0.0008653204 +0.0149755890 +0.0001471274 +0.0006571978 +0.0000143969 -0.5255960938 +0.0007232739 +0.2867137573 +0.0007754964 +0.3299517092 +0.1518367863 +0.0231968638
+4.3000000000 +0.0959386719 +0.0005099961 -0.0005871094 +0.0008486991 +0.0144061493 +0.0001424333 +0.0006132820 +0.0000140238 -0.5114351563 +0.0007168440 +0.2718432251 +0.0007470218 +0.3096957339 +0.1422926094 +0.0149844023
+4.4000000000 +0.0937636719 +0.0004941545 +0.0000285156 +0.0008269038 +0.0136753998 +0.0001328413 +0.0005399528 +0.0000115336 -0.4973664063 +0.0007156015 +0.2576150513 +0.0007257404 +0.2841468286 +0.1354275597 +0.0376024562
+4.5000000000 +0.0913937500 +0.0004800841 -0.0004960938 +0.0008050524 +0.0129624329 +0.0001257653 +0.0004843631 +0.0000106312 -0.4833562500 +0.0007070839 +0.2436326172 +0.0006973723 +0.2622358939 +0.1264115709 +0.0391031810
+4.6000000000 +0.0904230469 +0.0004795812 +0.0008660156 +0.0007992353 +0.0127762909 +0.0001251572 +0.0004765203 +0.0000103256 -0.4719515625 +0.0007028108 +0.2326171387 +0.0006757984 +0.2559979680 +0.1195174149 +0.0269155341
+4.7000000000 +0.0882441406 +0.0004705998 +0.0010121094 +0.0007815141 +0.0122163116 +0.0001209251 +0.0004416961 +0.0000098439 -0.4596859375 +0.0006942450 +0.2209506836 +0.0006510253 +0.2412545792 +0.1117119850 +0.0134432710
+4.8000000000 +0.0862328125 +0.0004603014 +0.0012437500 +0.0007639404 +0.0116736450 +0.0001164331 +0.0004074073 +0.0000091992 -0.4494226562 +0.0006980311 +0.2117256714 +0.0006394674 +0.2260025103 +0.1082771937 +0.0034603442
+4.9000000000 +0.0850328125 +0.0004514851 +0.0001625000 +0.0007519085 +0.0113073547 +0.0001118616 +0.0003781168 +0.0000085593 -0.4376148437 +0.0006942970 +0.2011477173 +0.0006203120 +0.2129907218 +0.1027941378 +0.0142139911
+5.0000000000 +0.0840832031 +0.0004443009 +0.0004003906 +0.0007422227 +0.0110180511 +0.0001084032 +0.0003564227 +0.0000078424 -0.4296281250 +0.0006898538 +0.1940982910 +0.0006047970 +0.2021409843 +0.0974639639 +0.0213338810
