# T, am1a, am1e, m1a, m1e, m2a, m2e, m4a, m4e, e1a, e1e, e2a, e2e, susc, spec, bind
+0.5000000000 +1.0000000000 +0.0000000000 -0.0107000000 +0.0070706630 +1.0000000000 +0.0000000000 +1.0000000000 +0.0000000000 -2.0000000000 +0.0000000000 +4.0000000000 +0.0000000000 +0.0000000000 +0.0000000000 +0.6666666667
+0.6000000000 +0.9999750000 +0.0000249994 -0.0107250000 +0.0070705285 +0.9999625000 +0.0000374991 +0.9999531250 +0.0000468738 -1.9999000000 +0.0000999975 +3.9998000000 +0.0001999950 +0.0000833292 +0.0022221111 +0.6666572914
+0.7000000000 +0.9999750000 +0.0000249994 -0.0106750000 +0.0070705323 +0.9999625000 +0.0000374991 +0.9999531250 +0.0000468738 -1.9999000000 +0.0000999975 +3.9998000000 +0.0001999950 +0.0000714250 +0.0016325714 +0.6666572914
+0.8000000000 +0.9998500000 +0.0000707027 -0.0105500000 +0.0070699671 +0.9998000000 +0.0000901277 +0.9997625000 +0.0001062367 -1.9995000000 +0.0002235788 +3.9990000000 +0.0004471577 +0.0004998875 +0.0062484375 +0.6666124917
+0.9000000000 +0.9993500000 +0.0001619533 -0.0100000000 +0.0070679735 +0.9992250000 +0.0001844789 +0.9991312500 +0.0002047802 -1.9982000000 +0.0004240731 +3.9964000000 +0.0008481462 +0.0023314556 +0.0177617778 +0.6664394315
+1.0000000000 +0.9988750000 +0.0002013994 -0.0103750000 +0.0070656028 +0.9985625000 +0.0002450570 +0.9983281250 +0.0002824746 -1.9965000000 +0.0005910901 +3.9930000000 +0.0011821802 +0.0032449375 +0.0279510000 +0.6662651603
+1.1000000000 +0.9972750000 +0.0003224961 -0.0103250000 +0.0070587920 +0.9966375000 +0.0003790164 +0.9961593750 +0.0004287459 -1.9920000000 +0.0008926365 +3.9840000000 +0.0017852731 +0.0075639068 +0.0526809917 +0.6657025040
+1.2000000000 +0.9957750000 +0.0003869528 -0.0096750000 +0.0070514853 +0.9945625000 +0.0004742657 +0.9936531250 +0.0005487446 -1.9867000000 +0.0011494153 +3.9734000000 +0.0022988306 +0.0099821646 +0.0733975278 +0.6651507059
+1.3000000000 +0.9918750000 +0.0005348591 -0.0096250000 +0.0070336508 +0.9895375000 +0.0006557405 +0.9877843750 +0.0007588989 -1.9744000000 +0.0015897270 +3.9488000000 +0.0031794540 +0.0176045673 +0.1196322840 +0.6637390906
+1.4000000000 +0.9873750000 +0.0006737251 -0.0091750000 +0.0070139266 +0.9839875000 +0.0008128799 +0.9814468750 +0.0009331388 -1.9612000000 +0.0019505712 +3.9224000000 +0.0039011424 +0.0259374554 +0.1552950204 +0.6621169709
+1.5000000000 +0.9818250000 +0.0008172261 -0.0087250000 +0.0069902124 +0.9773375000 +0.0009691049 +0.9739718750 +0.0011022455 -1.9456000000 +0.0023047846 +3.8916000000 +0.0045926541 +0.0356191183 +0.1888722489 +0.6601118403
+1.6000000000 +0.9748000000 +0.0009523644 -0.0083000000 +0.0069581108 +0.9683750000 +0.0011359161 +0.9635562500 +0.0012963361 -1.9238000000 +0.0027110290 +3.8480000000 +0.0054078462 +0.0453499000 +0.2296774375 +0.6574936086
+1.7000000000 +0.9683500000 +0.0010635619 -0.0072500000 +0.0069291862 +0.9603250000 +0.0012665335 +0.9543062500 +0.0014443852 -1.9046000000 +0.0030141238 +3.8092000000 +0.0060282475 +0.0532312412 +0.2514862837 +0.6550707346
+1.8000000000 +0.9581000000 +0.0012190035 -0.0058500000 +0.0068834613 +0.9476750000 +0.0014451357 +0.9398562500 +0.0016444318 -1.8743000000 +0.0034380191 +3.7494000000 +0.0068541945 +0.0660430889 +0.2918512469 +0.6511639733
+1.9000000000 +0.9453250000 +0.0013828981 -0.0056250000 +0.0068258914 +0.9318875000 +0.0016339379 +0.9218093750 +0.0018564406 -1.8365000000 +0.0038850209 +3.6746000000 +0.0077321240 +0.0805224092 +0.3344795014 +0.6461714332
+2.0000000000 +0.9343500000 +0.0014960795 -0.0058000000 +0.0067739994 +0.9177750000 +0.0017752859 +0.9053437500 +0.0020225192 -1.8017000000 +0.0042430950 +3.6062000000 +0.0084265104 +0.0895301550 +0.3600771100 +0.6417222763
+2.1000000000 +0.9207500000 +0.0016385121 -0.0046000000 +0.0067136199 +0.9014750000 +0.0019282320 +0.8870187500 +0.0021874518 -1.7631000000 +0.0045982518 +3.5314000000 +0.0090961916 +0.1022751190 +0.3835631655 +0.6361652545
+2.2000000000 +0.9081250000 +0.0017463746 -0.0039250000 +0.0066545928 +0.8856875000 +0.0020544711 +0.8688593750 +0.0023311368 -1.7252000000 +0.0048953292 +3.4556000000 +0.0096985273 +0.1109026989 +0.3961032727 +0.6307953127
+2.3000000000 +0.8946000000 +0.0018369927 -0.0051000000 +0.0065870099 +0.8678000000 +0.0021751225 +0.8477000000 +0.0024781390 -1.6814000000 +0.0051869743 +3.3652000000 +0.0103349624 +0.1173753739 +0.4068764008 +0.6247837516
+2.4000000000 +0.8830250000 +0.0019261925 -0.0087250000 +0.0065339933 +0.8539375000 +0.0022683983 +0.8321218750 +0.0025775733 -1.6479000000 +0.0054195276 +3.3030000000 +0.0107289119 +0.1236739156 +0.4079344375 +0.6196236446
+2.5000000000 +0.8690250000 +0.0020165943 -0.0090750000 +0.0064670517 +0.8365375000 +0.0023704102 +0.8121718750 +0.0026919738 -1.6060000000 +0.0056619961 +3.2204000000 +0.0112040703 +0.1301328790 +0.4103449600 +0.6131381867
+2.6000000000 +0.8530250000 +0.0021223318 -0.0104250000 +0.0063938596 +0.8177375000 +0.0024756540 +0.7912718750 +0.0028008051 -1.5615000000 +0.0059089667 +3.1366000000 +0.0116364523 +0.1385936144 +0.4132057692 +0.6055639088
+2.7000000000 +0.8409500000 +0.0021725917 -0.0104000000 +0.0063304496 +0.8016000000 +0.0025448471 +0.7720875000 +0.0028874360 -1.5209000000 +0.0060953392 +3.0562000000 +0.0120092497 +0.1398564407 +0.4077164280 +0.5994747967
+2.8000000000 +0.8317000000 +0.0022138779 -0.0068000000 +0.0062837241 +0.7897500000 +0.0025940551 +0.7582875000 +0.0029449579 -1.4912000000 +0.0062302591 +3.0000000000 +0.0122474487 +0.1400358714 +0.3960829388 +0.5947403425
+2.9000000000 +0.8146500000 +0.0023078169 -0.0052500000 +0.0062054308 +0.7701750000 +0.0026800114 +0.7368187500 +0.0030289689 -1.4454000000 +0.0064250247 +2.9148000000 +0.0125760506 +0.1469246586 +0.3926843472 +0.5859425724
+3.0000000000 +0.8008750000 +0.0023485286 -0.0025250000 +0.0061306856 +0.7517125000 +0.0027365027 +0.7148406250 +0.0031009760 -1.3984000000 +0.0065881615 +2.8236000000 +0.0128873640 +0.1470823125 +0.3858121956 +0.5783186175
+3.1000000000 +0.7863750000 +0.0024148174 -0.0031250000 +0.0060621891 +0.7350125000 +0.0027950604 +0.6964906250 +0.0031571613 -1.3594000000 +0.0067172600 +2.7504000000 +0.0131089661 +0.1504862702 +0.3756219105 +0.5702611964
+3.2000000000 +0.7772500000 +0.0024316398 -0.0009500000 +0.0060098839 +0.7223750000 +0.0028230578 +0.6812187500 +0.0031960791 -1.3236000000 +0.0068588740 +2.6928000000 +0.0132665522 +0.1478217969 +0.3675324375 +0.5648490626
+3.3000000000 +0.7653750000 +0.0024643824 +0.0046750000 +0.0059465984 +0.7072625000 +0.0028588274 +0.6636781250 +0.0032372006 -1.2891000000 +0.0069036990 +2.6150000000 +0.0134569220 +0.1472286174 +0.3501271589 +0.5577427256
+3.4000000000 +0.7568500000 +0.0024907637 +0.0064500000 +0.0059027892 +0.6969000000 +0.0028832958 +0.6519375000 +0.0032623934 -1.2624000000 +0.0069898006 +2.5708000000 +0.0135539429 +0.1459742088 +0.3381128858 +0.5525507556
+3.5000000000 +0.7428500000 +0.0025460644 +0.0059500000 +0.0058371209 +0.6814750000 +0.0029243424 +0.6354437500 +0.0032959841 -1.2259000000 +0.0070928457 +2.5090000000 +0.0136764743 +0.1481701457 +0.3285450416 +0.5439042755
+3.6000000000 +0.7323250000 +0.0025625924 +0.0049250000 +0.0057776000 +0.6676375000 +0.0029443339 +0.6191218750 +0.0033215121 -1.1904000000 +0.0071615216 +2.4428000000 +0.0137911714 +0.1459306604 +0.3165888395 +0.5370080397
+3.7000000000 +0.7226500000 +0.0025756259 +0.0042500000 +0.0057222458 +0.6549000000 +0.0029596747 +0.6040875000 +0.0033413088 -1.1586000000 +0.0072029370 +2.3800000000 +0.0138845238 +0.1434345703 +0.3031836494 +0.5305075489
+3.8000000000 +0.7121250000 +0.0026085483 +0.0016750000 +0.0056710215 +0.6432125000 +0.0029816590 +0.5915281250 +0.0033576125 -1.1329000000 +0.0072288920 +2.3286000000 +0.0139499499 +0.1432531414 +0.2895117978 +0.5234097073
+3.9000000000 +0.7063750000 +0.0026086094 +0.0086750000 +0.0056346572 +0.6350625000 +0.0029855799 +0.5815781250 +0.0033662378 -1.1092000000 +0.0072844882 +2.2916000000 +0.0139910140 +0.1395865224 +0.2790993715 +0.5193224147
+4.0000000000 +0.6954250000 +0.0026217510 +0.0026250000 +0.0055726143 +0.6210875000 +0.0029965371 +0.5653343750 +0.0033786726 -1.0727000000 +0.0073413715 +2.2286000000 +0.0140494520 +0.1374715694 +0.2694786775 +0.5114842600
+4.1000000000 +0.6875750000 +0.0026441267 +0.0034250000 +0.0055343282 +0.6125875000 +0.0030090150 +0.5563468750 +0.0033856302 -1.0535000000 +0.0073618535 +2.1938000000 +0.0140755845 +0.1364176774 +0.2579268888 +0.5058166184
+4.2000000000 +0.6789000000 +0.0026390793 +0.0052500000 +0.0054780126 +0.6002000000 +0.0030077812 +0.5411750000 +0.0033901276 -1.0207000000 +0.0073782502 +2.1306000000 +0.0141119517 +0.1326617048 +0.2468869637 +0.4992459287
+4.3000000000 +0.6699000000 +0.0026625551 +0.0044500000 +0.0054338301 +0.5905500000 +0.0030190081 +0.5310375000 +0.0033943999 -1.0012000000 +0.0073647762 +2.0872000000 +0.0141286874 +0.1318920837 +0.2346778929 +0.4924362609
+4.4000000000 +0.6626500000 +0.0026645354 +0.0056500000 +0.0053901210 +0.5811000000 +0.0030187770 +0.5199375000 +0.0033947696 -0.9738000000 +0.0074179295 +2.0488000000 +0.0141379252 +0.1290863432 +0.2273788347 +0.4867509714
+4.5000000000 +0.6543500000 +0.0026678744 +0.0014000000 +0.0053409879 +0.5705250000 +0.0030179254 +0.5076562500 +0.0033933383 -0.9474000000 +0.0074203546 +1.9988000000 +0.0141421331 +0.1265342911 +0.2175275536 +0.4801247726
+4.6000000000 +0.6446750000 +0.0026928762 +0.0029750000 +0.0052944719 +0.5606375000 +0.0030273336 +0.4976093750 +0.0033933611 -0.9227000000 +0.0074700225 +1.9674000000 +0.0141402568 +0.1261144734 +0.2109687543 +0.4722806582
+4.7000000000 +0.6400250000 +0.0026917048 +0.0078750000 +0.0052653370 +0.5545375000 +0.0030241531 +0.4904218750 +0.0033902222 -0.9044000000 +0.0075022018 +1.9436000000 +0.0141365113 +0.1233238293 +0.2038317139 +0.4683978382
+4.8000000000 +0.6339250000 +0.0027004777 +0.0059250000 +0.0052329599 +0.5477125000 +0.0030254268 +0.4830531250 +0.0033875267 -0.8883000000 +0.0075044091 +1.9154000000 +0.0141294778 +0.1215429953 +0.1955422066 +0.4632545939
+4.9000000000 +0.6289250000 +0.0026985259 +0.0041250000 +0.0052017809 +0.5411875000 +0.0030207653 +0.4753843750 +0.0033825330 -0.8713000000 +0.0075027872 +1.8850000000 +0.0141187375 +0.1188904852 +0.1875612345 +0.4589615447
+5.0000000000 +0.6241250000 +0.0026907758 -0.0026750000 +0.0051688023 +0.5343375000 +0.0030123107 +0.4669968750 +0.0033754026 -0.8545000000 +0.0074740543 +1.8474000000 +0.0141009100 +0.1158443875 +0.1787567600 +0.4547930149
