# T, am1a, am1e, m1a, m1e, m2a, m2e, m4a, m4e, e1a, e1e, e2a, e2e, susc, spec, bind
+0.5000000000 +1.0000000000 +0.0000000000 -0.0036000000 +0.0070710220 +1.0000000000 +0.0000000000 +1.0000000000 +0.0000000000 -2.0000000000 +0.0000000000 +4.0000000000 +0.0000000000 +0.0000000000 +0.0000000000 +0.6666666667
+0.6000000000 +1.0000000000 +0.0000000000 -0.0035000000 +0.0070710245 +1.0000000000 +0.0000000000 +1.0000000000 +0.0000000000 -2.0000000000 +0.0000000000 +4.0000000000 +0.0000000000 +0.0000000000 +0.0000000000 +0.6666666667
+0.7000000000 +0.9999250000 +0.0000558992 -0.0034250000 +0.0070707170 +0.9999125000 +0.0000624969 +0.9999031250 +0.0000685332 -1.9998000000 +0.0001414143 +3.9996000000 +0.0002828286 +0.0003571107 +0.0032649796 +0.6666406230
+0.8000000000 +0.9998250000 +0.0000829064 -0.0034750000 +0.0070702738 +0.9997875000 +0.0000960026 +0.9997593750 +0.0001076518 -1.9995000000 +0.0002235788 +3.9990000000 +0.0004471577 +0.0006873469 +0.0062484375 +0.6666051973
+0.9000000000 +0.9991750000 +0.0001784404 -0.0035250000 +0.0070674432 +0.9989875000 +0.0002086684 +0.9988468750 +0.0002353561 -1.9976000000 +0.0004896039 +3.9952000000 +0.0009792078 +0.0028303083 +0.0236752593 +0.6663757947
+1.0000000000 +0.9985250000 +0.0002408656 -0.0031250000 +0.0070647107 +0.9982125000 +0.0002783819 +0.9979781250 +0.0003118128 -1.9958000000 +0.0006473932 +3.9916000000 +0.0012947865 +0.0046412975 +0.0335294400 +0.6661481714
+1.1000000000 +0.9973500000 +0.0003176458 -0.0033500000 +0.0070594397 +0.9967250000 +0.0003738666 +0.9962562500 +0.0004232759 -1.9922000000 +0.0008814522 +3.9844000000 +0.0017629044 +0.0073381000 +0.0513691240 +0.6657286915
+1.2000000000 +0.9956000000 +0.0003972178 -0.0019000000 +0.0070511396 +0.9943750000 +0.0004834568 +0.9934562500 +0.0005573966 -1.9863000000 +0.0011664542 +3.9726000000 +0.0023329085 +0.0105188000 +0.0755897500 +0.6650907847
+1.3000000000 +0.9922000000 +0.0005345166 -0.0023000000 +0.0070362267 +0.9901750000 +0.0006406918 +0.9886562500 +0.0007328185 -1.9763000000 +0.0015303318 +3.9526000000 +0.0030606637 +0.0175820308 +0.1108599053 +0.6638755169
+1.4000000000 +0.9876750000 +0.0006665431 -0.0030750000 +0.0070156184 +0.9843875000 +0.0008032162 +0.9819218750 +0.0009214336 -1.9622000000 +0.0019257617 +3.9244000000 +0.0038515233 +0.0253874125 +0.1513697143 +0.6622281131
+1.5000000000 +0.9814500000 +0.0008202407 -0.0044500000 +0.0069881335 +0.9767000000 +0.0009796584 +0.9731375000 +0.0011186515 -1.9439000000 +0.0023350888 +3.8878000000 +0.0046701775 +0.0358823933 +0.1938716267 +0.6599595531
+1.6000000000 +0.9741000000 +0.0009696440 -0.0054000000 +0.0069557381 +0.9676750000 +0.0011502466 +0.9628562500 +0.0013087825 -1.9224000000 +0.0027347600 +3.8452000000 +0.0054554421 +0.0470104750 +0.2337160000 +0.6572470852
+1.7000000000 +0.9656250000 +0.0011114373 -0.0070750000 +0.0069176855 +0.9571375000 +0.0013164285 +0.9507718750 +0.0014969212 -1.8972000000 +0.0031259571 +3.7948000000 +0.0062397635 +0.0581314338 +0.2704943391 +0.6540555180
+1.8000000000 +0.9546000000 +0.0012818705 -0.0070500000 +0.0068704996 +0.9441250000 +0.0014982779 +0.9362687500 +0.0016913678 -1.8670000000 +0.0035320745 +3.7352000000 +0.0070323572 +0.0730307556 +0.3080382716 +0.6498772927
+1.9000000000 +0.9466750000 +0.0013646235 -0.0047750000 +0.0068315983 +0.9334375000 +0.0016156084 +0.9235093750 +0.0018376244 -1.8399000000 +0.0038507661 +3.6818000000 +0.0076535899 +0.0784083039 +0.3286071911 +0.6466951777
+2.0000000000 +0.9342250000 +0.0014997691 -0.0070250000 +0.0067738953 +0.9177625000 +0.0017766206 +0.9054156250 +0.0020221248 -1.8022000000 +0.0042312833 +3.6060000000 +0.0084284162 +0.0899722988 +0.3580751600 +0.6416840724
+2.1000000000 +0.9228000000 +0.0016060847 -0.0064000000 +0.0067197807 +0.9031500000 +0.0019069947 +0.8884125000 +0.0021740545 -1.7657000000 +0.0045765899 +3.5366000000 +0.0090522385 +0.0982669714 +0.3799578322 +0.6369439877
+2.2000000000 +0.9036500000 +0.0017845402 -0.0096000000 +0.0066339386 +0.8802750000 +0.0020959446 +0.8627437500 +0.0023763255 -1.7130000000 +0.0049740879 +3.4292000000 +0.0098928948 +0.1158030500 +0.4089512397 +0.6288719061
+2.3000000000 +0.8964250000 +0.0018304333 -0.0095750000 +0.0065973321 +0.8705875000 +0.0021597081 +0.8512093750 +0.0024555683 -1.6886000000 +0.0051450464 +3.3808000000 +0.0102308146 +0.1165386424 +0.4003251720 +0.6256392669
+2.4000000000 +0.8815750000 +0.0019369824 -0.0086750000 +0.0065273932 +0.8522125000 +0.0022795228 +0.8301906250 +0.0025893273 -1.6438000000 +0.0054457394 +3.2952000000 +0.0107760312 +0.1250633656 +0.4118899722 +0.6189685969
+2.5000000000 +0.8684250000 +0.0020168108 -0.0059750000 +0.0064632685 +0.8355125000 +0.0023743103 +0.8108281250 +0.0026988146 -1.6016000000 +0.0057117311 +3.2176000000 +0.0112192920 +0.1301608310 +0.4175855616 +0.6128300464
+2.6000000000 +0.8530750000 +0.0021026833 -0.0031250000 +0.0063880855 +0.8161625000 +0.0024734278 +0.7884781250 +0.0028118411 -1.5563000000 +0.0059132491 +3.1214000000 +0.0117099574 +0.1360392990 +0.4138049172 +0.6054381226
+2.7000000000 +0.8429500000 +0.0021605589 +0.0016000000 +0.0063400412 +0.8039250000 +0.0025333855 +0.7746562500 +0.0028759126 -1.5255000000 +0.0060870754 +3.0682000000 +0.0119560628 +0.1383115519 +0.4066116598 +0.6004632746
+2.8000000000 +0.8304250000 +0.0022238123 +0.0045750000 +0.0062788995 +0.7885125000 +0.0026012128 +0.7570781250 +0.0029503186 -1.4882000000 +0.0062516428 +2.9964000000 +0.0122621104 +0.1412954563 +0.3988065102 +0.5941156761
+2.9000000000 +0.8162500000 +0.0022769051 +0.0061000000 +0.0062044854 +0.7699500000 +0.0026683515 +0.7352250000 +0.0030316467 -1.4416000000 +0.0064334650 +2.9060000000 +0.0126078626 +0.1430150862 +0.3937167372 +0.5865966756
+3.0000000000 +0.8022250000 +0.0023491759 +0.0042750000 +0.0061397037 +0.7539375000 +0.0027322163 +0.7177218750 +0.0030925701 -1.4048000000 +0.0065655806 +2.8356000000 +0.0128486821 +0.1471633992 +0.3831719822 +0.5791142345
+3.1000000000 +0.7890750000 +0.0023903258 +0.0040250000 +0.0060699930 +0.7369125000 +0.0027816415 +0.6977906250 +0.0031516129 -1.3632000000 +0.0066831346 +2.7516000000 +0.0131055283 +0.1474492185 +0.3718150926 +0.5716763756
+3.2000000000 +0.7751500000 +0.0024481368 +0.0004000000 +0.0060030194 +0.7207250000 +0.0028325053 +0.6799062500 +0.0032006084 -1.3245000000 +0.0068084497 +2.6814000000 +0.0132960408 +0.1498343469 +0.3621483398 +0.5636965923
+3.3000000000 +0.7627500000 +0.0024765141 -0.0064000000 +0.0059346821 +0.7044500000 +0.0028677099 +0.6607250000 +0.0032442519 -1.2822000000 +0.0069309565 +2.6048000000 +0.0134800166 +0.1486817424 +0.3528973958 +0.5561879006
+3.4000000000 +0.7529000000 +0.0025026645 -0.0124000000 +0.0058820542 +0.6921250000 +0.0028940174 +0.6465437500 +0.0032732307 -1.2517000000 +0.0070023107 +2.5474000000 +0.0136021198 +0.1473724588 +0.3393242595 +0.5501087050
+3.5000000000 +0.7405250000 +0.0025365846 -0.0109750000 +0.0058178263 +0.6770625000 +0.0029244828 +0.6294656250 +0.0033042747 -1.2137000000 +0.0071004659 +2.4814000000 +0.0137263506 +0.1470688279 +0.3292513665 +0.5422870051
+3.6000000000 +0.7270250000 +0.0025629295 -0.0053250000 +0.0057441672 +0.6599375000 +0.0029504607 +0.6096218750 +0.0033336122 -1.1703000000 +0.0071853946 +2.4022000000 +0.0138532219 +0.1459690549 +0.3187030586 +0.5334118839
+3.7000000000 +0.7235750000 +0.0025734385 -0.0112750000 +0.0057266280 +0.6560125000 +0.0029579404 +0.6053406250 +0.0033396736 -1.1624000000 +0.0071820131 +2.3828000000 +0.0138806775 +0.1431910480 +0.3014247597 +0.5311279587
+3.8000000000 +0.7121750000 +0.0025997045 -0.0097250000 +0.0056668683 +0.6423625000 +0.0029780324 +0.5900031250 +0.0033581031 -1.1285000000 +0.0072453011 +2.3234000000 +0.0139560246 +0.1422834414 +0.2908276316 +0.5233795220
+3.9000000000 +0.7056500000 +0.0026017598 -0.0161500000 +0.0056261185 +0.6333250000 +0.0029831250 +0.5790812500 +0.0033674544 -1.1032000000 +0.0072957171 +2.2816000000 +0.0140012525 +0.1388544385 +0.2799604892 +0.5187563801
+4.0000000000 +0.6945500000 +0.0026160590 -0.0150000000 +0.0055634971 +0.6192750000 +0.0029943048 +0.5628187500 +0.0033794321 -1.0664000000 +0.0073552398 +2.2192000000 +0.0140569402 +0.1368752975 +0.2704977600 +0.5108070308
+4.1000000000 +0.6885000000 +0.0026240975 -0.0106000000 +0.0055300888 +0.6117500000 +0.0029995786 +0.5541875000 +0.0033843421 -1.0485000000 +0.0073608687 +2.1830000000 +0.0140828104 +0.1343587805 +0.2578578822 +0.5063859474
+4.2000000000 +0.6773000000 +0.0026501388 -0.0037000000 +0.0054735103 +0.5992000000 +0.0030131741 +0.5406250000 +0.0033914961 -1.0178000000 +0.0074070344 +2.1332000000 +0.0141107366 +0.1337759143 +0.2488170431 +0.4980837452
+4.3000000000 +0.6692750000 +0.0026510231 -0.0025750000 +0.0054243934 +0.5884875000 +0.0030131324 +0.5278968750 +0.0033932816 -0.9890000000 +0.0074346453 +2.0836000000 +0.0141297754 +0.1307520692 +0.2391517577 +0.4918951371
+4.4000000000 +0.6634000000 +0.0026622400 +0.0053000000 +0.0053936162 +0.5818500000 +0.0030177647 +0.5206875000 +0.0033945452 -0.9730000000 +0.0074487281 +2.0564000000 +0.0141365113 +0.1288640364 +0.2292708678 +0.4873348218
+4.5000000000 +0.6537250000 +0.0026796093 +0.0040750000 +0.0053429668 +0.5709625000 +0.0030240077 +0.5088906250 +0.0033950221 -0.9487000000 +0.0074436829 +2.0082000000 +0.0141420168 +0.1276498883 +0.2188974440 +0.4796590269
+4.6000000000 +0.6471250000 +0.0026834375 +0.0129750000 +0.0053038625 +0.5627875000 +0.0030232814 +0.4995343750 +0.0033928836 -0.9271000000 +0.0074628600 +1.9734000000 +0.0141408848 +0.1252319429 +0.2105643837 +0.4742791047
+4.7000000000 +0.6400500000 +0.0026843155 +0.0018500000 +0.0052619938 +0.5537750000 +0.0030199503 +0.4890687500 +0.0033886561 -0.9063000000 +0.0074364653 +1.9274000000 +0.0141328151 +0.1226476574 +0.2002752938 +0.4684036781
+4.8000000000 +0.6379500000 +0.0026862595 -0.0048000000 +0.0052501284 +0.5513000000 +0.0030197749 +0.4863125000 +0.0033875069 -0.8961000000 +0.0074900093 +1.9250000000 +0.0141321884 +0.1202664979 +0.1947924983 +0.4666427622
+4.9000000000 +0.6329000000 +0.0026831659 +0.0014500000 +0.0052179876 +0.5445500000 +0.0030145713 +0.4782875000 +0.0033824661 -0.8828000000 +0.0074319047 +1.8840000000 +0.0141183285 +0.1175408898 +0.1840340125 +0.4623591596
+5.0000000000 +0.6259000000 +0.0026830411 -0.0030000000 +0.0051755000 +0.5357250000 +0.0030090902 +0.4680937500 +0.0033752572 -0.8571000000 +0.0074685326 +1.8502000000 +0.0141024111 +0.1151793520 +0.1784927344 +0.4563395244
