# T, am1a, am1e, m1a, m1e, m2a, m2e, m4a, m4e, e1a, e1e, e2a, e2e, susc, spec, bind
+0.5000000000 +1.0000000000 +0.0000000000 +0.0105000000 +0.0070706780 +1.0000000000 +0.0000000000 +1.0000000000 +0.0000000000 -2.0000000000 +0.0000000000 +4.0000000000 +0.0000000000 +0.0000000000 +0.0000000000 +0.6666666667
+0.6000000000 +1.0000000000 +0.0000000000 +0.0105000000 +0.0070706780 +1.0000000000 +0.0000000000 +1.0000000000 +0.0000000000 -2.0000000000 +0.0000000000 +4.0000000000 +0.0000000000 +0.0000000000 +0.0000000000 +0.6666666667
+0.7000000000 +0.9999000000 +0.0000612332 +0.0104000000 +0.0070702434 +0.9998750000 +0.0000728815 +0.9998562500 +0.0000830271 -1.9997000000 +0.0001731921 +3.9994000000 +0.0003463842 +0.0004285143 +0.0048972245 +0.6666312464
+0.8000000000 +0.9998500000 +0.0000707027 +0.0105000000 +0.0070699708 +0.9998000000 +0.0000901277 +0.9997625000 +0.0001062367 -1.9995000000 +0.0002235788 +3.9990000000 +0.0004471577 +0.0004998875 +0.0062484375 +0.6666124917
+0.9000000000 +0.9995500000 +0.0001274358 +0.0109000000 +0.0070686144 +0.9994250000 +0.0001550676 +0.9993312500 +0.0001787465 -1.9986000000 +0.0003740348 +3.9972000000 +0.0007480695 +0.0014435444 +0.0138174815 +0.6665061757
+1.0000000000 +0.9989000000 +0.0002029520 +0.0105000000 +0.0070658147 +0.9986250000 +0.0002415429 +0.9984187500 +0.0002751633 -1.9967000000 +0.0005739821 +3.9934000000 +0.0011479643 +0.0032951600 +0.0263564400 +0.6662766417
+1.1000000000 +0.9975250000 +0.0003046616 +0.0103750000 +0.0070597622 +0.9969125000 +0.0003618420 +0.9964531250 +0.0004117487 -1.9926000000 +0.0008586396 +3.9852000000 +0.0017172792 +0.0067504523 +0.0487445950 +0.6657883876
+1.2000000000 +0.9959000000 +0.0003845900 +0.0093000000 +0.0070522639 +0.9947750000 +0.0004665806 +0.9939312500 +0.0005370404 -1.9873000000 +0.0011233590 +3.9746000000 +0.0022467181 +0.0098606333 +0.0701075278 +0.6652000643
+1.3000000000 +0.9921750000 +0.0005385754 +0.0106250000 +0.0070359776 +0.9902125000 +0.0006410862 +0.9887406250 +0.0007305012 -1.9765000000 +0.0015239382 +3.9530000000 +0.0030478763 +0.0178500596 +0.1099355030 +0.6638722912
+1.4000000000 +0.9868000000 +0.0007035894 +0.0110000000 +0.0070126814 +0.9836750000 +0.0008280925 +0.9813312500 +0.0009377581 -1.9611000000 +0.0019530334 +3.9222000000 +0.0039060668 +0.0282878857 +0.1556873265 +0.6619420868
+1.5000000000 +0.9807250000 +0.0008348944 +0.0094250000 +0.0069845317 +0.9757625000 +0.0009982026 +0.9720406250 +0.0011404947 -1.9416000000 +0.0023810653 +3.8832000000 +0.0047621306 +0.0371759317 +0.2015812267 +0.6596898407
+1.6000000000 +0.9747500000 +0.0009503272 +0.0110500000 +0.0069572908 +0.9682000000 +0.0011374590 +0.9632875000 +0.0013005679 -1.9233000000 +0.0027158526 +3.8466000000 +0.0054317053 +0.0451560937 +0.2304954844 +0.6574653475
+1.7000000000 +0.9658500000 +0.0011115030 +0.0079500000 +0.0069192189 +0.9575750000 +0.0013118473 +0.9513687500 +0.0014887377 -1.8986000000 +0.0031025638 +3.7972000000 +0.0062051276 +0.0581383000 +0.2664609550 +0.6541545799
+1.8000000000 +0.9561000000 +0.0012524534 +0.0064500000 +0.0068755305 +0.9455000000 +0.0014761394 +0.9375500000 +0.0016743002 -1.8695000000 +0.0035012123 +3.7402000000 +0.0069703083 +0.0697173111 +0.3026787037 +0.6504171513
+1.9000000000 +0.9480500000 +0.0013402649 +0.0068000000 +0.0068362225 +0.9347250000 +0.0015971917 +0.9247312500 +0.0018231884 -1.8424000000 +0.0038207476 +3.6864000000 +0.0076028121 +0.0756341000 +0.3235038670 +0.6472016359
+2.0000000000 +0.9323750000 +0.0015299405 +0.0052750000 +0.0067679749 +0.9161375000 +0.0017979357 +0.9039593750 +0.0020372918 -1.7992000000 +0.0042642664 +3.6008000000 +0.0084777337 +0.0936287188 +0.3636793600 +0.6409901719
+2.1000000000 +0.9192500000 +0.0016477930 +0.0088000000 +0.0067053992 +0.8993250000 +0.0019441681 +0.8843812500 +0.0022088587 -1.7577000000 +0.0046383764 +3.5198000000 +0.0091929537 +0.1034370238 +0.3902863583 +0.6355105696
+2.2000000000 +0.9080750000 +0.0017480317 +0.0097250000 +0.0066543892 +0.8857125000 +0.0020549208 +0.8689406250 +0.0023306823 -1.7257000000 +0.0048854862 +3.4554000000 +0.0097000279 +0.1111132625 +0.3945119917 +0.6307816310
+2.3000000000 +0.8947750000 +0.0018515561 +0.0086750000 +0.0065920871 +0.8691875000 +0.0021738211 +0.8499968750 +0.0024648034 -1.6851000000 +0.0051915219 +3.3786000000 +0.0102456382 +0.1192438250 +0.4075901626 +0.6249673054
+2.4000000000 +0.8775000000 +0.0019744461 +0.0095000000 +0.0065110857 +0.8479750000 +0.0023105156 +0.8258312500 +0.0026164296 -1.6344000000 +0.0055115181 +3.2788000000 +0.0108735242 +0.1299479167 +0.4219004444 +0.6171717651
+2.5000000000 +0.8673000000 +0.0020250396 +0.0078000000 +0.0064581892 +0.8342250000 +0.0023820936 +0.8094187500 +0.0027065484 -1.6001000000 +0.0056950856 +3.2090000000 +0.0112656979 +0.1312251360 +0.4151551936 +0.6123091024
+2.6000000000 +0.8503500000 +0.0021151818 +0.0056000000 +0.0063739456 +0.8125750000 +0.0024896347 +0.7842437500 +0.0028315365 -1.5469000000 +0.0059653181 +3.1046000000 +0.0117895268 +0.1376613500 +0.4211244911 +0.6040841409
+2.7000000000 +0.8382500000 +0.0021904559 -0.0036500000 +0.0063190651 +0.7986250000 +0.0025603160 +0.7689062500 +0.0029017436 -1.5142000000 +0.0061269828 +3.0436000000 +0.0120642013 +0.1421658333 +0.4119606914 +0.5981478150
+2.8000000000 +0.8269250000 +0.0022459134 -0.0018250000 +0.0062637216 +0.7846875000 +0.0026198750 +0.7530093750 +0.0029672112 -1.4800000000 +0.0062817195 +2.9796000000 +0.0123296063 +0.1441179205 +0.4026530612 +0.5923516773
+2.9000000000 +0.8134500000 +0.0022978152 -0.0028000000 +0.0061939170 +0.7673000000 +0.0026827058 +0.7326875000 +0.0030417110 -1.4375000000 +0.0064334818 +2.8942000000 +0.0126499138 +0.1456539276 +0.3937187872 +0.5851728897
+3.0000000000 +0.8013750000 +0.0023450545 -0.0068750000 +0.0061324556 +0.7521875000 +0.0027341437 +0.7152968750 +0.0030993462 -1.3993000000 +0.0065854366 +2.8254000000 +0.0128816048 +0.1466474792 +0.3854931156 +0.5785822257
+3.1000000000 +0.7944250000 +0.0023690865 -0.0174250000 +0.0060953214 +0.7433625000 +0.0027611394 +0.7050656250 +0.0031303380 -1.3763000000 +0.0066768193 +2.7858000000 +0.0130048421 +0.1448405411 +0.3711127201 +0.5746886336
+3.2000000000 +0.7813500000 +0.0024211792 -0.0119500000 +0.0060316134 +0.7277500000 +0.0028100706 +0.6875500000 +0.0031801140 -1.3399000000 +0.0067752048 +2.7134000000 +0.0132118516 +0.1465527219 +0.3586203086 +0.5672684070
+3.3000000000 +0.7675750000 +0.0024669426 -0.0059750000 +0.0059617606 +0.7108875000 +0.0028549154 +0.6683718750 +0.0032277297 -1.2989000000 +0.0068871576 +2.6358000000 +0.0134085017 +0.1475346902 +0.3484513462 +0.5591456238
+3.4000000000 +0.7550250000 +0.0025072370 -0.0040750000 +0.0058981815 +0.6957875000 +0.0028917048 +0.6513593750 +0.0032650157 -1.2608000000 +0.0070042250 +2.5708000000 +0.0135539429 +0.1479114699 +0.3395098131 +0.5515168105
+3.5000000000 +0.7397750000 +0.0025359461 -0.0045250000 +0.0058132049 +0.6758875000 +0.0029253031 +0.6279718750 +0.0033064298 -1.2101000000 +0.0071114625 +2.4758000000 +0.0137361100 +0.1469947993 +0.3302719967 +0.5417841480
+3.6000000000 +0.7329000000 +0.0025419735 -0.0052500000 +0.0057721202 +0.6663750000 +0.0029362017 +0.6164812500 +0.0033229529 -1.1853000000 +0.0071528453 +2.4282000000 +0.0138142042 +0.1435917667 +0.3158221944 +0.5372342310
+3.7000000000 +0.7254750000 +0.0025683022 -0.0077750000 +0.0057366238 +0.6582375000 +0.0029540884 +0.6078093750 +0.0033363030 -1.1685000000 +0.0071610326 +2.3910000000 +0.0138692448 +0.1426200264 +0.2996662527 +0.5323931133
+3.8000000000 +0.7127500000 +0.0025984364 -0.0084000000 +0.0056700063 +0.6430500000 +0.0029770934 +0.5907750000 +0.0033572605 -1.1298000000 +0.0072482824 +2.3272000000 +0.0139515952 +0.1421446711 +0.2910670249 +0.5237759008
+3.9000000000 +0.7031500000 +0.0026187313 +0.0008000000 +0.0056194945 +0.6315750000 +0.0029917116 +0.5778937500 +0.0033701422 -1.0974000000 +0.0073515755 +2.2852000000 +0.0139976087 +0.1406718744 +0.2842638369 +0.5170781215
+4.0000000000 +0.6971500000 +0.0026156441 -0.0050500000 +0.0055804323 +0.6228500000 +0.0029931829 +0.5671250000 +0.0033769822 -1.0779000000 +0.0073168695 +2.2326000000 +0.0140461689 +0.1368318775 +0.2676828975 +0.5127065206
+4.1000000000 +0.6861500000 +0.0026386377 -0.0035500000 +0.0055228498 +0.6100500000 +0.0030067757 +0.5529750000 +0.0033864267 -1.0445000000 +0.0073878947 +2.1826000000 +0.0140830700 +0.1358518805 +0.2597548483 +0.5047170478
+4.2000000000 +0.6774250000 +0.0026526672 +0.0000750000 +0.0054755707 +0.5996375000 +0.0030143967 +0.5412968750 +0.0033916303 -1.0203000000 +0.0073931993 +2.1342000000 +0.0141102629 +0.1340313042 +0.2478884150 +0.4981930229
+4.3000000000 +0.6687750000 +0.0026688246 -0.0063750000 +0.0054298796 +0.5897125000 +0.0030220423 +0.5304156250 +0.0033951776 -0.9975000000 +0.0073999789 +2.0902000000 +0.0141277457 +0.1325139529 +0.2369267171 +0.4915896452
+4.4000000000 +0.6620250000 +0.0026777827 -0.0057250000 +0.0053928412 +0.5816875000 +0.0030255084 +0.5214343750 +0.0033964059 -0.9733000000 +0.0074729081 +2.0642000000 +0.0141348476 +0.1303730903 +0.2307617996 +0.4863125672
+4.5000000000 +0.6568000000 +0.0026855052 -0.0067500000 +0.0053646036 +0.5756250000 +0.0030281976 +0.5147437500 +0.0033967428 -0.9602000000 +0.0074606165 +2.0352000000 +0.0141399451 +0.1282122311 +0.2198945106 +0.4821660354
+4.6000000000 +0.6466250000 +0.0026775792 +0.0009750000 +0.0052986392 +0.5615125000 +0.0030197834 +0.4976781250 +0.0033915068 -0.9219000000 +0.0074749595 +1.9674000000 +0.0141402568 +0.1246857473 +0.2112477108 +0.4738513746
+4.7000000000 +0.6410250000 +0.0026779138 +0.0002750000 +0.0052646815 +0.5543375000 +0.0030168842 +0.4893218750 +0.0033879831 -0.9059000000 +0.0074456202 +1.9294000000 +0.0141333217 +0.1220633612 +0.2007687080 +0.4692074010
+4.8000000000 +0.6320750000 +0.0027001731 -0.0034750000 +0.0052217115 +0.5453375000 +0.0030239989 +0.4802843750 +0.0033858691 -0.8862000000 +0.0074533535 +1.8964000000 +0.0141231495 +0.1215155786 +0.1928905486 +0.4616726095
+4.9000000000 +0.6351000000 +0.0026837287 -0.0114000000 +0.0052310135 +0.5474000000 +0.0030164403 +0.4816250000 +0.0033845803 -0.8858000000 +0.0074878514 +1.9060000000 +0.0141265070 +0.1175901959 +0.1868152203 +0.4642302601
+5.0000000000 +0.6187250000 +0.0027040883 -0.0112250000 +0.0051426477 +0.5290625000 +0.0030158622 +0.4618156250 +0.0033728868 -0.8421000000 +0.0074895514 +1.8310000000 +0.0140915560 +0.1169934995 +0.1794988144 +0.4500370810
