# T, am1a, am1e, m1a, m1e, m2a, m2e, m4a, m4e, e1a, e1e, e2a, e2e, susc, susce, spec, spece, bind, binde
+0.5000000000 +0.9999993750 +0.0000005929 -0.0067893750 +0.0052780384 +0.9999988281 +0.0000011117 +0.9999979309 +0.0000019629 -1.9999975000 +0.0000023717 +3.9999912500 +0.0000083010 +0.0000024999 +0.0000023716 +0.0000799960 +0.0000758909 +0.6666665751 +0.0000000869
+0.6000000000 +0.9999968750 +0.0000023799 -0.0067718750 +0.0052996637 +0.9999941406 +0.0000044624 +0.9999896545 +0.0000078789 -1.9999875000 +0.0000095197 +3.9999562500 +0.0000333190 +0.0000104149 +0.0000079316 +0.0002777306 +0.0002115080 +0.6666662089 +0.0000003486
+0.7000000000 +0.9999793750 +0.0000033131 -0.0068181250 +0.0052715063 +0.9999613281 +0.0000062120 +0.9999317200 +0.0000109681 -1.9999175000 +0.0000132524 +3.9997112500 +0.0000463833 +0.0000589163 +0.0000094618 +0.0013466592 +0.0002162700 +0.6666636458 +0.0000004852
+0.8000000000 +0.9999112500 +0.0000048251 -0.0068800000 +0.0052863274 +0.9998339062 +0.0000090370 +0.9997076294 +0.0000159436 -1.9996475000 +0.0000192678 +3.9987681250 +0.0000674722 +0.0002279628 +0.0000129063 +0.0044499258 +0.0002417199 +0.6666533993 +0.0000007371
+0.9000000000 +0.9997325000 +0.0000209501 -0.0068712500 +0.0052450041 +0.9995020312 +0.0000382058 +0.9991292358 +0.0000654851 -1.9989525000 +0.0000788749 +3.9963506250 +0.0002726429 +0.0006569832 +0.0000698949 +0.0106561093 +0.0008508599 +0.6666249855 +0.0000037635
+1.0000000000 +0.9992643750 +0.0000218312 -0.0071443750 +0.0051600196 +0.9986302344 +0.0000411077 +0.9976082312 +0.0000733375 -1.9971250000 +0.0000899305 +3.9900018750 +0.0003166007 +0.0016150154 +0.0000452857 +0.0238964560 +0.0007023175 +0.6665510580 +0.0000031824
+1.1000000000 +0.9984550000 +0.0000253845 -0.0068337500 +0.0051456421 +0.9971340625 +0.0000495462 +0.9950151221 +0.0000883425 -1.9940125000 +0.0001072381 +3.9792150000 +0.0003748291 +0.0032242768 +0.0000451069 +0.0413756674 +0.0007410404 +0.6664189925 +0.0000042653
+1.2000000000 +0.9969687500 +0.0000450867 -0.0068412500 +0.0051310278 +0.9944084375 +0.0000804059 +0.9903467334 +0.0001327056 -1.9884262500 +0.0001598969 +3.9599815625 +0.0005357758 +0.0061563826 +0.0001627458 +0.0682483905 +0.0011684063 +0.6661615087 +0.0000103931
+1.3000000000 +0.9947256250 +0.0000624465 -0.0071931250 +0.0052392686 +0.9903460156 +0.0001076638 +0.9834864124 +0.0001743227 -1.9802162500 +0.0002102681 +3.9319665625 +0.0007058456 +0.0106696320 +0.0002581378 +0.1013938330 +0.0012455546 +0.6657486428 +0.0000144854
+1.4000000000 +0.9912418750 +0.0000715566 -0.0065118750 +0.0050001299 +0.9841349219 +0.0001186035 +0.9731899060 +0.0001842443 -1.9678550000 +0.0002166232 +3.8902606250 +0.0007142680 +0.0179933248 +0.0003258864 +0.1453620793 +0.0012752933 +0.6650599752 +0.0000199551
+1.5000000000 +0.9863356250 +0.0001204323 -0.0069668750 +0.0047515046 +0.9755557031 +0.0002102588 +0.9593009729 +0.0003446995 -1.9510762500 +0.0004223500 +3.8345159375 +0.0014103437 +0.0287743247 +0.0003475919 +0.1977999672 +0.0017442558 +0.6640076262 +0.0000257500
+1.6000000000 +0.9792212500 +0.0001606413 -0.0066537500 +0.0046344566 +0.9634843750 +0.0002606873 +0.9403779297 +0.0004078667 -1.9280750000 +0.0004804360 +3.7596100000 +0.0016110815 +0.0460986049 +0.0006637569 +0.2633405387 +0.0019023400 +0.6623305508 +0.0000451533
+1.7000000000 +0.9693181250 +0.0001721065 -0.0064231250 +0.0044084409 +0.9471161719 +0.0002804392 +0.9154695007 +0.0004416955 -1.8973800000 +0.0005145757 +3.6617456250 +0.0017407430 +0.0709482185 +0.0008519744 +0.3415480289 +0.0015321947 +0.6598143058 +0.0000517693
+1.8000000000 +0.9567762500 +0.0001558515 -0.0062050000 +0.0044324260 +0.9269592188 +0.0002600948 +0.8856820972 +0.0004300420 -1.8602612500 +0.0004987874 +3.5457609375 +0.0017188492 +0.1025616292 +0.0007746991 +0.4206742289 +0.0010828096 +0.6564141869 +0.0000455038
+1.9000000000 +0.9395268750 +0.0002874783 -0.0066981250 +0.0040707106 +0.9000999219 +0.0004498271 +0.8474782556 +0.0006382941 -1.8114050000 +0.0009103334 +3.3978662500 +0.0026274018 +0.1464281818 +0.0008631100 +0.5170964605 +0.0031666397 +0.6513209387 +0.0000931148
+2.0000000000 +0.9186993750 +0.0003409562 -0.0059518750 +0.0041920294 +0.8685599219 +0.0004812669 +0.8040693152 +0.0006627207 -1.7546412500 +0.0008690675 +3.2309409375 +0.0025867394 +0.1964017419 +0.0014241453 +0.6086698741 +0.0024741780 +0.6447183634 +0.0001178766
+2.1000000000 +0.8940618750 +0.0003148418 -0.0052218750 +0.0042549726 +0.8323705469 +0.0004462783 +0.7559560828 +0.0006073417 -1.6905987500 +0.0007684368 +3.0471553125 +0.0022936911 +0.2516031946 +0.0013878619 +0.6858059829 +0.0022263458 +0.6363010744 +0.0001278280
+2.2000000000 +0.8653237500 +0.0003340949 -0.0053637500 +0.0034403128 +0.7915323438 +0.0005005323 +0.7036644019 +0.0007185730 -1.6187162500 +0.0009236545 +2.8476515625 +0.0027883898 +0.3108802563 +0.0011438858 +0.7517379607 +0.0018634685 +0.6256251149 +0.0001241980
+2.3000000000 +0.8334062500 +0.0003152293 -0.0050687500 +0.0034931913 +0.7472507812 +0.0004546023 +0.6486302710 +0.0006067090 -1.5411637500 +0.0007704878 +2.6383146875 +0.0022810142 +0.3664960697 +0.0013012469 +0.7958353018 +0.0013101601 +0.6127929134 +0.0001631806
+2.4000000000 +0.8005768750 +0.0003524424 -0.0047918750 +0.0030284074 +0.7023366406 +0.0005329524 +0.5940033997 +0.0007703509 -1.4622687500 +0.0009061530 +2.4310915625 +0.0028112454 +0.4094137712 +0.0015612777 +0.8134818171 +0.0018289041 +0.5986009625 +0.0001846841
+2.5000000000 +0.7657168750 +0.0007696631 -0.0043493750 +0.0026482253 +0.6557319531 +0.0009570596 +0.5390486487 +0.0010942272 -1.3805312500 +0.0015598039 +2.2220371875 +0.0039461035 +0.4441836586 +0.0018447307 +0.8093345930 +0.0013531676 +0.5821154358 +0.0004019795
+2.6000000000 +0.7306137500 +0.0006837196 -0.0033912500 +0.0021805743 +0.6106871875 +0.0009250271 +0.4881802246 +0.0010882356 -1.3020775000 +0.0015080086 +2.0293231250 +0.0039418612 +0.4731449913 +0.0007963237 +0.7902830014 +0.0014264675 +0.5636629911 +0.0003738170
+2.7000000000 +0.6946100000 +0.0007270446 -0.0041250000 +0.0021137986 +0.5650395313 +0.0008692531 +0.4375997876 +0.0009240016 -1.2212187500 +0.0014610198 +1.8360134375 +0.0034596574 +0.4891922561 +0.0013227143 +0.7563607273 +0.0014548585 +0.5431207645 +0.0005034157
+2.8000000000 +0.6616106250 +0.0006955360 -0.0043956250 +0.0020582502 +0.5237017969 +0.0008602869 +0.3924511560 +0.0009753039 -1.1469562500 +0.0014707038 +1.6627515625 +0.0035954953 +0.4912476575 +0.0010004276 +0.7086148845 +0.0018817645 +0.5230238115 +0.0004698993
+2.9000000000 +0.6300481250 +0.0004428883 -0.0024243750 +0.0020948986 +0.4851508594 +0.0005003504 +0.3519701404 +0.0005462466 -1.0787937500 +0.0009587708 +1.5084709375 +0.0021772711 +0.4865559065 +0.0009591656 +0.6557256410 +0.0014549819 +0.5015382438 +0.0004132326
+3.0000000000 +0.6004962500 +0.0006573694 -0.0029812500 +0.0022694753 +0.4503004687 +0.0006276188 +0.3165777612 +0.0005947283 -1.0161812500 +0.0010678911 +1.3726840625 +0.0023755077 +0.4784021394 +0.0012910948 +0.6045303569 +0.0013882382 +0.4795726865 +0.0007861230
+3.1000000000 +0.5745643750 +0.0005974033 -0.0021481250 +0.0020626492 +0.4196691406 +0.0007185247 +0.2857979895 +0.0007266760 -0.9603900000 +0.0014378693 +1.2536943750 +0.0028886086 +0.4621489068 +0.0005181876 +0.5516332957 +0.0004229739 +0.4590907542 +0.0005026047
+3.2000000000 +0.5510093750 +0.0007653417 -0.0004793750 +0.0019245986 +0.3924107031 +0.0008448258 +0.2589827112 +0.0007879171 -0.9092550000 +0.0012589147 +1.1490987500 +0.0029713563 +0.4439675715 +0.0007353835 +0.5036535099 +0.0015323343 +0.4393747806 +0.0008318771
+3.3000000000 +0.5280462500 +0.0007178408 -0.0007312500 +0.0016632618 +0.3663582812 +0.0007386594 +0.2336869214 +0.0007287799 -0.8607262500 +0.0012999993 +1.0502309375 +0.0026993745 +0.4243407814 +0.0012419984 +0.4545298220 +0.0016283077 +0.4196332286 +0.0008648419
+3.4000000000 +0.5077862500 +0.0010776145 -0.0005425000 +0.0016888848 +0.3432301562 +0.0011403477 +0.2118978101 +0.0010283653 -0.8164925000 +0.0017891559 +0.9651450000 +0.0038078898 +0.4017490260 +0.0005153888 +0.4130837186 +0.0013611846 +0.4004313372 +0.0011322555
+3.5000000000 +0.4903618750 +0.0009300199 -0.0010506250 +0.0013190158 +0.3243064844 +0.0009942637 +0.1948156482 +0.0008809733 -0.7799000000 +0.0020041925 +0.8972693750 +0.0035632271 +0.3832825899 +0.0007139257 +0.3774500534 +0.0011211934 +0.3825590423 +0.0011675146
+3.6000000000 +0.4728937500 +0.0005742971 -0.0002950000 +0.0012559495 +0.3052223438 +0.0006043157 +0.1773795337 +0.0006104802 -0.7420625000 +0.0011314427 +0.8275975000 +0.0023416068 +0.3626246524 +0.0006757496 +0.3418863512 +0.0011587643 +0.3653378134 +0.0005691751
+3.7000000000 +0.4571212500 +0.0003829564 -0.0006725000 +0.0013108085 +0.2886323438 +0.0003223562 +0.1630255151 +0.0002741107 -0.7095500000 +0.0006816180 +0.7706325000 +0.0010147300 +0.3445234162 +0.0005000781 +0.3122473648 +0.0006252035 +0.3477024572 +0.0006474771
+3.8000000000 +0.4425175000 +0.0005475384 -0.0010450000 +0.0012143368 +0.2731523437 +0.0005146644 +0.1495485132 +0.0004759381 -0.6777625000 +0.0012337962 +0.7159543750 +0.0019827648 +0.3255899283 +0.0005820944 +0.2842960067 +0.0008690408 +0.3318896153 +0.0008827014
+3.9000000000 +0.4294987500 +0.0004707298 -0.0006712500 +0.0011086842 +0.2594851563 +0.0004620336 +0.1379762573 +0.0004219675 -0.6497812500 +0.0009662900 +0.6690534375 +0.0017464901 +0.3077487759 +0.0006216416 +0.2596485759 +0.0008165325 +0.3169441560 +0.0010153119
+4.0000000000 +0.4180243750 +0.0003675079 +0.0000281250 +0.0008820104 +0.2478252344 +0.0004822834 +0.1284540662 +0.0005034219 -0.6248025000 +0.0007980421 +0.6303268750 +0.0019025344 +0.2923180226 +0.0008790128 +0.2399423423 +0.0009937444 +0.3028597802 +0.0005978290
+4.1000000000 +0.4071037500 +0.0006327909 -0.0010225000 +0.0013050659 +0.2369692187 +0.0006659531 +0.1196296313 +0.0006458733 -0.6011225000 +0.0014499039 +0.5933575000 +0.0025565969 +0.2779775658 +0.0007288901 +0.2208097254 +0.0009725316 +0.2899222408 +0.0004653461
+4.2000000000 +0.3985018750 +0.0005993545 -0.0007581250 +0.0008819125 +0.2282867969 +0.0006204419 +0.1125651404 +0.0005065031 -0.5822475000 +0.0007402001 +0.5635050000 +0.0015626168 +0.2646836581 +0.0007231979 +0.2036166619 +0.0007420945 +0.2800343407 +0.0008266431
+4.3000000000 +0.3904906250 +0.0006002430 -0.0000543750 +0.0008311419 +0.2202461719 +0.0005607286 +0.1061662390 +0.0004337750 -0.5636787500 +0.0012942288 +0.5372790625 +0.0017890145 +0.2521288958 +0.0007068915 +0.1899652387 +0.0005977288 +0.2704595940 +0.0014837506
+4.4000000000 +0.3812225000 +0.0006185418 -0.0001900000 +0.0009257084 +0.2114690625 +0.0005349501 +0.0997089111 +0.0003807444 -0.5425725000 +0.0010607247 +0.5085650000 +0.0015488508 +0.2404896075 +0.0005200573 +0.1769990338 +0.0005496659 +0.2567672576 +0.0015708896
+4.5000000000 +0.3728806250 +0.0004820905 -0.0003781250 +0.0008834765 +0.2035117969 +0.0004745947 +0.0936922888 +0.0003616369 -0.5253962500 +0.0007358415 +0.4842196875 +0.0011532754 +0.2292249325 +0.0005803985 +0.1644824125 +0.0005830820 +0.2459542941 +0.0008962477
+4.6000000000 +0.3665875000 +0.0004160810 -0.0009825000 +0.0006404349 +0.1972912500 +0.0003657228 +0.0887015479 +0.0002635088 -0.5102375000 +0.0011647384 +0.4632800000 +0.0011408230 +0.2187934734 +0.0004123842 +0.1534397939 +0.0005191556 +0.2403768767 +0.0014639032
+4.7000000000 +0.3594037500 +0.0004677124 -0.0002612500 +0.0006710613 +0.1905020312 +0.0004256968 +0.0838039185 +0.0003115902 -0.4956362500 +0.0008817746 +0.4426509375 +0.0013877911 +0.2087788534 +0.0005337162 +0.1426802136 +0.0005603217 +0.2302590807 +0.0015672521
+4.8000000000 +0.3533412500 +0.0007198221 +0.0003225000 +0.0008342367 +0.1848217188 +0.0005436328 +0.0797238159 +0.0003303097 -0.4806762500 +0.0010335050 +0.4246003125 +0.0011864687 +0.1998883279 +0.0003301753 +0.1344027596 +0.0003379426 +0.2220069995 +0.0020212611
+4.9000000000 +0.3481050000 +0.0005993283 -0.0001825000 +0.0008759918 +0.1802532813 +0.0005160694 +0.0766510571 +0.0003738947 -0.4691237500 +0.0012030813 +0.4115203125 +0.0013937998 +0.1928901168 +0.0005993413 +0.1275660113 +0.0003678324 +0.2136407189 +0.0013562626
+5.0000000000 +0.3423868750 +0.0004533818 +0.0000918750 +0.0008350393 +0.1749861719 +0.0004088424 +0.0730011023 +0.0003009987 -0.4555987500 +0.0007414143 +0.3950478125 +0.0010017216 +0.1848171013 +0.0004847942 +0.1199821405 +0.0003997842 +0.2053158626 +0.0014417520
