# T, am1a, am1e, m1a, m1e, m2a, m2e, m4a, m4e, e1a, e1e, e2a, e2e, susc, spec, bind
+0.5000000000 +1.0000000000 +0.0000000000 -0.0116000000 +0.0070705921 +1.0000000000 +0.0000000000 +1.0000000000 +0.0000000000 -2.0000000000 +0.0000000000 +4.0000000000 +0.0000000000 +0.0000000000 +0.0000000000 +0.6666666667
+0.6000000000 +1.0000000000 +0.0000000000 -0.0116000000 +0.0070705921 +1.0000000000 +0.0000000000 +1.0000000000 +0.0000000000 -2.0000000000 +0.0000000000 +4.0000000000 +0.0000000000 +0.0000000000 +0.0000000000 +0.6666666667
+0.7000000000 +0.9999875000 +0.0000088384 -0.0116000000 +0.0070705092 +0.9999765625 +0.0000165720 +0.9999586182 +0.0000292599 -1.9999500000 +0.0000353536 +3.9998250000 +0.0001237375 +0.0000357107 +0.0008162449 +0.6666648357
+0.8000000000 +0.9999000000 +0.0000249900 -0.0116000000 +0.0070699291 +0.9998125000 +0.0000468562 +0.9996689453 +0.0000827306 -1.9996000000 +0.0000999600 +3.9986000000 +0.0003498600 +0.0002498000 +0.0049960000 +0.6666520245
+0.9000000000 +0.9998625000 +0.0000292990 -0.0115625000 +0.0070696835 +0.9997421875 +0.0000549356 +0.9995447998 +0.0000969956 -1.9994500000 +0.0001171959 +3.9980750000 +0.0004101856 +0.0003052194 +0.0054261235 +0.6666465368
+1.0000000000 +0.9992875000 +0.0000716301 -0.0104250000 +0.0070660082 +0.9986781250 +0.0001315585 +0.9977041504 +0.0002256646 -1.9972500000 +0.0002691364 +3.9904562500 +0.0009300729 +0.0016418775 +0.0231790000 +0.6665509767
+1.1000000000 +0.9983625000 +0.0001072686 -0.0092000000 +0.0070600042 +0.9969578125 +0.0001960982 +0.9946939697 +0.0003370459 -1.9936125000 +0.0004050355 +3.9777718750 +0.0014033069 +0.0033473614 +0.0433861136 +0.6664087364
+1.2000000000 +0.9969625000 +0.0001497642 -0.0090375000 +0.0070508905 +0.9943828125 +0.0002727326 +0.9902848389 +0.0004643937 -1.9883375000 +0.0005564221 +3.9596781250 +0.0019109385 +0.0059811479 +0.0688012344 +0.6661651614
+1.3000000000 +0.9948437500 +0.0001997038 -0.0090187500 +0.0070371528 +0.9905117187 +0.0003608157 +0.9837172241 +0.0006061410 -1.9804000000 +0.0007306962 +3.9326625000 +0.0024808882 +0.0098170072 +0.1010967101 +0.6657820394
+1.4000000000 +0.9911062500 +0.0002843409 -0.0067312500 +0.0070137839 +0.9839085937 +0.0004891968 +0.9728623901 +0.0007934465 -1.9674125000 +0.0009533803 +3.8888906250 +0.0031986220 +0.0184799424 +0.1483973865 +0.6650186319
+1.5000000000 +0.9867812500 +0.0003567069 -0.0047687500 +0.0069866275 +0.9762820313 +0.0006043127 +0.9604304810 +0.0009617866 -1.9523625000 +0.0011632937 +3.8387843750 +0.0038511562 +0.0271444896 +0.1924625322 +0.6641123098
+1.6000000000 +0.9795625000 +0.0004684314 -0.0044625000 +0.0069423027 +0.9639312500 +0.0007596168 +0.9407038086 +0.0011763669 -1.9284250000 +0.0014311625 +3.7597875000 +0.0046722894 +0.0438855859 +0.2560282461 +0.6625266151
+1.7000000000 +0.9693625000 +0.0006137907 -0.0025125000 +0.0068818316 +0.9471984375 +0.0009652965 +0.9158208252 +0.0014305921 -1.8976750000 +0.0017619002 +3.6632562500 +0.0055913513 +0.0709155868 +0.3437278581 +0.6597428075
+1.8000000000 +0.9572812500 +0.0007531999 -0.0035937500 +0.0068107293 +0.9277335937 +0.0011410672 +0.8867303101 +0.0016445043 -1.8614750000 +0.0020515034 +3.5492625000 +0.0063871413 +0.1008551302 +0.4156707377 +0.6565814635
+1.9000000000 +0.9379750000 +0.0009418589 -0.0048750000 +0.0066989376 +0.8975390625 +0.0013815809 +0.8437516846 +0.0019145122 -1.8062750000 +0.0024496364 +3.3826437500 +0.0073778721 +0.1494059947 +0.5319196648 +0.6508703924
+2.0000000000 +0.9174812500 +0.0011200418 -0.0054187500 +0.0065834351 +0.8668617187 +0.0015928140 +0.8021903687 +0.0021350337 -1.7517125000 +0.0027857916 +3.2237093750 +0.0081697422 +0.2007189972 +0.6208507694 +0.6441585466
+2.1000000000 +0.8925812500 +0.0013043400 -0.0074812500 +0.0064446543 +0.8307273438 +0.0017921525 +0.7543441284 +0.0023248987 -1.6878875000 +0.0031003642 +3.0412093750 +0.0088473072 +0.2592461402 +0.6974881173 +0.6356395346
+2.2000000000 +0.8645875000 +0.0014654514 -0.0061250000 +0.0062865928 +0.7904625000 +0.0019653212 +0.7020807129 +0.0024765845 -1.6174500000 +0.0033688778 +2.8431312500 +0.0093674439 +0.3123705807 +0.7503694132 +0.6254556547
+2.3000000000 +0.8327000000 +0.0016316416 -0.0004625000 +0.0061099679 +0.7466343750 +0.0021316835 +0.6483443848 +0.0026048411 -1.5403750000 +0.0036395474 +2.6376812500 +0.0098365661 +0.3704005913 +0.8012887996 +0.6123243380
+2.4000000000 +0.7994750000 +0.0017563373 -0.0011375000 +0.0059196849 +0.7008546875 +0.0022502907 +0.5924734619 +0.0026818420 -1.4600000000 +0.0038368281 +2.4260250000 +0.0101087533 +0.4112960792 +0.8178472222 +0.5979392460
+2.5000000000 +0.7667062500 +0.0018431859 -0.0014312500 +0.0057261816 +0.6557851563 +0.0023237899 +0.5380541626 +0.0027073933 -1.3792750000 +0.0039706374 +2.2177187500 +0.0101940789 +0.4348587678 +0.8072172144 +0.5829562889
+2.6000000000 +0.7319312500 +0.0019566504 -0.0005312500 +0.0055330493 +0.6122929688 +0.0023929777 +0.4894295288 +0.0027056251 -1.3051500000 +0.0040642633 +2.0337812500 +0.0101662312 +0.4711976248 +0.7819283491 +0.5648385964
+2.7000000000 +0.6960875000 +0.0020299092 -0.0054000000 +0.0053240928 +0.5669484375 +0.0024287710 +0.4394091064 +0.0026832858 -1.2234625000 +0.0041576293 +1.8425781250 +0.0100906414 +0.4883592880 +0.7587767047 +0.5443192599
+2.8000000000 +0.6617437500 +0.0020763631 -0.0064937500 +0.0051190248 +0.5241304688 +0.0024343066 +0.3932297241 +0.0026218940 -1.1458000000 +0.0041816481 +1.6625812500 +0.0098751734 +0.4927181605 +0.7137216531 +0.5228595122
+2.9000000000 +0.6288562500 +0.0021082054 -0.0076312500 +0.0049208360 +0.4843507812 +0.0024221717 +0.3519339966 +0.0025480837 -1.0776250000 +0.0041666420 +1.5084937500 +0.0095838592 +0.4904308860 +0.6605814209 +0.4999424860
+3.0000000000 +0.6014750000 +0.0021176676 -0.0064125000 +0.0047509019 +0.4514625000 +0.0023926903 +0.3183177246 +0.0024655857 -1.0182750000 +0.0041371248 +1.3792000000 +0.0092760748 +0.4783483967 +0.6085618211 +0.4794095431
+3.1000000000 +0.5780187500 +0.0021178901 -0.0055937500 +0.0046031704 +0.4238148438 +0.0023467071 +0.2897597046 +0.0023654669 -0.9662000000 +0.0040790704 +1.2663187500 +0.0089127907 +0.4630150627 +0.5540500479 +0.4622698240
+3.2000000000 +0.5545062500 +0.0021035703 -0.0012062500 +0.0044495836 +0.3959773437 +0.0022890372 +0.2615918823 +0.0022610893 -0.9153875000 +0.0040118970 +1.1598406250 +0.0085296301 +0.4425008123 +0.5029786716 +0.4438879160
+3.3000000000 +0.5289187500 +0.0020939323 -0.0017187500 +0.0042862754 +0.3674460937 +0.0022373566 +0.2351319214 +0.0021634309 -0.8624125000 +0.0039436915 +1.0548093750 +0.0081713738 +0.4251687256 +0.4570123854 +0.4194988715
+3.4000000000 +0.5114375000 +0.0020725376 -0.0020250000 +0.0041681678 +0.3474765625 +0.0021817777 +0.2159430420 +0.0020741055 -0.8235375000 +0.0038841528 +0.9799468750 +0.0078454406 +0.4042740993 +0.4176233372 +0.4038343800
+3.5000000000 +0.4920562500 +0.0020503642 -0.0012312500 +0.0040385499 +0.3261992188 +0.0021267682 +0.1968687866 +0.0019826476 -0.7822500000 +0.0038222862 +0.9041125000 +0.0075200595 +0.3843650998 +0.3816456327 +0.3832775233
+3.6000000000 +0.4705562500 +0.0020248584 +0.0001312500 +0.0038950238 +0.3034242187 +0.0020456156 +0.1757571167 +0.0018549163 -0.7404375000 +0.0037106632 +0.8236281250 +0.0070463622 +0.3644490415 +0.3399758439 +0.3636571337
+3.7000000000 +0.4560750000 +0.0020026385 +0.0039375000 +0.0037960514 +0.2882156250 +0.0019961537 +0.1627608398 +0.0017814222 -0.7102500000 +0.0036463248 +0.7703687500 +0.0067712179 +0.3468593270 +0.3107829803 +0.3468790354
+3.8000000000 +0.4411187500 +0.0019650982 +0.0054062500 +0.0036863854 +0.2718179688 +0.0019344418 +0.1487263062 +0.0017027345 -0.6746750000 +0.0035981846 +0.7141250000 +0.0064987457 +0.3251882827 +0.2869126253 +0.3290190170
+3.9000000000 +0.4313687500 +0.0019376803 -0.0000937500 +0.0036136622 +0.2611710938 +0.0018834166 +0.1391555054 +0.0016323319 -0.6539750000 +0.0035223249 +0.6758187500 +0.0062463672 +0.3080701345 +0.2610234839 +0.3199686688
+4.0000000000 +0.4178250000 +0.0019204746 +0.0003250000 +0.0035237912 +0.2483421875 +0.0018423566 +0.1295593994 +0.0015770632 -0.6262875000 +0.0034785833 +0.6342468750 +0.0060441582 +0.2950578275 +0.2420108423 +0.2997604007
+4.1000000000 +0.4056437500 +0.0018824127 -0.0046562500 +0.0034307049 +0.2354164062 +0.0017726255 +0.1182649048 +0.0014785891 -0.5999125000 +0.0033775129 +0.5880468750 +0.0056748550 +0.2765641145 +0.2171582319 +0.2886862885
+4.2000000000 +0.3990062500 +0.0018574737 -0.0042937500 +0.0033778079 +0.2282101562 +0.0017371335 +0.1124325317 +0.0014377157 -0.5827000000 +0.0033525044 +0.5643250000 +0.0055453237 +0.2628730237 +0.2038872653 +0.2803840201
+4.3000000000 +0.3919937500 +0.0018423973 -0.0026812500 +0.0033282162 +0.2215476563 +0.0017028834 +0.1070796021 +0.0013840021 -0.5665875000 +0.0033244867 +0.5420656250 +0.0053347558 +0.2526085813 +0.1912767808 +0.2728045150
+4.4000000000 +0.3830312500 +0.0018253257 +0.0000812500 +0.0032661079 +0.2133492188 +0.0016651444 +0.1009720093 +0.0013374068 -0.5486125000 +0.0032703398 +0.5148781250 +0.0051730632 +0.2423137464 +0.1767788842 +0.2605690409
+4.5000000000 +0.3745250000 +0.0017982165 -0.0015375000 +0.0032010800 +0.2049406250 +0.0016249876 +0.0948123535 +0.0012948392 -0.5245750000 +0.0032629248 +0.4881125000 +0.0050250976 +0.2299436422 +0.1682438079 +0.2475328243
+4.6000000000 +0.3677812500 +0.0017737044 -0.0005937500 +0.0031478822 +0.1981835937 +0.0015857414 +0.0895682495 +0.0012414926 -0.5116875000 +0.0031934329 +0.4657843750 +0.0048208217 +0.2188540727 +0.1542232721 +0.2398532674
+4.7000000000 +0.3587875000 +0.0017473815 +0.0030625000 +0.0030804702 +0.1897953125 +0.0015347151 +0.0831292725 +0.0011691506 -0.4953625000 +0.0031367309 +0.4421656250 +0.0045622683 +0.2078871229 +0.1425308238 +0.2307601747
+4.8000000000 +0.3521000000 +0.0017283341 +0.0015000000 +0.0030307997 +0.1837171875 +0.0015057478 +0.0790975342 +0.0011407568 -0.4806500000 +0.0031022216 +0.4235000000 +0.0044494255 +0.1991425917 +0.1336635955 +0.2188361924
+4.9000000000 +0.3484000000 +0.0017082786 +0.0019250000 +0.0029978590 +0.1797468750 +0.0014776921 +0.0759804199 +0.0011084201 -0.4712750000 +0.0030842837 +0.4123562500 +0.0043475984 +0.1905773551 +0.1267845893 +0.2161052833
+5.0000000000 +0.3420062500 +0.0017012588 -0.0016437500 +0.0029567821 +0.1748539062 +0.0014642176 +0.0734525513 +0.0010978784 -0.4562000000 +0.0030749009 +0.3972187500 +0.0043002798 +0.1852340199 +0.1210241984 +0.1991799234
