# T, am1a, am1e, m1a, m1e, m2a, m2e, m4a, m4e, e1a, e1e, e2a, e2e, susc, spec, bind
+0.5000000000 +0.9999998047 +0.0000001381 -0.0631001953 +0.0070569752 +0.9999996098 +0.0000002759 +0.9999992210 +0.0000005508 -1.9999992187 +0.0000005524 +3.9999968811 +0.0000022053 +0.0000007812 +0.0000249975 +0.6666666662
+0.6000000000 +0.9999963867 +0.0000005935 -0.0638995117 +0.0070565914 +0.9999927805 +0.0000011858 +0.9999855892 +0.0000023669 -1.9999855469 +0.0000023739 +3.9999423004 +0.0000094770 +0.0000120220 +0.0003205864 +0.6666666573
+0.7000000000 +0.9999795898 +0.0000014246 -0.0642975586 +0.0070562917 +0.9999592207 +0.0000028463 +0.9999186051 +0.0000056809 -1.9999189453 +0.0000056282 +3.9996764214 +0.0000224682 +0.0000593795 +0.0013239617 +0.6666666127
+0.8000000000 +0.9999098633 +0.0000030043 -0.0648924805 +0.0070555258 +0.9998199152 +0.0000060018 +0.9996405833 +0.0000119767 -1.9996416016 +0.0000118975 +3.9985693657 +0.0000474859 +0.0002310556 +0.0045295883 +0.6666664264
+0.9000000000 +0.9997166016 +0.0000053763 -0.0641837891 +0.0070544819 +0.9994338615 +0.0000107380 +0.9988703497 +0.0000214174 -1.9988775391 +0.0000211060 +3.9955203255 +0.0000842066 +0.0006577517 +0.0112631168 +0.6666658971
+1.0000000000 +0.9992872070 +0.0000087025 -0.0633645508 +0.0070518131 +0.9985764368 +0.0000173729 +0.9971609365 +0.0000346181 -1.9972089844 +0.0000335300 +3.9888662125 +0.0001336642 +0.0015510215 +0.0230248398 +0.6666646488
+1.1000000000 +0.9984500000 +0.0000131347 -0.0717732422 +0.0070418551 +0.9969058529 +0.0000261948 +0.9938350028 +0.0000520936 -1.9939873047 +0.0000496429 +3.9760346596 +0.0001975605 +0.0032119994 +0.0417117696 +0.6666620638
+1.2000000000 +0.9970145508 +0.0000185854 -0.0665305664 +0.0070342683 +0.9940449228 +0.0000370070 +0.9881526989 +0.0000733657 -1.9885494141 +0.0000687624 +3.9544233376 +0.0002728811 +0.0058951331 +0.0672464972 +0.6666574268
+1.3000000000 +0.9947750000 +0.0000253640 -0.0666523437 +0.0070183603 +0.9895901672 +0.0000503852 +0.9793394724 +0.0000994198 -1.9803087891 +0.0000907662 +3.9217876701 +0.0003587379 +0.0101349308 +0.0998370294 +0.6666493843
+1.4000000000 +0.9913907227 +0.0000341384 -0.0675223633 +0.0069939960 +0.9828788736 +0.0000675540 +0.9661421512 +0.0001322810 -1.9680912109 +0.0001182959 +3.8736628929 +0.0004645234 +0.0170486239 +0.1462221554 +0.6666351739
+1.5000000000 +0.9864130859 +0.0000447833 -0.0775294922 +0.0069535605 +0.9730508869 +0.0000881380 +0.9469833948 +0.0001707378 -1.9508080078 +0.0001478032 +3.8060887993 +0.0005752931 +0.0273823118 +0.1988452991 +0.6666119695
+1.6000000000 +0.9795133789 +0.0000582861 -0.0656889648 +0.0069108587 +0.9595144049 +0.0001138492 +0.9209271259 +0.0002172703 -1.9279882812 +0.0001808574 +3.7177930008 +0.0006957444 +0.0434850642 +0.2616752625 +0.6665728099
+1.7000000000 +0.9700473633 +0.0000771543 -0.0564747070 +0.0068480711 +0.9411109426 +0.0001489476 +0.8861335142 +0.0002778511 -1.8981904297 +0.0002217069 +3.6041099861 +0.0008391346 +0.0717135155 +0.3483296358 +0.6664996753
+1.8000000000 +0.9566413086 +0.0001005148 -0.0715500977 +0.0067462776 +0.9153646578 +0.0001911727 +0.8386233971 +0.0003462530 -1.8587542969 +0.0002637853 +3.4563591904 +0.0009777839 +0.1149522350 +0.4398314564 +0.6663758814
+1.9000000000 +0.9380960938 +0.0001359693 -0.0572958984 +0.0066223531 +0.8803940342 +0.0002527846 +0.7763716562 +0.0004381054 -1.8090675781 +0.0003143366 +3.2747016525 +0.0011340081 +0.1992774526 +0.5605478978 +0.6661170553
+2.0000000000 +0.9106916016 +0.0001972500 -0.0723513672 +0.0064222372 +0.8301373444 +0.0003520616 +0.6916069577 +0.0005666153 -1.7443464844 +0.0003784665 +3.0456093948 +0.0013155060 +0.3984134164 +0.7333727450 +0.6654675923
+2.1000000000 +0.8668965820 +0.0003240228 -0.0569161133 +0.0061252349 +0.7536094999 +0.0005382529 +0.5737216015 +0.0007624855 -1.6604734375 +0.0004593570 +2.7613922134 +0.0015176554 +1.0239102751 +0.9799231383 +0.6632658069
+2.2000000000 +0.7825528320 +0.0006804003 -0.0502840820 +0.0055638087 +0.6216478258 +0.0009250689 +0.4035610696 +0.0010115417 -1.5442945313 +0.0005850665 +2.3916916565 +0.0017935346 +4.3095928521 +1.4484220288 +0.6519038888
+2.3000000000 +0.5464314453 +0.0015689293 +0.0218039063 +0.0041673895 +0.3478181076 +0.0014566102 +0.1634117001 +0.0009973692 -1.3674689453 +0.0007158949 +1.8802214272 +0.0019626348 +21.9184008587 +1.9841424232 +0.5497460640
+2.4000000000 +0.3102603516 +0.0014069024 -0.0002912109 +0.0026062319 +0.1358489754 +0.0009932190 +0.0381846254 +0.0004500033 -1.2108859375 +0.0006003388 +1.4734528870 +0.0014717108 +16.8906622381 +1.2814459249 +0.3103090216
+2.5000000000 +0.1960778320 +0.0010042579 -0.0127780273 +0.0017095894 +0.0586171961 +0.0005303351 +0.0090610821 +0.0001540486 -1.1057460938 +0.0005205858 +1.2280946152 +0.0011579909 +8.2619104743 +0.8880441475 +0.1209598150
+2.6000000000 +0.1481722656 +0.0007632072 -0.0074724609 +0.0012951619 +0.0336047264 +0.0003160853 +0.0031274761 +0.0000627179 -1.0267667969 +0.0004749564 +1.0587617264 +0.0009794343 +4.5881919447 +0.6834247520 +0.0768505334
+2.7000000000 +0.1230909180 +0.0006373867 -0.0062393555 +0.0010779072 +0.0232766092 +0.0002217568 +0.0015253217 +0.0000321415 -0.9638349609 +0.0004595284 +0.9332011589 +0.0008894461 +3.0815706619 +0.5932355044 +0.0615724189
+2.8000000000 +0.1074815430 +0.0005542737 -0.0008999023 +0.0009406343 +0.0176966684 +0.0001684735 +0.0008808384 +0.0000184275 -0.9096347656 +0.0004418059 +0.8313392563 +0.0008066817 +2.2470898670 +0.5098905408 +0.0624553551
+2.9000000000 +0.0956572266 +0.0004999129 +0.0020812500 +0.0008409587 +0.0141485630 +0.0001357549 +0.0005687696 +0.0000119465 -0.8613613281 +0.0004326088 +0.7456863449 +0.0007485314 +1.7649021387 +0.4557478592 +0.0529117308
+3.0000000000 +0.0856916016 +0.0004526617 +0.0013642578 +0.0007562818 +0.0114411037 +0.0001114253 +0.0003792108 +0.0000082875 -0.8174404297 +0.0004206039 +0.6717470085 +0.0006906893 +1.3988021474 +0.4025631206 +0.0343414407
+3.1000000000 +0.0786270508 +0.0004167769 +0.0003596680 +0.0006948433 +0.0096562731 +0.0000941372 +0.0002704800 +0.0000059757 -0.7794818359 +0.0004104390 +0.6109611366 +0.0006425467 +1.1475604527 +0.3590078011 +0.0330703104
+3.2000000000 +0.0728678711 +0.0003907523 +0.0012338867 +0.0006466047 +0.0083634745 +0.0000834533 +0.0002092366 +0.0000046592 -0.7447048828 +0.0004016003 +0.5578110191 +0.0006004797 +0.9771993045 +0.3225656650 +0.0028901852
+3.3000000000 +0.0683042969 +0.0003662682 +0.0010603516 +0.0006061106 +0.0073485249 +0.0000734652 +0.0001619434 +0.0000035639 -0.7137779297 +0.0003951950 +0.5126025139 +0.0005664346 +0.8325578892 +0.2937141341 +0.0003644460
+3.4000000000 +0.0651125977 +0.0003477639 +0.0012270508 +0.0005769289 +0.0066584444 +0.0000656169 +0.0001304466 +0.0000028610 -0.6856218750 +0.0003870940 +0.4730741913 +0.0005333737 +0.7284838494 +0.2654636561 +0.0192330496
+3.5000000000 +0.0620107422 +0.0003308987 +0.0011261719 +0.0005492697 +0.0060352116 +0.0000600333 +0.0001085038 +0.0000024196 -0.6596095703 +0.0003876318 +0.4380899529 +0.0005135469 +0.6406961493 +0.2512074796 +0.0070238617
+3.6000000000 +0.0592406250 +0.0003156057 +0.0007472656 +0.0005244536 +0.0055015903 +0.0000541475 +0.0000889066 +0.0000019135 -0.6362464844 +0.0003792636 +0.4076864059 +0.0004844504 +0.5666527849 +0.2273040644 +0.0208795122
+3.7000000000 +0.0567032227 +0.0003025821 +0.0010452148 +0.0005022590 +0.0050463743 +0.0000505197 +0.0000765106 +0.0000017340 -0.6147550781 +0.0003781633 +0.3807839554 +0.0004667362 +0.5067745173 +0.2139366608 -0.0014786284
+3.8000000000 +0.0546860352 +0.0002921805 +0.0007491211 +0.0004846334 +0.0046979509 +0.0000470357 +0.0000663179 +0.0000015299 -0.5939574219 +0.0003710026 +0.3555382782 +0.0004427155 +0.4600962679 +0.1952166079 -0.0015953183
+3.9000000000 +0.0526804688 +0.0002836201 +0.0006861328 +0.0004681650 +0.0043840393 +0.0000444611 +0.0000587557 +0.0000014024 -0.5749318359 +0.0003728723 +0.3333272911 +0.0004306283 +0.4224151024 +0.1872065310 -0.0190127494
+4.0000000000 +0.0520158203 +0.0002769919 -0.0000386719 +0.0004604419 +0.0042401356 +0.0000422007 +0.0000535968 +0.0000012310 -0.5570732422 +0.0003661454 +0.3130118462 +0.0004096426 +0.3928294430 +0.1715999360 +0.0062941042
+4.1000000000 +0.0507493164 +0.0002689361 +0.0002348633 +0.0004484401 +0.0040220255 +0.0000402354 +0.0000485544 +0.0000011590 -0.5407792969 +0.0003641898 +0.2950949326 +0.0003951565 +0.3612802808 +0.1615912587 -0.0005006332
+4.2000000000 +0.0493028320 +0.0002627576 -0.0001831055 +0.0004365528 +0.0038116007 +0.0000377265 +0.0000429941 +0.0000009889 -0.5252742188 +0.0003610534 +0.2785201965 +0.0003811465 +0.3366598556 +0.1513471797 +0.0135540366
+4.3000000000 +0.0480047852 +0.0002545776 +0.0001948242 +0.0004243004 +0.0036006548 +0.0000356490 +0.0000383817 +0.0000008877 -0.5104970703 +0.0003564930 +0.2631490044 +0.0003654835 +0.3086753685 +0.1407651412 +0.0131741369
+4.4000000000 +0.0470356445 +0.0002507267 +0.0000315430 +0.0004165110 +0.0034696291 +0.0000344529 +0.0000357783 +0.0000008084 -0.4967822266 +0.0003537784 +0.2492957634 +0.0003533441 +0.2926027032 +0.1323997498 +0.0093217416
+4.5000000000 +0.0459267578 +0.0002438347 -0.0004923828 +0.0004060869 +0.0032983742 +0.0000324870 +0.0000319874 +0.0000007069 -0.4836759766 +0.0003508148 +0.2364038704 +0.0003410558 +0.2705879251 +0.1244688479 +0.0199280817
+4.6000000000 +0.0446902344 +0.0002388539 -0.0001912109 +0.0003961189 +0.0031382404 +0.0000314235 +0.0000295973 +0.0000006715 -0.4711765625 +0.0003510459 +0.2244720169 +0.0003325161 +0.2540017273 +0.1192729579 -0.0017480968
+4.7000000000 +0.0440987305 +0.0002397210 -0.0005260742 +0.0003933030 +0.0030940210 +0.0000314450 +0.0000293487 +0.0000006633 -0.4600902344 +0.0003476970 +0.2141008881 +0.0003216554 +0.2504056931 +0.1120820750 -0.0219309024
+4.8000000000 +0.0429819336 +0.0002305187 -0.0001416992 +0.0003814580 +0.0029102240 +0.0000290823 +0.0000253850 +0.0000005600 -0.4479199219 +0.0003484633 +0.2030607895 +0.0003134286 +0.2267258337 +0.1079348034 +0.0009128991
+4.9000000000 +0.0426518555 +0.0002266609 -0.0001413086 +0.0003772707 +0.0028466841 +0.0000280763 +0.0000238692 +0.0000005180 -0.4381841797 +0.0003443958 +0.1943775444 +0.0003035785 +0.2147272201 +0.1011703929 +0.0181668141
+5.0000000000 +0.0417006836 +0.0002241375 +0.0000317383 +0.0003703849 +0.0027436998 +0.0000276522 +0.0000228208 +0.0000005266 -0.4287535156 +0.0003462021 +0.1862266953 +0.0002980104 +0.2057733785 +0.0981859570 -0.0105012260
