# T, am1a, am1e, m1a, m1e, m2a, m2e, m4a, m4e, e1a, e1e, e2a, e2e, susc, spec, bind
+0.5000000000 +1.0000000000 +0.0000000000 -0.0058000000 +0.0070709489 +1.0000000000 +0.0000000000 +1.0000000000 +0.0000000000 -2.0000000000 +0.0000000000 +4.0000000000 +0.0000000000 +0.0000000000 +0.0000000000 +0.6666666667
+0.6000000000 +0.9999937500 +0.0000062498 -0.0059062500 +0.0070709030 +0.9999882813 +0.0000117185 +0.9999793091 +0.0000206904 -1.9999750000 +0.0000249994 +3.9999125000 +0.0000874978 +0.0000208323 +0.0005555278 +0.6666657512
+0.7000000000 +0.9999812500 +0.0000108245 -0.0058812500 +0.0070708212 +0.9999648438 +0.0000202959 +0.9999379272 +0.0000358350 -1.9999250000 +0.0000432980 +3.9997375000 +0.0001515431 +0.0000535634 +0.0012243061 +0.6666639203
+0.8000000000 +0.9999312500 +0.0000207232 -0.0062687500 +0.0070704731 +0.9998710938 +0.0000388560 +0.9997723999 +0.0000686051 -1.9997250000 +0.0000828928 +3.9990375000 +0.0002901249 +0.0001717805 +0.0034356094 +0.6666565988
+0.9000000000 +0.9996750000 +0.0000458704 -0.0062500000 +0.0070687804 +0.9993921875 +0.0000855950 +0.9989312744 +0.0001500561 -1.9987125000 +0.0001804809 +3.9955031250 +0.0006298055 +0.0007481222 +0.0128684907 +0.6666177639
+1.0000000000 +0.9993062500 +0.0000697047 -0.0063312500 +0.0070663642 +0.9987101563 +0.0001287919 +0.9977537231 +0.0002223793 -1.9973000000 +0.0002668295 +3.9906312500 +0.0009218941 +0.0015547994 +0.0227833600 +0.6665557985
+1.1000000000 +0.9984937500 +0.0001075465 -0.0058937500 +0.0070611131 +0.9972210938 +0.0001953475 +0.9952131226 +0.0003305540 -1.9942750000 +0.0003936035 +3.9802312500 +0.0013502354 +0.0033647267 +0.0409715620 +0.6664108426
+1.2000000000 +0.9969437500 +0.0001552523 -0.0045437500 +0.0070510930 +0.9943789063 +0.0002780598 +0.9903357544 +0.0004671594 -1.9884125000 +0.0005587421 +3.9600281250 +0.0019108973 +0.0064275411 +0.0693761649 +0.6661453743
+1.3000000000 +0.9948562500 +0.0002070188 -0.0035562500 +0.0070376965 +0.9905960938 +0.0003644902 +0.9839376831 +0.0006057896 -1.9808000000 +0.0007211141 +3.9339687500 +0.0024566200 +0.0105493611 +0.0984625799 +0.6657640835
+1.4000000000 +0.9910875000 +0.0002868421 -0.0040125000 +0.0070138574 +0.9839000000 +0.0004901654 +0.9728644531 +0.0007942419 -1.9675625000 +0.0009473894 +3.8892531250 +0.0031872194 +0.0188064839 +0.1465382334 +0.6650120698
+1.5000000000 +0.9863000000 +0.0003637777 -0.0030000000 +0.0069836429 +0.9754343750 +0.0006137442 +0.9590058594 +0.0009783354 -1.9507375000 +0.0011782154 +3.8331406250 +0.0039119979 +0.0282313067 +0.1974316878 +0.6640273745
+1.6000000000 +0.9796812500 +0.0004624388 -0.0046562500 +0.0069427324 +0.9640523438 +0.0007581455 +0.9408926147 +0.0011770096 -1.9287500000 +0.0014283677 +3.7608812500 +0.0046675657 +0.0427699215 +0.2550292969 +0.6625436729
+1.7000000000 +0.9702625000 +0.0005950339 -0.0050625000 +0.0068864541 +0.9484906250 +0.0009384320 +0.9172475586 +0.0014080411 -1.8995375000 +0.0017312086 +3.6681843750 +0.0055238746 +0.0666475868 +0.3318569472 +0.6601406484
+1.8000000000 +0.9568437500 +0.0007623732 -0.0037937500 +0.0068086703 +0.9271742187 +0.0011517259 +0.8861814819 +0.0016557048 -1.8608125000 +0.0020684229 +3.5481906250 +0.0064187885 +0.1033267274 +0.4225553819 +0.6563797719
+1.9000000000 +0.9395437500 +0.0009340908 -0.0041812500 +0.0067088579 +0.9001929687 +0.0013728218 +0.8480401733 +0.0019016463 -1.8116000000 +0.0024289189 +3.3998875000 +0.0073235845 +0.1469516681 +0.5229603989 +0.6511618790
+2.0000000000 +0.9182437500 +0.0011092539 -0.0030562500 +0.0065869990 +0.8677804688 +0.0015839291 +0.8032195679 +0.0021284760 -1.7537000000 +0.0027647225 +3.2283375000 +0.0081349611 +0.1968710747 +0.6114952400 +0.6444560582
+2.1000000000 +0.8944187500 +0.0012782484 -0.0023437500 +0.0064523553 +0.8326632812 +0.0017766291 +0.7564563599 +0.0023176318 -1.6908500000 +0.0030808483 +3.0488062500 +0.0088244345 +0.2489781402 +0.6887347937 +0.6363163336
+2.2000000000 +0.8636312500 +0.0014732983 -0.0037562500 +0.0062819463 +0.7892710938 +0.0019770411 +0.7011226929 +0.0024887198 -1.6149250000 +0.0033947459 +2.8384687500 +0.0094269484 +0.3157247838 +0.7619371715 +0.6248366768
+2.3000000000 +0.8321062500 +0.0016284334 -0.0061562500 +0.0061049112 +0.7454367187 +0.0021341412 +0.6467670776 +0.0026042396 -1.5395500000 +0.0036203732 +2.6323562500 +0.0098180085 +0.3689454432 +0.7928681966 +0.6120237980
+2.4000000000 +0.7989875000 +0.0017378629 -0.0056250000 +0.0059108068 +0.6987843750 +0.0022372366 +0.5884041504 +0.0026748495 -1.4556375000 +0.0038175424 +2.4103531250 +0.0100751211 +0.4026889990 +0.8096460933 +0.5983311973
+2.5000000000 +0.7646500000 +0.0018638972 -0.0029375000 +0.0057191050 +0.6541718750 +0.0023333517 +0.5368314453 +0.0027079752 -1.3765375000 +0.0039792282 +2.2115406250 +0.0101995940 +0.4446864160 +0.8107139484 +0.5818491774
+2.6000000000 +0.7284812500 +0.0019636769 -0.0058937500 +0.0055125799 +0.6078054687 +0.0024023171 +0.4848500366 +0.0027134584 -1.2979750000 +0.0040823072 +2.0180437500 +0.0101899207 +0.4745879209 +0.7888867441 +0.5625212411
+2.7000000000 +0.6928187500 +0.0020354072 -0.0096812500 +0.0053045346 +0.5628554688 +0.0024318068 +0.4350799683 +0.0026765738 -1.2173875000 +0.0041527976 +1.8269468750 +0.0100604270 +0.4910082868 +0.7570141012 +0.5422229109
+2.8000000000 +0.6631312500 +0.0020654703 -0.0032812500 +0.0051237469 +0.5250664063 +0.0024243003 +0.3932393677 +0.0026084803 -1.1500625000 +0.0041407087 +1.6655531250 +0.0097994165 +0.4875620087 +0.6998150430 +0.5245473544
+2.9000000000 +0.6299437500 +0.0020948944 -0.0017437500 +0.0049223863 +0.4846007813 +0.0024130028 +0.3512895630 +0.0025376451 -1.0791125000 +0.0041389950 +1.5071093750 +0.0095399122 +0.4842573963 +0.6518441614 +0.5013730219
+3.0000000000 +0.5996125000 +0.0021145424 -0.0078500000 +0.0047376118 +0.4489609375 +0.0023737005 +0.3142550049 +0.0024313863 -1.0121250000 +0.0041032182 +1.3611250000 +0.0091473476 +0.4769375325 +0.5986275278 +0.4803106273
+3.1000000000 +0.5735187500 +0.0021185250 -0.0050312500 +0.0045752672 +0.4186867188 +0.0023392285 +0.2847383667 +0.0023498667 -0.9575125000 +0.0040655823 +1.2474093750 +0.0088533167 +0.4632927079 +0.5503919873 +0.4585649516
+3.2000000000 +0.5522812500 +0.0021044070 -0.0026062500 +0.0044360927 +0.3935851563 +0.0022930811 +0.2600736938 +0.0022705248 -0.9100750000 +0.0040321039 +1.1533937500 +0.0085733384 +0.4428528857 +0.5080581943 +0.4403741728
+3.3000000000 +0.5292937500 +0.0020705204 -0.0034312500 +0.0042771556 +0.3658929687 +0.0022113980 +0.2316832886 +0.0021314991 -0.8596625000 +0.0038996940 +1.0431718750 +0.0080457313 +0.4157143998 +0.4468720090 +0.4231467728
+3.4000000000 +0.5126125000 +0.0020658532 -0.0063500000 +0.0041718476 +0.3481265625 +0.0021832270 +0.2165217041 +0.0020867999 -0.8234750000 +0.0039004899 +0.9823875000 +0.0078982419 +0.4016705287 +0.4211438400 +0.4044669638
+3.5000000000 +0.4925187500 +0.0020551323 -0.0050187500 +0.0040436426 +0.3270460937 +0.0021254707 +0.1973116577 +0.0019823544 -0.7845500000 +0.0038127257 +0.9062562500 +0.0075108229 +0.3861548555 +0.3797388376 +0.3850871651
+3.6000000000 +0.4748375000 +0.0020250730 -0.0000750000 +0.0039210270 +0.3074890625 +0.0020619526 +0.1795824951 +0.0018859752 -0.7448875000 +0.0037406683 +0.8347093750 +0.0071695506 +0.3645262715 +0.3454962807 +0.3668838355
+3.7000000000 +0.4578812500 +0.0019892906 -0.0063812500 +0.0037997372 +0.2888007813 +0.0019971761 +0.1631801392 +0.0017991216 -0.7122125000 +0.0036455468 +0.7730468750 +0.0068405126 +0.3422509931 +0.3106503782 +0.3478472695
+3.8000000000 +0.4437312500 +0.0019618261 -0.0056312500 +0.0037002766 +0.2738726563 +0.0019284520 +0.1493847778 +0.0016890285 -0.6803750000 +0.0035591597 +0.7162625000 +0.0064300171 +0.3241062485 +0.2807228359 +0.3361228164
+3.9000000000 +0.4305437500 +0.0019399789 +0.0039187500 +0.0036098679 +0.2606382812 +0.0018814015 +0.1387257446 +0.0016284410 -0.6523125000 +0.0035073425 +0.6715406250 +0.0062254164 +0.3088014793 +0.2588076553 +0.3192942741
+4.0000000000 +0.4180250000 +0.0019134447 +0.0053125000 +0.0035209522 +0.2479703125 +0.0018316060 +0.1285848877 +0.0015608292 -0.6259000000 +0.0034668912 +0.6321375000 +0.0059831789 +0.2929016475 +0.2403866900 +0.3029413891
+4.1000000000 +0.4059437500 +0.0018779912 +0.0033562500 +0.0034301318 +0.2353273438 +0.0017656573 +0.1177298706 +0.0014705999 -0.5982250000 +0.0033890585 +0.5875875000 +0.0056485597 +0.2752664023 +0.2186454247 +0.2913682180
+4.2000000000 +0.3992000000 +0.0018617908 +0.0003625000 +0.0033814627 +0.2286859375 +0.0017380498 +0.1127135986 +0.0014257171 -0.5823125000 +0.0033353900 +0.5615843750 +0.0054785383 +0.2640963714 +0.2018109092 +0.2815837584
+4.3000000000 +0.3920750000 +0.0018329110 +0.0026000000 +0.0033234568 +0.2209140625 +0.0016950033 +0.1062637451 +0.0013757597 -0.5660750000 +0.0033030031 +0.5386375000 +0.0052991750 +0.2500139791 +0.1888126290 +0.2741997076
+4.4000000000 +0.3816625000 +0.0018230424 -0.0021500000 +0.0032567723 +0.2121359375 +0.0016644091 +0.1004068115 +0.0013388006 -0.5445750000 +0.0032783423 +0.5115125000 +0.0051852719 +0.2417079040 +0.1776450987 +0.2562732094
+4.5000000000 +0.3755000000 +0.0017981510 +0.0027500000 +0.0032067088 +0.2056671875 +0.0016262466 +0.0951925537 +0.0012931510 -0.5306875000 +0.0032208221 +0.4891031250 +0.0050006846 +0.2299268889 +0.1639299969 +0.2498437971
+4.6000000000 +0.3661625000 +0.0017801425 -0.0000625000 +0.0031420783 +0.1974531250 +0.0015810509 +0.0889821777 +0.0012252135 -0.5136500000 +0.0031766329 +0.4656562500 +0.0047544336 +0.2204457342 +0.1526048601 +0.2392293444
+4.7000000000 +0.3609375000 +0.0017651230 +0.0000375000 +0.0031031360 +0.1925890625 +0.0015544394 +0.0854161865 +0.0011935425 -0.4984125000 +0.0031689951 +0.4492656250 +0.0046449719 +0.2121299867 +0.1454780298 +0.2323633788
+4.8000000000 +0.3543750000 +0.0017383035 +0.0026000000 +0.0030496628 +0.1860156250 +0.0015205300 +0.0808420410 +0.0011538676 -0.4810500000 +0.0031348616 +0.4279562500 +0.0044898797 +0.2014466146 +0.1364910747 +0.2212157437
+4.9000000000 +0.3494312500 +0.0017170126 +0.0030937500 +0.0030087811 +0.1810648438 +0.0014813832 +0.0766744019 +0.0011029329 -0.4700500000 +0.0030888651 +0.4117687500 +0.0043211825 +0.1925310866 +0.1271615144 +0.2204196684
+5.0000000000 +0.3447062500 +0.0016968759 +0.0035437500 +0.0029698283 +0.1764101563 +0.0014519665 +0.0732846802 +0.0010736607 -0.4589125000 +0.0030487390 +0.3964968750 +0.0042174593 +0.1842808239 +0.1189735631 +0.2150449770
