# T, am1a, am1e, m1a, m1e, m2a, m2e, m4a, m4e, e1a, e1e, e2a, e2e, susc, spec, bind
+0.5000000000 +0.9999997070 +0.0000001691 -0.2047000977 +0.0069213340 +0.9999994146 +0.0000003379 +0.9999988316 +0.0000006746 -1.9999988281 +0.0000006765 +3.9999953217 +0.0000027008 +0.0000011717 +0.0000374944 +0.6666666659
+0.6000000000 +0.9999967773 +0.0000005605 -0.2049987305 +0.0069208709 +0.9999935610 +0.0000011200 +0.9999871471 +0.0000022356 -1.9999871094 +0.0000022421 +3.9999485382 +0.0000089510 +0.0000107245 +0.0002859857 +0.6666666583
+0.7000000000 +0.9999791992 +0.0000014443 -0.2056952148 +0.0069197107 +0.9999584406 +0.0000028856 +0.9999170494 +0.0000057590 -1.9999171875 +0.0000057311 +3.9996694138 +0.0000228773 +0.0000610300 +0.0013727857 +0.6666666112
+0.8000000000 +0.9999072266 +0.0000030429 -0.2103785156 +0.0069121470 +0.9998146469 +0.0000060789 +0.9996300673 +0.0000121309 -1.9996316406 +0.0000120116 +3.9985295837 +0.0000479437 +0.0002370300 +0.0046168826 +0.6666664202
+0.9000000000 +0.9997046875 +0.0000054938 -0.2127353516 +0.0069070751 +0.9994100658 +0.0000109725 +0.9988228876 +0.0000218850 -1.9988351562 +0.0000214342 +3.9953511703 +0.0000855177 +0.0006867993 +0.0116160640 +0.6666658631
+1.0000000000 +0.9992526367 +0.0000088639 -0.2141362305 +0.0069016414 +0.9985074034 +0.0000176943 +0.9970232963 +0.0000352550 -1.9970707031 +0.0000341652 +3.9883147385 +0.0001361861 +0.0016090976 +0.0239054686 +0.6666645732
+1.1000000000 +0.9984445312 +0.0000130073 -0.2122750000 +0.0068986745 +0.9968948658 +0.0000259418 +0.9938128330 +0.0000515944 -1.9939572266 +0.0000492404 +3.9759139137 +0.0001959694 +0.0031500250 +0.0410381676 +0.6666621522
+1.2000000000 +0.9970096680 +0.0000184564 -0.2140678711 +0.0068855284 +0.9940350908 +0.0000367537 +0.9881327785 +0.0000728775 -1.9885398437 +0.0000683801 +3.9543842270 +0.0002713950 +0.0058135934 +0.0665008416 +0.6666575527
+1.3000000000 +0.9948182617 +0.0000251494 -0.2086846680 +0.0068779602 +0.9896760237 +0.0000499579 +0.9795085476 +0.0000985730 -1.9804365234 +0.0000901057 +3.9222912041 +0.0003561310 +0.0099641698 +0.0983892561 +0.6666496791
+1.4000000000 +0.9914545898 +0.0000338754 -0.2126666992 +0.0068475471 +0.9830051546 +0.0000670471 +0.9663890401 +0.0001313384 -1.9683218750 +0.0001177033 +3.8745680847 +0.0004622550 +0.0167869348 +0.1447607449 +0.6666356528
+1.5000000000 +0.9865357422 +0.0000448662 -0.2116548828 +0.0068135719 +0.9732930302 +0.0000882993 +0.9474552580 +0.0001710435 -1.9513126953 +0.0001472970 +3.8080551628 +0.0005733947 +0.0274838550 +0.1974854194 +0.6666117965
+1.6000000000 +0.9796176758 +0.0000580076 -0.1905916992 +0.0067948248 +0.9597180883 +0.0001133318 +0.9213156910 +0.0002163788 -1.9281494141 +0.0001821101 +3.7184234444 +0.0007005163 +0.0430704881 +0.2653125668 +0.6665737005
+1.7000000000 +0.9699733398 +0.0000762504 -0.1768219727 +0.0067442514 +0.9409645624 +0.0001473101 +0.8858483130 +0.0002751129 -1.8979695313 +0.0002199997 +3.6032563385 +0.0008328270 +0.0700430507 +0.3429857697 +0.6665032760
+1.8000000000 +0.9568197266 +0.0001005500 -0.1909513672 +0.0066303988 +0.9157061951 +0.0001913140 +0.8392498569 +0.0003467736 -1.8592804687 +0.0002660478 +3.4583394897 +0.0009864381 +0.1150327064 +0.4474084412 +0.6663756686
+1.9000000000 +0.9376903320 +0.0001403088 -0.2057467773 +0.0064704140 +0.8796568899 +0.0002602549 +0.7751508965 +0.0004492196 -1.8085031250 +0.0003169687 +3.2726929367 +0.0011428143 +0.2122003567 +0.5699747306 +0.6660831140
+2.0000000000 +0.9105210938 +0.0001986689 -0.1923382812 +0.0062962053 +0.8298380486 +0.0003553666 +0.6911568958 +0.0005726228 -1.7448294922 +0.0003764064 +3.0472635918 +0.0013081319 +0.4041658316 +0.7254105495 +0.6654440921
+2.1000000000 +0.8699199219 +0.0003013910 -0.2133074219 +0.0059710859 +0.7585774017 +0.0005054737 +0.5805497478 +0.0007287737 -1.6636765625 +0.0004570602 +2.7719977844 +0.0015122826 +0.8858727660 +0.9701482375 +0.6637065687
+2.2000000000 +0.7896087891 +0.0006186200 -0.1936240234 +0.0054481446 +0.6311358543 +0.0008525698 +0.4128699725 +0.0009580018 -1.5484804688 +0.0005631082 +2.4041335785 +0.0017349430 +3.5625027839 +1.3417396662 +0.6545013633
+2.3000000000 +0.5616460937 +0.0014869146 -0.0859755859 +0.0041968609 +0.3596646336 +0.0014175113 +0.1695454131 +0.0009838162 -1.3749310547 +0.0007009393 +1.9002617226 +0.0019266840 +19.6867557000 +1.9021075688 +0.5631128007
+2.4000000000 +0.3113115234 +0.0013866844 -0.0079785156 +0.0026010486 +0.1353727367 +0.0009848431 +0.0377240976 +0.0004478895 -1.2114501953 +0.0006023871 +1.4748689796 +0.0014759198 +16.4086921025 +1.2902051417 +0.3138245316
+2.5000000000 +0.2029560547 +0.0010272733 +0.0111027344 +0.0017631463 +0.0622969673 +0.0005525025 +0.0099860926 +0.0001672238 -1.1093031250 +0.0005235819 +1.2360361832 +0.0011682297 +8.6449386215 +0.8982954036 +0.1422899005
+2.6000000000 +0.1501916016 +0.0007870145 +0.0052226562 +0.0013213266 +0.0349453541 +0.0003333606 +0.0034437637 +0.0000688780 -1.0286457031 +0.0004931649 +1.0629762146 +0.0010202895 +4.8789019177 +0.7368304158 +0.0599884295
+2.7000000000 +0.1233579102 +0.0006542670 +0.0009383789 +0.0010903578 +0.0237784811 +0.0002318885 +0.0016408613 +0.0000352422 -0.9630701172 +0.0004646949 +0.9318228783 +0.0008998750 +3.2469549905 +0.6066501385 +0.0326527367
+2.8000000000 +0.1061576172 +0.0005648879 -0.0001109375 +0.0009394518 +0.0176514065 +0.0001728395 +0.0009090420 +0.0000191437 -0.9074476563 +0.0004437302 +0.8273991791 +0.0008085910 +2.3339764268 +0.5143419094 +0.0274676737
+2.9000000000 +0.0943779297 +0.0005007479 -0.0013660156 +0.0008342751 +0.0139221638 +0.0001372529 +0.0005705940 +0.0000125323 -0.8592603516 +0.0004274526 +0.7419826668 +0.0007370277 +1.7708032567 +0.4449487005 +0.0187211148
+3.0000000000 +0.0856269531 +0.0004548890 -0.0010279297 +0.0007572780 +0.0114704548 +0.0001122444 +0.0003835476 +0.0000082061 -0.8177214844 +0.0004159055 +0.6721279739 +0.0006828422 +1.4126010664 +0.3936196755 +0.0282897871
+3.1000000000 +0.0781645508 +0.0004148684 -0.0012850586 +0.0006910268 +0.0095520124 +0.0000945552 +0.0002700548 +0.0000059860 -0.7803792969 +0.0004089988 +0.6123374466 +0.0006407145 +1.1370745211 +0.3564926112 +0.0134005203
+3.2000000000 +0.0727849609 +0.0003885919 -0.0016244141 +0.0006447901 +0.0083177238 +0.0000833201 +0.0002080293 +0.0000046656 -0.7454808594 +0.0004049357 +0.5590211700 +0.0006054670 +0.9664234585 +0.3279458349 -0.0022917561
+3.3000000000 +0.0682732422 +0.0003656063 -0.0007880859 +0.0006055565 +0.0073345943 +0.0000734462 +0.0001616833 +0.0000036261 -0.7139195312 +0.0003965337 +0.5128258759 +0.0005683911 +0.8295513201 +0.2957073870 -0.0018246753
+3.4000000000 +0.0644610352 +0.0003452041 -0.0014022461 +0.0005716894 +0.0065385427 +0.0000656675 +0.0001289968 +0.0000030315 -0.6864855469 +0.0003904720 +0.4743117737 +0.0005383945 +0.7177992114 +0.2701169927 -0.0057635451
+3.5000000000 +0.0615946289 +0.0003293747 -0.0006633789 +0.0005460408 +0.0059636522 +0.0000601629 +0.0001079566 +0.0000025421 -0.6605193359 +0.0003860327 +0.4392662178 +0.0005125310 +0.6348080038 +0.2491391713 -0.0118200113
+3.6000000000 +0.0590258789 +0.0003140151 -0.0005149414 +0.0005222978 +0.0054561640 +0.0000543401 +0.0000888267 +0.0000020622 -0.6362585938 +0.0003828739 +0.4077568466 +0.0004893732 +0.5609556190 +0.2316522270 +0.0054018123
+3.7000000000 +0.0565902344 +0.0003021526 +0.0002468750 +0.0005014139 +0.0050283787 +0.0000498834 +0.0000750517 +0.0000016851 -0.6142712891 +0.0003750433 +0.3801423668 +0.0004628033 +0.5053368184 +0.2104211709 +0.0105740160
+3.8000000000 +0.0543127930 +0.0002910636 -0.0002252930 +0.0004818812 +0.0046442396 +0.0000464188 +0.0000646631 +0.0000014672 -0.5938363281 +0.0003713264 +0.3553992508 +0.0004426531 +0.4565854683 +0.1955574918 +0.0006771742
+3.9000000000 +0.0530593750 +0.0002835539 +0.0003355469 +0.0004702787 +0.0044233532 +0.0000441475 +0.0000585460 +0.0000013181 -0.5751464844 +0.0003698254 +0.3335288956 +0.0004270074 +0.4222177595 +0.1841595720 +0.0025914547
+4.0000000000 +0.0510583008 +0.0002715836 -0.0001018555 +0.0004517794 +0.0040821035 +0.0000409812 +0.0000502528 +0.0000011882 -0.5578382813 +0.0003671617 +0.3138797028 +0.0004114957 +0.3776392857 +0.1725539028 -0.0052424922
+4.1000000000 +0.0501784180 +0.0002696009 -0.0000680664 +0.0004456210 +0.0039715666 +0.0000394969 +0.0000469734 +0.0000010327 -0.5411222656 +0.0003662075 +0.2954954651 +0.0003980790 +0.3630686787 +0.1633867069 +0.0073241001
+4.2000000000 +0.0489420898 +0.0002611428 +0.0001836914 +0.0004335439 +0.0037592394 +0.0000374484 +0.0000421795 +0.0000009516 -0.5248148437 +0.0003621947 +0.2780543198 +0.0003821049 +0.3325345473 +0.1523054610 +0.0050977027
+4.3000000000 +0.0478966797 +0.0002550644 +0.0002380859 +0.0004239807 +0.0035952488 +0.0000357929 +0.0000385484 +0.0000008683 -0.5113429687 +0.0003583371 +0.2640397415 +0.0003680314 +0.3098568917 +0.1422252278 +0.0059059502
+4.4000000000 +0.0466958984 +0.0002498233 +0.0001419922 +0.0004140483 +0.0034287403 +0.0000343623 +0.0000353716 +0.0000008235 -0.4967019531 +0.0003570220 +0.2492621246 +0.0003558551 +0.2904979502 +0.1348387118 -0.0029157645
+4.5000000000 +0.0458529297 +0.0002445868 +0.0000148437 +0.0004061370 +0.0032989452 +0.0000326800 +0.0000322426 +0.0000007193 -0.4836236328 +0.0003513316 +0.2363604958 +0.0003411770 +0.2722597718 +0.1248358422 +0.0124501939
+4.6000000000 +0.0453547852 +0.0002423678 +0.0001577148 +0.0004019872 +0.0032318991 +0.0000320000 +0.0000309251 +0.0000006857 -0.4712242187 +0.0003502461 +0.2245057114 +0.0003315253 +0.2615301641 +0.1187301397 +0.0130968571
+4.7000000000 +0.0443982422 +0.0002377986 -0.0003191406 +0.0003938315 +0.0031021671 +0.0000307959 +0.0000285911 +0.0000006299 -0.4599843750 +0.0003500445 +0.2140362488 +0.0003236037 +0.2464056037 +0.1136006564 +0.0096705836
+4.8000000000 +0.0432227539 +0.0002328754 -0.0003098633 +0.0003842349 +0.0029528254 +0.0000300049 +0.0000267250 +0.0000006257 -0.4480974609 +0.0003489432 +0.2032265617 +0.0003141769 +0.2313853654 +0.1082323217 -0.0216953748
+4.9000000000 +0.0427160156 +0.0002285956 -0.0003044922 +0.0003787931 +0.0028697773 +0.0000287676 +0.0000247871 +0.0000005764 -0.4379740234 +0.0003455745 +0.1942096794 +0.0003042432 +0.2184086062 +0.1018640828 -0.0032475108
+5.0000000000 +0.0422294922 +0.0002266362 -0.0002064453 +0.0003748711 +0.0028106094 +0.0000281989 +0.0000238031 +0.0000005521 -0.4283027344 +0.0003436313 +0.1858048813 +0.0002959138 +0.2103868264 +0.0967331436 -0.0044099132
