# T, am1a, am1e, m1a, m1e, m2a, m2e, m4a, m4e, e1a, e1e, e2a, e2e, susc, spec, bind
+0.5000000000 +0.9999984375 +0.0000015625 -0.0550984375 +0.0070603155 +0.9999969238 +0.0000030761 +0.9999940369 +0.0000059629 -1.9999937500 +0.0000062498 +3.9999757812 +0.0000242181 +0.0000062497 +0.0001999900 +0.6666666036
+0.6000000000 +0.9999984375 +0.0000015625 -0.0550984375 +0.0070603155 +0.9999969238 +0.0000030761 +0.9999940369 +0.0000059629 -1.9999937500 +0.0000062498 +3.9999757812 +0.0000242181 +0.0000052081 +0.0001388819 +0.6666666036
+0.7000000000 +0.9999812500 +0.0000058448 -0.0554031250 +0.0070600768 +0.9999631836 +0.0000114551 +0.9999289929 +0.0000220170 -1.9999281250 +0.0000218691 +3.9997220703 +0.0000844933 +0.0000624679 +0.0012493253 +0.6666657918
+0.8000000000 +0.9999078125 +0.0000119841 -0.0553078125 +0.0070596018 +0.9998185059 +0.0000235936 +0.9996481779 +0.0000457357 -1.9996312500 +0.0000479363 +3.9985710937 +0.0001857532 +0.0002297889 +0.0045957773 +0.6666629543
+0.9000000000 +0.9996843750 +0.0000223148 -0.0551843750 +0.0070580928 +0.9993788086 +0.0000439052 +0.9987965564 +0.0000850117 -1.9987437500 +0.0000884943 +3.9951332031 +0.0003427932 +0.0007081938 +0.0123753056 +0.6666537996
+1.0000000000 +0.9993000000 +0.0000345862 -0.0545656250 +0.0070556609 +0.9986244141 +0.0000678404 +0.9973427668 +0.0001306120 -1.9972500000 +0.0001340942 +3.9893671875 +0.0005175399 +0.0015311400 +0.0230160000 +0.6666358999
+1.1000000000 +0.9985140625 +0.0000510098 -0.0534234375 +0.0070506323 +0.9970823730 +0.0000998481 +0.9943726514 +0.0001915340 -1.9942093750 +0.0001944373 +3.9776271484 +0.0007494195 +0.0030277839 +0.0399929706 +0.6665998129
+1.2000000000 +0.9969656250 +0.0000758325 -0.0505343750 +0.0070409578 +0.9940554687 +0.0001478366 +0.9885833881 +0.0002814611 -1.9884062500 +0.0002806903 +3.9553351562 +0.0010760102 +0.0061339370 +0.0700329427 +0.6665192144
+1.3000000000 +0.9947171875 +0.0001033076 -0.0496484375 +0.0070257055 +0.9896757324 +0.0001997564 +0.9802561080 +0.0003757235 -1.9800656250 +0.0003693641 +3.9233884766 +0.0014096020 +0.0105082739 +0.1033314937 +0.6663950700
+1.4000000000 +0.9914718750 +0.0001353030 -0.0520187500 +0.0070024163 +0.9833826172 +0.0002606272 +0.9683999023 +0.0004859158 -1.9684281250 +0.0004698266 +3.8791240234 +0.0017813727 +0.0167377496 +0.1441547803 +0.6661983894
+1.5000000000 +0.9866515625 +0.0001760561 -0.0496796875 +0.0069700543 +0.9741012207 +0.0003355261 +0.9511247435 +0.0006146068 -1.9516218750 +0.0005844329 +3.8156591797 +0.0021949677 +0.0264497032 +0.1943107331 +0.6658757091
+1.6000000000 +0.9794562500 +0.0002346899 -0.0516062500 +0.0069201623 +0.9604361328 +0.0004371388 +0.9262593718 +0.0007758936 -1.9278125000 +0.0007248619 +3.7269695312 +0.0026815940 +0.0440634859 +0.2627124023 +0.6652856133
+1.7000000000 +0.9700265625 +0.0002981045 -0.0482015625 +0.0068571330 +0.9427288574 +0.0005479418 +0.8947425029 +0.0009486003 -1.8975875000 +0.0008827990 +3.6164250000 +0.0032055456 +0.0669110764 +0.3451721488 +0.6644144820
+1.8000000000 +0.9569875000 +0.0003960081 -0.0444125000 +0.0067712224 +0.9189615234 +0.0006956276 +0.8541682360 +0.0011437935 -1.8591125000 +0.0010504261 +3.4783671875 +0.0037291271 +0.1115181611 +0.4359091327 +0.6628466289
+1.9000000000 +0.9386578125 +0.0005423463 -0.0392890625 +0.0066536368 +0.8869612793 +0.0008928439 +0.8026437150 +0.0013717486 -1.8112375000 +0.0012548649 +3.3120750000 +0.0043118141 +0.1981571479 +0.5583373934 +0.6599112759
+2.0000000000 +0.9117312500 +0.0007265284 -0.0387343750 +0.0064819379 +0.8418107422 +0.0011214950 +0.7338003469 +0.0016024345 -1.7457031250 +0.0014816602 +3.0913857422 +0.0049088951 +0.3378198388 +0.7025014648 +0.6548342213
+2.1000000000 +0.8764265625 +0.0009619232 -0.0337359375 +0.0062669424 +0.7866294434 +0.0013736124 +0.6565221029 +0.0017992283 -1.6695031250 +0.0017210459 +2.8464806641 +0.0054259694 +0.5639900618 +0.8597185259 +0.6463385678
+2.2000000000 +0.8239250000 +0.0012475021 -0.0226375000 +0.0059559432 +0.7099776367 +0.0016567969 +0.5589677611 +0.0019807600 -1.5703156250 +0.0019871910 +2.5448697266 +0.0059365299 +0.9054612682 +1.0443446538 +0.6303623785
+2.3000000000 +0.7576687500 +0.0015288434 -0.0209937500 +0.0055694185 +0.6208091797 +0.0018848170 +0.4564547403 +0.0020560032 -1.4584781250 +0.0022019340 +2.2241287109 +0.0062100058 +1.3007929033 +1.1731752872 +0.6052153966
+2.4000000000 +0.6819468750 +0.0017412942 -0.0111593750 +0.0051262517 +0.5256936523 +0.0020004885 +0.3563929046 +0.0019935349 -1.3392500000 +0.0023092721 +1.9002453125 +0.0061263115 +1.6171229872 +1.1850527778 +0.5701248619
+2.5000000000 +0.6045468750 +0.0018505625 -0.0082437500 +0.0046577924 +0.4339685547 +0.0020012989 +0.2684326548 +0.0018354867 -1.2231000000 +0.0023173073 +1.6033718750 +0.0057946757 +1.7533857437 +1.0997582336 +0.5248862838
+2.6000000000 +0.5330062500 +0.0018748899 -0.0035750000 +0.0042094366 +0.3543999023 +0.0019066630 +0.1983065658 +0.0016112176 -1.1211218750 +0.0022515142 +1.3583005859 +0.0053008800 +1.7305659029 +0.9598705546 +0.4737057178
+2.7000000000 +0.4730265625 +0.0018353612 -0.0016390625 +0.0038152487 +0.2911251465 +0.0017646691 +0.1470349906 +0.0013809722 -1.0338093750 +0.0021574599 +1.1618544922 +0.0047809620 +1.5969426407 +0.8172744546 +0.4217175619
+2.8000000000 +0.4214812500 +0.0017730257 +0.0014156250 +0.0034678296 +0.2405188477 +0.0016056511 +0.1094116227 +0.0011598719 -0.9607093750 +0.0020521354 +1.0071876953 +0.0042684248 +1.4370835098 +0.6875525886 +0.3695596875
+2.9000000000 +0.3779828125 +0.0016821753 +0.0023984375 +0.0031580020 +0.1994652832 +0.0014431485 +0.0814399514 +0.0009709104 -0.8945906250 +0.0019487375 +0.8762439453 +0.0038201135 +1.2489771400 +0.5779904607 +0.3176901906
+3.0000000000 +0.3449093750 +0.0015877725 +0.0011937500 +0.0029101674 +0.1693829102 +0.0012933420 +0.0621452426 +0.0008085557 -0.8409187500 +0.0018436837 +0.7751277344 +0.0034101089 +1.0756359081 +0.4834374419 +0.2779829511
+3.1000000000 +0.3172968750 +0.0015038076 +0.0005218750 +0.0027009793 +0.1459060547 +0.0011677731 +0.0485624588 +0.0006906970 -0.7936343750 +0.0017589079 +0.6917306641 +0.0030874291 +0.9337547933 +0.4120717112 +0.2396163246
+3.2000000000 +0.2970328125 +0.0014340239 -0.0027046875 +0.0025431247 +0.1293569824 +0.0010684158 +0.0395634758 +0.0005952043 -0.7594968750 +0.0017046559 +0.6349525391 +0.0028441506 +0.8225698144 +0.3632314745 +0.2118780345
+3.3000000000 +0.2766125000 +0.0013659642 -0.0034812500 +0.0023855767 +0.1138316406 +0.0009704615 +0.0317935528 +0.0005007351 -0.7207093750 +0.0016544812 +0.5741681641 +0.0026128482 +0.7237268455 +0.3217405229 +0.1821158052
+3.4000000000 +0.2621265625 +0.0013063167 -0.0023421875 +0.0022675330 +0.1028395996 +0.0008927884 +0.0265174066 +0.0004312646 -0.6899812500 +0.0016138696 +0.5281656250 +0.0024134440 +0.6424332205 +0.2883958458 +0.1642256490
+3.5000000000 +0.2492937500 +0.0012537656 -0.0004000000 +0.0021631664 +0.0935859375 +0.0008227655 +0.0222971889 +0.0003714725 -0.6627093750 +0.0015780921 +0.4889912109 +0.0022541781 +0.5748765936 +0.2602187506 +0.1513909307
+3.6000000000 +0.2382406250 +0.0012174091 -0.0017875000 +0.0020784261 +0.0864002930 +0.0007777561 +0.0195631024 +0.0003364980 -0.6384625000 +0.0015528579 +0.4558617187 +0.0021387535 +0.5269635123 +0.2381597770 +0.1264534677
+3.7000000000 +0.2260765625 +0.0011746235 -0.0018359375 +0.0019837093 +0.0787054199 +0.0007272172 +0.0167714395 +0.0003022604 -0.6147812500 +0.0015374598 +0.4252316406 +0.0020507497 +0.4773155946 +0.2210110984 +0.0975153902
+3.8000000000 +0.2205343750 +0.0011339432 +0.0006343750 +0.0019281021 +0.0743519531 +0.0006790729 +0.0147510143 +0.0002674606 -0.5938531250 +0.0015110916 +0.3983294922 +0.0019383452 +0.4331207169 +0.2024064626 +0.1105616164
+3.9000000000 +0.2139812500 +0.0011051573 +0.0001218750 +0.0018737051 +0.0702154297 +0.0006473957 +0.0133126301 +0.0002504904 -0.5746781250 +0.0014794348 +0.3740294922 +0.0018387988 +0.4008607891 +0.1841926936 +0.0999274978
+4.0000000000 +0.2078046875 +0.0010752765 -0.0013984375 +0.0018207858 +0.0663071777 +0.0006108789 +0.0118601036 +0.0002181204 -0.5581375000 +0.0014723445 +0.3548734375 +0.0017661739 +0.3699902334 +0.1734238744 +0.1008210321
+4.1000000000 +0.2037562500 +0.0010479191 -0.0010937500 +0.0017815457 +0.0634792969 +0.0005831222 +0.0108302519 +0.0002009021 -0.5421187500 +0.0014526484 +0.3360964844 +0.0016919181 +0.3428321945 +0.1606805293 +0.1041133041
+4.2000000000 +0.1976234375 +0.0010231048 -0.0011359375 +0.0017318863 +0.0599898926 +0.0005576397 +0.0098180281 +0.0001908828 -0.5260875000 +0.0014528177 +0.3189816406 +0.0016544543 +0.3190075357 +0.1531558566 +0.0906169644
+4.3000000000 +0.1924093750 +0.0009946370 +0.0000875000 +0.0016853399 +0.0568074219 +0.0005234936 +0.0087079933 +0.0001612445 -0.5107125000 +0.0014323087 +0.3018574219 +0.0015748122 +0.2944901103 +0.1420189567 +0.1005300214
+4.4000000000 +0.1873468750 +0.0009756302 +0.0007156250 +0.0016452268 +0.0541359375 +0.0005089464 +0.0081112289 +0.0001581950 -0.4946343750 +0.0014206540 +0.2850283203 +0.0015204080 +0.2769030680 +0.1334385302 +0.0774411468
+4.5000000000 +0.1834765625 +0.0009548722 -0.0001953125 +0.0016108884 +0.0518992676 +0.0004880664 +0.0074577111 +0.0001472457 -0.4828000000 +0.0014193119 +0.2733847656 +0.0014809145 +0.2593510200 +0.1273329007 +0.0770847091
+4.6000000000 +0.1803343750 +0.0009512307 -0.0009843750 +0.0015908538 +0.0506172852 +0.0004823221 +0.0072148023 +0.0001439645 -0.4713531250 +0.0014022488 +0.2614998047 +0.0014321376 +0.2517815423 +0.1189445331 +0.0613461153
+4.7000000000 +0.1766625000 +0.0009306450 -0.0026187500 +0.0015576390 +0.0485316406 +0.0004635798 +0.0066534447 +0.0001313149 -0.4582312500 +0.0014087183 +0.2496656250 +0.0014013016 +0.2358740660 +0.1149906644 +0.0583807054
+4.8000000000 +0.1761359375 +0.0009199399 -0.0019609375 +0.0015483187 +0.0479496582 +0.0004555696 +0.0064500435 +0.0001291894 -0.4500937500 +0.0014079988 +0.2422335938 +0.0013789883 +0.2256771963 +0.1101366943 +0.0648735100
+4.9000000000 +0.1731250000 +0.0009077359 -0.0008906250 +0.0015239941 +0.0464519531 +0.0004440616 +0.0061015984 +0.0001244545 -0.4381000000 +0.0013889075 +0.2305128906 +0.0013283252 +0.2152448980 +0.1028405648 +0.0574282841
+5.0000000000 +0.1692515625 +0.0008912375 -0.0027140625 +0.0014920592 +0.0445321777 +0.0004275194 +0.0056385719 +0.0001151539 -0.4292406250 +0.0013920734 +0.2230048828 +0.0012990728 +0.2033419050 +0.0992188638 +0.0522364566
