# T, am1a, am1e, m1a, m1e, m2a, m2e, m4a, m4e, e1a, e1e, e2a, e2e, susc, spec, bind
+0.5000000000 +1.0000000000 +0.0000000000 +0.0958000000 +0.0070385452 +1.0000000000 +0.0000000000 +1.0000000000 +0.0000000000 -2.0000000000 +0.0000000000 +4.0000000000 +0.0000000000 +0.0000000000 +0.0000000000 +0.6666666667
+0.6000000000 +0.9999984375 +0.0000007812 +0.0958992188 +0.0070384665 +0.9999968872 +0.0000015562 +0.9999938229 +0.0000030883 -1.9999937500 +0.0000031247 +3.9999751953 +0.0000124011 +0.0000052073 +0.0001388611 +0.6666666505
+0.7000000000 +0.9999808594 +0.0000027310 +0.0966957031 +0.0070377973 +0.9999618683 +0.0000054407 +0.9999243301 +0.0000107967 -1.9999234375 +0.0000109241 +3.9996961426 +0.0000433550 +0.0000545535 +0.0012469375 +0.6666664693
+0.8000000000 +0.9999039063 +0.0000061636 +0.0978796875 +0.0070364343 +0.9998085815 +0.0000122768 +0.9996202141 +0.0000243536 -1.9996171875 +0.0000244819 +3.9984808838 +0.0000971432 +0.0002431389 +0.0047948975 +0.6666656615
+0.9000000000 +0.9997093750 +0.0000108557 +0.0967804688 +0.0070358181 +0.9994211914 +0.0000216127 +0.9988520600 +0.0000428346 -1.9988507813 +0.0000424960 +3.9954405640 +0.0001685484 +0.0006704194 +0.0114151541 +0.6666635490
+1.0000000000 +0.9992808594 +0.0000175370 +0.0959355469 +0.0070333660 +0.9985683868 +0.0000348852 +0.9971631627 +0.0000690261 -1.9971898437 +0.0000673240 +3.9888579224 +0.0002667152 +0.0015746375 +0.0232064986 +0.6666585302
+1.1000000000 +0.9985019531 +0.0000256794 +0.0932652344 +0.0070296548 +0.9970193390 +0.0000510266 +0.9940996366 +0.0001007498 -1.9941656250 +0.0000978949 +3.9768882080 +0.0003871147 +0.0030693457 +0.0405512624 +0.6666492046
+1.2000000000 +0.9970953125 +0.0000367214 +0.0911718750 +0.0070210887 +0.9942260315 +0.0000728208 +0.9885914592 +0.0001432183 -1.9888531250 +0.0001363213 +3.9559084229 +0.0005375158 +0.0057534474 +0.0660746719 +0.6666309024
+1.3000000000 +0.9946996094 +0.0000511333 +0.0935519531 +0.0070025982 +0.9894796051 +0.0001011155 +0.9792743759 +0.0001977729 -1.9800140625 +0.0001839409 +3.9211323730 +0.0007221996 +0.0102975432 +0.1025038162 +0.6665970472
+1.4000000000 +0.9913480469 +0.0000683762 +0.0866808594 +0.0069833763 +0.9828644562 +0.0001345565 +0.9663846485 +0.0002607277 -1.9679867187 +0.0002367939 +3.8740931519 +0.0009233910 +0.0170982645 +0.1464720560 +0.6665417181
+1.5000000000 +0.9866203125 +0.0000888567 +0.0800039063 +0.0069540525 +0.9735775513 +0.0001737588 +0.9484570907 +0.0003326194 -1.9515898438 +0.0002938621 +3.8104300171 +0.0011359273 +0.0269500129 +0.1965054705 +0.6664543123
+1.6000000000 +0.9795824219 +0.0001158877 +0.0756667969 +0.0069069706 +0.9598503204 +0.0002244628 +0.9223203083 +0.0004219846 -1.9281992188 +0.0003608940 +3.7205571167 +0.0013780447 +0.0429758701 +0.2604889511 +0.6663020888
+1.7000000000 +0.9700722656 +0.0001495069 +0.0702316406 +0.0068430796 +0.9414872467 +0.0002857503 +0.8880313009 +0.0005240231 -1.8980835938 +0.0004347793 +3.6065019897 +0.0016334630 +0.0673198937 +0.3348959121 +0.6660525465
+1.8000000000 +0.9568207031 +0.0001968546 +0.0730613281 +0.0067488626 +0.9162808929 +0.0003687659 +0.8422904411 +0.0006519288 -1.8589101562 +0.0005228199 +3.4610137817 +0.0019214781 +0.1102272022 +0.4319456971 +0.6655868424
+1.9000000000 +0.9382601563 +0.0002721074 +0.0657507813 +0.0066237822 +0.8818129700 +0.0004879338 +0.7823557019 +0.0008145233 -1.8088914062 +0.0006348666 +3.2801492310 +0.0022653417 +0.1995249400 +0.5716466776 +0.6646255042
+2.0000000000 +0.9113269531 +0.0003870100 +0.0535285156 +0.0064445599 +0.8335123505 +0.0006555991 +0.7033390432 +0.0010034017 -1.7452156250 +0.0007464298 +3.0569207275 +0.0025658696 +0.3834284764 +0.7131615869 +0.6625422606
+2.1000000000 +0.8691347656 +0.0005998510 +0.0529957031 +0.0061635344 +0.7625916656 +0.0009227211 +0.5985743348 +0.0012405890 -1.6619750000 +0.0009096371 +2.7787096924 +0.0029673766 +0.8772784556 +0.9606554853 +0.6569063125
+2.2000000000 +0.7926445313 +0.0010278084 +0.0412406250 +0.0056908363 +0.6494131531 +0.0013257913 +0.4568918937 +0.0014609700 -1.5480757812 +0.0011048656 +2.4209531860 +0.0033593470 +2.4585076545 +1.2913487097 +0.6388812511
+2.3000000000 +0.6702089844 +0.0014807432 +0.0205800781 +0.0049629051 +0.4930320892 +0.0016385302 +0.2967762682 +0.0014724994 -1.4074406250 +0.0012546520 +2.0123721436 +0.0035053403 +4.8809189840 +1.5235644324 +0.5930345488
+2.4000000000 +0.5215250000 +0.0016886779 +0.0097882812 +0.0040553987 +0.3290209839 +0.0016133690 +0.1603139996 +0.0011812232 -1.2587085937 +0.0012492415 +1.6155594116 +0.0031943761 +6.0834835479 +1.3872038952 +0.5063683457
+2.5000000000 +0.3911957031 +0.0016062006 +0.0052238281 +0.0031984715 +0.2046316864 +0.0013265604 +0.0770693772 +0.0007901433 -1.1336164063 +0.0011324210 +1.3107337036 +0.0026393681 +5.2835950856 +1.0505235290 +0.3864996314
+2.6000000000 +0.3076636719 +0.0014146442 +0.0060566406 +0.0025946543 +0.1346813019 +0.0010254915 +0.0391717078 +0.0005082628 -1.0413820312 +0.0010304700 +1.1057139038 +0.0022077179 +3.9408607398 +0.8042553864 +0.2801588993
+2.7000000000 +0.2538031250 +0.0012314264 +0.0055539062 +0.0021761594 +0.0947442444 +0.0007875631 +0.0213815834 +0.0003218323 -0.9675945312 +0.0009538655 +0.9544363647 +0.0018886644 +2.8755643852 +0.6390233316 +0.2060138319
+2.8000000000 +0.2182746094 +0.0010926182 +0.0036972656 +0.0018908520 +0.0715200958 +0.0006290010 +0.0130279680 +0.0002170532 -0.9098976562 +0.0009006200 +0.8441360718 +0.0016714511 +2.1829751522 +0.5297086344 +0.1510164916
+2.9000000000 +0.1929316406 +0.0009852766 +0.0028753906 +0.0016827024 +0.0566380157 +0.0005181685 +0.0085778371 +0.0001568142 -0.8618242188 +0.0008714316 +0.7579288452 +0.0015308885 +1.7139109776 +0.4623177723 +0.1086659877
+3.0000000000 +0.1733324219 +0.0008983933 +0.0012972656 +0.0015196160 +0.0461863373 +0.0004333509 +0.0058890370 +0.0001137672 -0.8183046875 +0.0008419228 +0.6837992432 +0.0014029641 +1.3774684849 +0.4032478316 +0.0797708536
+3.1000000000 +0.1586046875 +0.0008285961 +0.0005820312 +0.0013943912 +0.0388868774 +0.0003690040 +0.0042354686 +0.0000855685 -0.7799906250 +0.0008194311 +0.6218147217 +0.0012989337 +1.1339503933 +0.3577432599 +0.0663715782
+3.2000000000 +0.1476765625 +0.0007721893 -0.0008937500 +0.0012987127 +0.0337338928 +0.0003200278 +0.0031863309 +0.0000626236 -0.7452460937 +0.0008008958 +0.5682204224 +0.0012096838 +0.9540420568 +0.3207170528 +0.0666668233
+3.3000000000 +0.1383136719 +0.0007244040 +0.0000910156 +0.0012170843 +0.0296258942 +0.0002844403 +0.0024958196 +0.0000519778 -0.7136156250 +0.0007902460 +0.5217370361 +0.0011449998 +0.8141748238 +0.2936072202 +0.0521295177
+3.4000000000 +0.1308113281 +0.0006907598 -0.0010503906 +0.0011544151 +0.0266545868 +0.0002595962 +0.0020582705 +0.0000450688 -0.6859757813 +0.0007772659 +0.4826456177 +0.0010859371 +0.7185305017 +0.2675785791 +0.0343110117
+3.5000000000 +0.1244476562 +0.0006589611 -0.0007226562 +0.0010993473 +0.0241718140 +0.0002370674 +0.0017082960 +0.0000371410 -0.6601320312 +0.0007702746 +0.4476407593 +0.0010320144 +0.6352160782 +0.2479848092 +0.0254067647
+3.6000000000 +0.1190257813 +0.0006259537 +0.0010835937 +0.0010488642 +0.0220034973 +0.0002141717 +0.0014015442 +0.0000305213 -0.6371929687 +0.0007569938 +0.4174756714 +0.0009804350 +0.5572523173 +0.2263860141 +0.0350559601
+3.7000000000 +0.1137234375 +0.0005978071 +0.0014945312 +0.0010019544 +0.0200804871 +0.0001950133 +0.0011638295 +0.0000245650 -0.6133070312 +0.0007524717 +0.3874697876 +0.0009383170 +0.4945274343 +0.2117614238 +0.0379013386
+3.8000000000 +0.1096550781 +0.0005755855 +0.0009097656 +0.0009656444 +0.0186502106 +0.0001802168 +0.0009973922 +0.0000211959 -0.5932500000 +0.0007431571 +0.3629912109 +0.0008966803 +0.4463814341 +0.1958231302 +0.0441775321
+3.9000000000 +0.1059042969 +0.0005599404 +0.0013167969 +0.0009350041 +0.0174863861 +0.0001706564 +0.0008882461 +0.0000193271 -0.5755992187 +0.0007416751 +0.3423161011 +0.0008684741 +0.4116129485 +0.1851689648 +0.0316955391
+4.0000000000 +0.1024636719 +0.0005434374 +0.0007785156 +0.0009056678 +0.0164052887 +0.0001630574 +0.0008008876 +0.0000185135 -0.5572914062 +0.0007336127 +0.3213374634 +0.0008336103 +0.3780150171 +0.1722200304 +0.0080665059
+4.1000000000 +0.0998164063 +0.0005348016 -0.0002328125 +0.0008855370 +0.0156835693 +0.0001565811 +0.0007363274 +0.0000163475 -0.5411835938 +0.0007290881 +0.3035110718 +0.0008036470 +0.3571671027 +0.1619057553 +0.0021623421
+4.2000000000 +0.0980578125 +0.0005223191 -0.0002804688 +0.0008680899 +0.0150716797 +0.0001473990 +0.0006616848 +0.0000139331 -0.5245390625 +0.0007203822 +0.2855202393 +0.0007696210 +0.3325772249 +0.1506251054 +0.0290282354
+4.3000000000 +0.0957886719 +0.0005105529 +0.0001792969 +0.0008481958 +0.0143887543 +0.0001419136 +0.0006098258 +0.0000132495 -0.5118398438 +0.0007112436 +0.2720973755 +0.0007435744 +0.3103722932 +0.1400779642 +0.0181657770
+4.4000000000 +0.0936097656 +0.0005004698 -0.0008714844 +0.0008298021 +0.0137721893 +0.0001357372 +0.0005581650 +0.0000123409 -0.4967125000 +0.0007079240 +0.2567464355 +0.0007158410 +0.2914560646 +0.1325372283 +0.0190759131
+4.5000000000 +0.0922582031 +0.0004940706 -0.0007316406 +0.0008183262 +0.0133936920 +0.0001339621 +0.0005383077 +0.0000120973 -0.4829195312 +0.0007106548 +0.2433118774 +0.0007001858 +0.2777381531 +0.1276915836 -0.0002502992
+4.6000000000 +0.0899917969 +0.0004798425 -0.0005324219 +0.0007969698 +0.0127035004 +0.0001269185 +0.0004835453 +0.0000114574 -0.4724820312 +0.0007015799 +0.2330835571 +0.0006764445 +0.2562769732 +0.1190991277 +0.0012217812
+4.7000000000 +0.0877656250 +0.0004692287 -0.0012789063 +0.0007779679 +0.0121063171 +0.0001205675 +0.0004372935 +0.0000100141 -0.4593070312 +0.0006938829 +0.2205924194 +0.0006506369 +0.2398508777 +0.1115954931 +0.0054475288
+4.8000000000 +0.0874660156 +0.0004650274 -0.0011191406 +0.0007737591 +0.0119753143 +0.0001178628 +0.0004212411 +0.0000092720 -0.4494976562 +0.0006964742 +0.2117496704 +0.0006398534 +0.2306672236 +0.1077947493 +0.0208806716
+4.9000000000 +0.0862738281 +0.0004591039 -0.0012675781 +0.0007634492 +0.0116587006 +0.0001148813 +0.0003998795 +0.0000086905 -0.4395781250 +0.0006985477 +0.2029883057 +0.0006266242 +0.2202397854 +0.1040566717 +0.0193646512
+5.0000000000 +0.0850292969 +0.0004458766 -0.0007957031 +0.0007485141 +0.0112061005 +0.0001082356 +0.0003598758 +0.0000075763 -0.4280695313 +0.0006935210 +0.1928629517 +0.0006062395 +0.2035772998 +0.0985029435 +0.0447383019
