# T, am1a, am1e, m1a, m1e, m2a, m2e, m4a, m4e, e1a, e1e, e2a, e2e, susc, susce, spec, spece, bind, binde
+0.5000000000 +1.0000000000 +0.0000000000 -0.0029900000 +0.0030446822 +1.0000000000 +0.0000000000 +1.0000000000 +0.0000000000 -2.0000000000 +0.0000000000 +4.0000000000 +0.0000000000 +0.0000000000 +0.0000000000 +0.0000000000 +0.0000000000 +0.6666666667 +0.0000000000
+0.6000000000 +0.9999925000 +0.0000036228 -0.0029625000 +0.0030351900 +0.9999887500 +0.0000054343 +0.9999859375 +0.0000067928 -1.9999700000 +0.0000144914 +3.9999400000 +0.0000289828 +0.0000249988 +0.0000120755 +0.0006666333 +0.0003220145 +0.6666638541 +0.0000013586
+0.7000000000 +0.9999550000 +0.0000085147 -0.0029250000 +0.0030151555 +0.9999425000 +0.0000103380 +0.9999331250 +0.0000120400 -1.9998600000 +0.0000252982 +3.9997200000 +0.0000505964 +0.0001856986 +0.0000430900 +0.0022855020 +0.0004129689 +0.6666506240 +0.0000029693
+0.8000000000 +0.9998125000 +0.0000274431 -0.0028425000 +0.0030268859 +0.9997612500 +0.0000298669 +0.9997228125 +0.0000321710 -1.9994200000 +0.0000660303 +3.9988400000 +0.0001320606 +0.0006810366 +0.0001296653 +0.0072476250 +0.0008248203 +0.6665998804 +0.0000093284
+0.9000000000 +0.9994275000 +0.0000436535 -0.0027625000 +0.0029909891 +0.9992887500 +0.0000473171 +0.9991846875 +0.0000507222 -1.9983000000 +0.0001039230 +3.9966000000 +0.0002078461 +0.0019262364 +0.0001830321 +0.0167753185 +0.0010245644 +0.6664641450 +0.0000148395
+1.0000000000 +0.9986775000 +0.0000562861 -0.0027225000 +0.0029707858 +0.9983362500 +0.0000733879 +0.9980803125 +0.0000882236 -1.9959900000 +0.0001867887 +3.9919800000 +0.0003735773 +0.0039178773 +0.0001814220 +0.0320142840 +0.0014878922 +0.6661967451 +0.0000201050
+1.1000000000 +0.9973725000 +0.0000742841 -0.0026625000 +0.0030480409 +0.9967037500 +0.0000873400 +0.9962021875 +0.0000990492 -1.9920700000 +0.0002064219 +3.9841400000 +0.0004128438 +0.0070974220 +0.0002377027 +0.0522204595 +0.0013537549 +0.6657325589 +0.0000258753
+1.2000000000 +0.9951275000 +0.0001908026 -0.0025925000 +0.0030679066 +0.9938537500 +0.0002283230 +0.9928984375 +0.0002575323 -1.9851600000 +0.0005348271 +3.9703200000 +0.0010696541 +0.0119154823 +0.0005136801 +0.0818247611 +0.0029262292 +0.6649275031 +0.0000673575
+1.3000000000 +0.9916700000 +0.0001430821 -0.0026150000 +0.0032776272 +0.9895300000 +0.0001523996 +0.9879250000 +0.0001642294 -1.9747700000 +0.0003423595 +3.9495800000 +0.0006672031 +0.0188320196 +0.0004309019 +0.1180172189 +0.0016249413 +0.6636860519 +0.0000490911
+1.4000000000 +0.9870925000 +0.0001900674 -0.0026025000 +0.0031284310 +0.9838212500 +0.0002463740 +0.9813678125 +0.0002922582 -1.9610800000 +0.0006165712 +3.9222400000 +0.0012311945 +0.0270551005 +0.0004019203 +0.1559212898 +0.0024275088 +0.6620298619 +0.0000696335
+1.5000000000 +0.9809300000 +0.0001884741 -0.0026600000 +0.0030704849 +0.9761825000 +0.0002199943 +0.9726218750 +0.0002491517 -1.9428600000 +0.0005138482 +3.8857600000 +0.0010494951 +0.0372226130 +0.0004339010 +0.1974264533 +0.0016852015 +0.6597791644 +0.0000678033
+1.6000000000 +0.9741625000 +0.0002401367 -0.0031625000 +0.0032511022 +0.9675637500 +0.0002691332 +0.9626146875 +0.0002996280 -1.9218600000 +0.0006226074 +3.8440000000 +0.0012451506 +0.0464264923 +0.0005424413 +0.2350785375 +0.0018042455 +0.6572540628 +0.0000866642
+1.7000000000 +0.9661525000 +0.0003472652 -0.0031575000 +0.0031263938 +0.9575987500 +0.0004241810 +0.9511834375 +0.0004858178 -1.8979200000 +0.0010272098 +3.7965200000 +0.0020042355 +0.0568162137 +0.0006071576 +0.2690783696 +0.0026438876 +0.6542386218 +0.0001308757
+1.8000000000 +0.9559800000 +0.0003788931 -0.0032400000 +0.0030369664 +0.9450500000 +0.0004562003 +0.9368525000 +0.0005314586 -1.8680400000 +0.0011278475 +3.7368800000 +0.0022167003 +0.0692240089 +0.0006965420 +0.3053010346 +0.0024790002 +0.6503439263 +0.0001445075
+1.9000000000 +0.9458225000 +0.0003874669 -0.0031575000 +0.0028011874 +0.9325387500 +0.0004167000 +0.9225759375 +0.0004466429 -1.8380600000 +0.0009098571 +3.6779200000 +0.0018456869 +0.0799095730 +0.0006987727 +0.3317974050 +0.0016713013 +0.6463710348 +0.0001475017
+2.0000000000 +0.9332925000 +0.0003056561 -0.0025975000 +0.0024832802 +0.9169062500 +0.0003308760 +0.9046165625 +0.0003649909 -1.8004900000 +0.0007319085 +3.6031800000 +0.0015723740 +0.0917408504 +0.0005394570 +0.3614104030 +0.0010986620 +0.6413309796 +0.0001193769
+2.1000000000 +0.9208375000 +0.0007255881 -0.0022525000 +0.0023769609 +0.9010537500 +0.0007980818 +0.8862159375 +0.0008586683 -1.7616200000 +0.0017825151 +3.5269200000 +0.0034815169 +0.1011557787 +0.0010503421 +0.3842024508 +0.0025662957 +0.6361522490 +0.0002944382
+2.2000000000 +0.9080875000 +0.0007825859 -0.0014575000 +0.0024968682 +0.8851962500 +0.0009973842 +0.8680278125 +0.0011670998 -1.7236200000 +0.0024853491 +3.4512000000 +0.0048321424 +0.1101222144 +0.0008260511 +0.3969192777 +0.0030983300 +0.6307362514 +0.0003391899
+2.3000000000 +0.8945750000 +0.0006589101 -0.0028100000 +0.0027088032 +0.8683325000 +0.0007723305 +0.8486506250 +0.0008688143 -1.6826300000 +0.0018154366 +3.3714600000 +0.0036176291 +0.1183717004 +0.0007601960 +0.4084562004 +0.0019797721 +0.6248214427 +0.0002881542
+2.4000000000 +0.8818900000 +0.0007346955 -0.0037300000 +0.0027788797 +0.8524650000 +0.0008229478 +0.8303962500 +0.0008987554 -1.6440900000 +0.0019290127 +3.2961400000 +0.0035502169 +0.1245493835 +0.0008269817 +0.4118547646 +0.0019532212 +0.6190972430 +0.0003271301
+2.5000000000 +0.8677075000 +0.0005309667 -0.0025175000 +0.0024689017 +0.8350862500 +0.0006506738 +0.8106203125 +0.0007575680 -1.6024200000 +0.0015909620 +3.2148800000 +0.0032146166 +0.1314674003 +0.0005230130 +0.4141470925 +0.0013208142 +0.6125325741 +0.0002488178
+2.6000000000 +0.8543100000 +0.0005523382 -0.0010450000 +0.0024801482 +0.8183200000 +0.0007912771 +0.7913275000 +0.0009828999 -1.5613700000 +0.0019725643 +3.1359000000 +0.0044737680 +0.1361098048 +0.0003594084 +0.4130087651 +0.0011392817 +0.6060959348 +0.0002780211
+2.7000000000 +0.8399000000 +0.0005474486 -0.0023400000 +0.0023429341 +0.8007725000 +0.0006676306 +0.7714268750 +0.0007845620 -1.5194700000 +0.0015499710 +3.0542200000 +0.0035368291 +0.1412407304 +0.0005058764 +0.4090024115 +0.0007385121 +0.5989883535 +0.0002726572
+2.8000000000 +0.8273875000 +0.0006923262 -0.0024325000 +0.0022186033 +0.7850137500 +0.0007513372 +0.7532334375 +0.0008031997 -1.4801800000 +0.0017728395 +2.9807600000 +0.0030723021 +0.1434841167 +0.0005909511 +0.4029570092 +0.0012094479 +0.5925663368 +0.0003486970
+2.9000000000 +0.8136600000 +0.0008941560 -0.0017200000 +0.0019904233 +0.7677475000 +0.0009676418 +0.7333131250 +0.0010375533 -1.4381600000 +0.0022626180 +2.8983600000 +0.0040300670 +0.1457888403 +0.0007245329 +0.3947703306 +0.0012947954 +0.5852974813 +0.0004657498
+3.0000000000 +0.8006875000 +0.0003284100 -0.0034825000 +0.0021342418 +0.7517012500 +0.0004067687 +0.7149615625 +0.0004725709 -1.3986800000 +0.0010561061 +2.8243600000 +0.0018939483 +0.1474662651 +0.0001983790 +0.3857969351 +0.0005627663 +0.5782339487 +0.0001815075
+3.1000000000 +0.7887475000 +0.0006990122 -0.0033475000 +0.0024212792 +0.7369687500 +0.0007334300 +0.6981346875 +0.0007711215 -1.3623700000 +0.0015447362 +2.7567800000 +0.0033160760 +0.1481822517 +0.0005152714 +0.3749028599 +0.0007097594 +0.5715272383 +0.0003845121
+3.2000000000 +0.7777925000 +0.0005868353 -0.0020925000 +0.0018707420 +0.7234112500 +0.0007153855 +0.6826253125 +0.0008233099 -1.3290800000 +0.0017887314 +2.6940800000 +0.0036193038 +0.1480582915 +0.0003097108 +0.3623415461 +0.0010409234 +0.5651964842 +0.0003416926
+3.3000000000 +0.7649625000 +0.0010059650 -0.0025175000 +0.0013240943 +0.7076262500 +0.0011230990 +0.6646240625 +0.0012372754 -1.2898400000 +0.0026422793 +2.6226400000 +0.0050498158 +0.1484224290 +0.0006034081 +0.3522067798 +0.0008844778 +0.5575600894 +0.0005962653
+3.4000000000 +0.7534250000 +0.0006632307 -0.0020800000 +0.0017495850 +0.6936075000 +0.0007865693 +0.6487443750 +0.0008965941 -1.2563100000 +0.0017010849 +2.5577000000 +0.0041810286 +0.1481810243 +0.0003349115 +0.3388775941 +0.0004755394 +0.5505017282 +0.0004090037
+3.5000000000 +0.7419775000 +0.0006492058 +0.0003925000 +0.0019242045 +0.6788262500 +0.0008792316 +0.6314628125 +0.0010778398 -1.2188600000 +0.0024952034 +2.4876800000 +0.0044030171 +0.1466187712 +0.0003028034 +0.3271830335 +0.0009140552 +0.5432147594 +0.0004196800
+3.6000000000 +0.7313100000 +0.0009238588 +0.0016050000 +0.0018802719 +0.6658875000 +0.0010304535 +0.6168206250 +0.0011389831 -1.1864100000 +0.0025590018 +2.4309000000 +0.0044462344 +0.1456273875 +0.0004617015 +0.3158227861 +0.0007269933 +0.5362941845 +0.0006005782
+3.7000000000 +0.7219925000 +0.0005995420 +0.0012825000 +0.0022020333 +0.6542187500 +0.0006879618 +0.6033884375 +0.0007583998 -1.1579000000 +0.0017136511 +2.3757600000 +0.0029490066 +0.1437210653 +0.0002119854 +0.3024099997 +0.0004851729 +0.5300705038 +0.0004005831
+3.8000000000 +0.7112600000 +0.0007063303 +0.0019050000 +0.0022761063 +0.6412950000 +0.0007764788 +0.5888212500 +0.0008463954 -1.1256800000 +0.0017450960 +2.3192800000 +0.0035493323 +0.1425254983 +0.0003036266 +0.2914388044 +0.0002914663 +0.5227448501 +0.0004838490
+3.9000000000 +0.7039950000 +0.0008028994 +0.0027150000 +0.0024758943 +0.6323500000 +0.0008358678 +0.5786162500 +0.0008754861 -1.1022200000 +0.0017811120 +2.2812000000 +0.0037593616 +0.1402406087 +0.0003475183 +0.2804153446 +0.0004616323 +0.5176527165 +0.0005569163
+4.0000000000 +0.6956775000 +0.0007410082 -0.0001525000 +0.0024166957 +0.6214337500 +0.0008972511 +0.5657509375 +0.0010424272 -1.0744300000 +0.0023764280 +2.2286600000 +0.0041072667 +0.1374610751 +0.0002811256 +0.2685509253 +0.0004308846 +0.5116641321 +0.0005332820
+4.1000000000 +0.6862975000 +0.0004578680 -0.0004525000 +0.0019514400 +0.6103812500 +0.0004798836 +0.5534440625 +0.0005354455 -1.0473600000 +0.0011510169 +2.1810000000 +0.0023224125 +0.1359755074 +0.0002470423 +0.2579473604 +0.0002817322 +0.5048329405 +0.0003333171
+4.2000000000 +0.6766975000 +0.0011641652 +0.0001875000 +0.0016657403 +0.5987612500 +0.0013332695 +0.5403090625 +0.0014687322 -1.0184200000 +0.0032123761 +2.1297600000 +0.0058527122 +0.1341220864 +0.0002767956 +0.2477273265 +0.0004760299 +0.4976276006 +0.0008793992
+4.3000000000 +0.6702050000 +0.0005044155 -0.0013150000 +0.0019652137 +0.5910875000 +0.0007736480 +0.5317493750 +0.0009936217 -0.9998900000 +0.0023564571 +2.0959800000 +0.0040933556 +0.1320095010 +0.0001989393 +0.2371323870 +0.0004766337 +0.4926783881 +0.0003955108
+4.4000000000 +0.6628375000 +0.0009091565 -0.0002825000 +0.0019206381 +0.5818762500 +0.0009830762 +0.5211553125 +0.0010676837 -0.9752500000 +0.0022526984 +2.0568200000 +0.0044994622 +0.1295585754 +0.0003039993 +0.2284414651 +0.0003885941 +0.4869117413 +0.0007089217
+4.5000000000 +0.6543400000 +0.0007225061 +0.0000650000 +0.0017530695 +0.5716825000 +0.0008728083 +0.5096893750 +0.0010538217 -0.9501600000 +0.0020097861 +2.0118800000 +0.0051882328 +0.1275701727 +0.0003363026 +0.2190687569 +0.0004787842 +0.4801499518 +0.0005815632
+4.6000000000 +0.6475550000 +0.0005945250 +0.0013450000 +0.0015046544 +0.5633125000 +0.0006311002 +0.5001306250 +0.0006824475 -0.9284500000 +0.0017497571 +1.9756600000 +0.0024743565 +0.1252012934 +0.0001965978 +0.2105122837 +0.0003940498 +0.4746283023 +0.0004844330
+4.7000000000 +0.6406200000 +0.0007370193 +0.0015150000 +0.0014044892 +0.5546400000 +0.0008975867 +0.4901550000 +0.0010336217 -0.9065100000 +0.0025157683 +1.9362600000 +0.0042950250 +0.1227579435 +0.0001565019 +0.2017992447 +0.0006005657 +0.4688778260 +0.0006152867
+4.8000000000 +0.6340575000 +0.0007126101 -0.0022625000 +0.0015820329 +0.5471087500 +0.0007184598 +0.4818971875 +0.0007658560 -0.8874600000 +0.0018679507 +1.9063600000 +0.0030254653 +0.1208956321 +0.0002584107 +0.1942256694 +0.0003997322 +0.4633507036 +0.0006035155
+4.9000000000 +0.6297525000 +0.0010584508 -0.0020275000 +0.0021845407 +0.5413562500 +0.0011953873 +0.4750590625 +0.0013110313 -0.8724600000 +0.0031161900 +1.8787600000 +0.0048624932 +0.1181688454 +0.0001848722 +0.1861685035 +0.0003990720 +0.4596553751 +0.0009102390
+5.0000000000 +0.6228975000 +0.0006977146 -0.0028775000 +0.0015751288 +0.5331087500 +0.0007480183 +0.4657671875 +0.0008012701 -0.8511900000 +0.0019831515 +1.8441800000 +0.0030989611 +0.1160820692 +0.0001558112 +0.1791386008 +0.0003847554 +0.4537130030 +0.0006125059
