# T, am1a, am1e, m1a, m1e, m2a, m2e, m4a, m4e, e1a, e1e, e2a, e2e, susc, spec, bind
+0.5000000000 +1.0000000000 +0.0000000000 -0.0193000000 +0.0070697507 +1.0000000000 +0.0000000000 +1.0000000000 +0.0000000000 -2.0000000000 +0.0000000000 +4.0000000000 +0.0000000000 +0.0000000000 +0.0000000000 +0.6666666667
+0.6000000000 +1.0000000000 +0.0000000000 -0.0193000000 +0.0070697507 +1.0000000000 +0.0000000000 +1.0000000000 +0.0000000000 -2.0000000000 +0.0000000000 +4.0000000000 +0.0000000000 +0.0000000000 +0.0000000000 +0.6666666667
+0.7000000000 +0.9999562500 +0.0000165331 -0.0193937500 +0.0070694478 +0.9999179688 +0.0000309995 +0.9998551636 +0.0000547334 -1.9998250000 +0.0000661322 +3.9993875000 +0.0002314627 +0.0001249563 +0.0028561429 +0.6666602592
+0.8000000000 +0.9999062500 +0.0000257609 -0.0193187500 +0.0070691321 +0.9998257812 +0.0000475634 +0.9996968384 +0.0000820313 -1.9996375000 +0.0000975945 +3.9987406250 +0.0003380909 +0.0002654492 +0.0047623398 +0.6666515796
+0.9000000000 +0.9997562500 +0.0000389932 -0.0195187500 +0.0070681044 +0.9995429688 +0.0000731122 +0.9991930542 +0.0001290887 -1.9990250000 +0.0001559727 +3.9965875000 +0.0005459043 +0.0005406104 +0.0096108519 +0.6666309981
+1.0000000000 +0.9992125000 +0.0000732094 -0.0207750000 +0.0070643514 +0.9985328125 +0.0001357165 +0.9974361572 +0.0002355543 -1.9969000000 +0.0002852972 +3.9892375000 +0.0009856140 +0.0017150775 +0.0260462400 +0.6665435124
+1.1000000000 +0.9984937500 +0.0001053447 -0.0206437500 +0.0070596939 +0.9972117188 +0.0001928883 +0.9951753296 +0.0003291472 -1.9942250000 +0.0003923741 +3.9800125000 +0.0013505878 +0.0032283631 +0.0407160248 +0.6664172385
+1.2000000000 +0.9966750000 +0.0001679203 -0.0200250000 +0.0070481345 +0.9939250000 +0.0002936842 +0.9896119141 +0.0004889952 -1.9875875000 +0.0005817132 +3.9572718750 +0.0019851978 +0.0075192583 +0.0751978316 +0.6660846134
+1.3000000000 +0.9947625000 +0.0002120296 -0.0205875000 +0.0070357221 +0.9904515625 +0.0003649141 +0.9836575439 +0.0006062784 -1.9804500000 +0.0007221599 +3.9326125000 +0.0024680650 +0.0110662288 +0.0987483787 +0.6657617187
+1.4000000000 +0.9912875000 +0.0002906645 -0.0182000000 +0.0070143046 +0.9843406250 +0.0004857415 +0.9736453613 +0.0007813793 -1.9683875000 +0.0009381837 +3.8921531250 +0.0031457724 +0.0193110554 +0.1437042844 +0.6650432565
+1.5000000000 +0.9867125000 +0.0003641131 -0.0193375000 +0.0069852673 +0.9762531250 +0.0006097376 +0.9605057617 +0.0009654155 -1.9525625000 +0.0011631650 +3.8395593750 +0.0038502690 +0.0282833850 +0.1924199722 +0.6640660895
+1.6000000000 +0.9801375000 +0.0004658249 -0.0184750000 +0.0069450272 +0.9650093750 +0.0007614754 +0.9428399902 +0.0011715080 -1.9308625000 +0.0014307669 +3.7691718750 +0.0046358963 +0.0433985609 +0.2558867568 +0.6625156215
+1.7000000000 +0.9696250000 +0.0006232168 -0.0170875000 +0.0068834898 +0.9479406250 +0.0009626643 +0.9171258789 +0.0014208726 -1.8990625000 +0.0017581382 +3.6682593750 +0.0055630702 +0.0731104412 +0.3422615701 +0.6597912949
+1.8000000000 +0.9567562500 +0.0007505564 -0.0152937500 +0.0068059361 +0.9266492187 +0.0011462665 +0.8849573120 +0.0016556476 -1.8591875000 +0.0020695708 +3.5422406250 +0.0064315518 +0.1001484163 +0.4230245177 +0.6564655149
+1.9000000000 +0.9404187500 +0.0009278481 -0.0159062500 +0.0067132424 +0.9016054688 +0.0013591451 +0.8498379272 +0.0018883096 -1.8143625000 +0.0024029081 +3.4073906250 +0.0072674261 +0.1449940497 +0.5118198054 +0.6515168531
+2.0000000000 +0.9200250000 +0.0010873046 -0.0151375000 +0.0065949279 +0.8700906250 +0.0015609143 +0.8057867676 +0.0021090704 -1.7572500000 +0.0027377905 +3.2378375000 +0.0080701578 +0.1891569950 +0.5996397500 +0.6452112029
+2.1000000000 +0.8951812500 +0.0012761588 -0.0117687500 +0.0064567120 +0.8339210938 +0.0017673742 +0.7578966187 +0.0023069621 -1.6937625000 +0.0030555009 +3.0555531250 +0.0087692199 +0.2481647497 +0.6774484121 +0.6367222524
+2.2000000000 +0.8662375000 +0.0014710981 -0.0075375000 +0.0062991793 +0.7936500000 +0.0019676671 +0.7073145996 +0.0024772525 -1.6229625000 +0.0033783472 +2.8622718750 +0.0093871346 +0.3147824989 +0.7545937144 +0.6256883653
+2.3000000000 +0.8347750000 +0.0016058109 -0.0081875000 +0.0061170043 +0.7484218750 +0.0021089108 +0.6490854004 +0.0025888479 -1.5421500000 +0.0036105202 +2.6389437500 +0.0097826669 +0.3587657348 +0.7885584197 +0.6137329696
+2.4000000000 +0.8005562500 +0.0017467314 -0.0083437500 +0.0059238590 +0.7019117188 +0.0022386596 +0.5929119995 +0.0026718857 -1.4617125000 +0.0038104277 +2.4269906250 +0.0100637390 +0.4068093956 +0.8066310898 +0.5988525844
+2.5000000000 +0.7618000000 +0.0018760182 -0.0121875000 +0.0057034182 +0.6507281250 +0.0023439341 +0.5333276367 +0.0027163450 -1.3732250000 +0.0039803618 +2.2026125000 +0.0102060829 +0.4504888640 +0.8111759344 +0.5801697969
+2.6000000000 +0.7259375000 +0.0019617323 -0.0079625000 +0.0054949510 +0.6039531250 +0.0023996734 +0.4799280273 +0.0027105918 -1.2905625000 +0.0040815610 +1.9987343750 +0.0101885519 +0.4736484375 +0.7885983635 +0.5614204346
+2.7000000000 +0.6893125000 +0.0020461835 -0.0077375000 +0.0052859682 +0.5588890625 +0.0024432771 +0.4317490479 +0.0026835795 -1.2107625000 +0.0041677769 +1.8133531250 +0.0100859990 +0.4962212731 +0.7624851437 +0.5392568229
+2.8000000000 +0.6587875000 +0.0020833863 -0.0071000000 +0.0051027469 +0.5208109375 +0.0024375009 +0.3900722412 +0.0026210940 -1.1431250000 +0.0041750538 +1.6553562500 +0.0098478741 +0.4960569563 +0.7114724171 +0.5206380058
+2.9000000000 +0.6307000000 +0.0021016773 -0.0060875000 +0.0049299411 +0.4861234375 +0.0024219616 +0.3536339600 +0.0025539477 -1.0804625000 +0.0041689562 +1.5150031250 +0.0096108401 +0.4873983310 +0.6613154076 +0.5011849032
+3.0000000000 +0.5991187500 +0.0021263379 -0.0088187500 +0.0047396823 +0.4493695313 +0.0023967120 +0.3168175415 +0.0024647052 -1.0157625000 +0.0041434341 +1.3751343750 +0.0092724447 +0.4822733581 +0.6104194108 +0.4770252513
+3.1000000000 +0.5752000000 +0.0021081830 -0.0035750000 +0.0045811078 +0.4197437500 +0.0023399182 +0.2856891602 +0.0023599656 -0.9610125000 +0.0040667592 +1.2543156250 +0.0088787171 +0.4587804387 +0.5507106761 +0.4594896292
+3.2000000000 +0.5490250000 +0.0021158035 -0.0012125000 +0.0044213090 +0.3909609375 +0.0022977412 +0.2584427490 +0.0022608918 -0.9077625000 +0.0040195327 +1.1471656250 +0.0085293298 +0.4476624344 +0.5048951072 +0.4363930208
+3.3000000000 +0.5289375000 +0.0020788571 +0.0004000000 +0.0042790633 +0.3662078125 +0.0022171684 +0.2324248779 +0.0021369890 -0.8622125000 +0.0038936180 +1.0466156250 +0.0080634902 +0.4190687689 +0.4454805948 +0.4222949730
+3.4000000000 +0.5070437500 +0.0020679426 -0.0003187500 +0.0041389672 +0.3426210937 +0.0021686536 +0.2114503784 +0.0020526300 -0.8154000000 +0.0038601593 +0.9628937500 +0.0077687100 +0.4024834322 +0.4124797093 +0.3995746531
+3.5000000000 +0.4916062500 +0.0020440349 -0.0012312500 +0.0040325970 +0.3252382812 +0.0021158680 +0.1953178833 +0.0019679995 -0.7821125000 +0.0037926535 +0.8993843750 +0.0074540249 +0.3819957770 +0.3757510692 +0.3845150474
+3.6000000000 +0.4724312500 +0.0020198058 -0.0053812500 +0.0039035537 +0.3047835938 +0.0020526923 +0.1771639526 +0.0018713809 -0.7427875000 +0.0037158939 +0.8278906250 +0.0071038627 +0.3626324790 +0.3409350060 +0.3642725924
+3.7000000000 +0.4579187500 +0.0019905473 -0.0032562500 +0.0038008193 +0.2889351562 +0.0019939469 +0.1630000122 +0.0017862320 -0.7106750000 +0.0036572089 +0.7725625000 +0.0067967691 +0.3426835660 +0.3126411037 +0.3491729330
+3.8000000000 +0.4438062500 +0.0019691874 -0.0033937500 +0.0037047702 +0.2745179688 +0.0019417428 +0.1507674194 +0.0017104101 -0.6815000000 +0.0035850052 +0.7214875000 +0.0065234176 +0.3265430788 +0.2848146814 +0.3331246062
+3.9000000000 +0.4293812500 +0.0019343485 -0.0021187500 +0.0035999851 +0.2592023438 +0.0018831363 +0.1381098999 +0.0016353921 -0.6491875000 +0.0035229779 +0.6696718750 +0.0062541936 +0.3070116345 +0.2611202786 +0.3147868209
+4.0000000000 +0.4210500000 +0.0019242047 -0.0014000000 +0.0035449430 +0.2513343750 +0.0018477503 +0.1314525879 +0.0015750970 -0.6296625000 +0.0034977458 +0.6411593750 +0.0060192773 +0.2962050900 +0.2446845111 +0.3063440698
+4.1000000000 +0.4092812500 +0.0019035200 -0.0039687500 +0.0034638357 +0.2399789063 +0.0018061720 +0.1228350220 +0.0015224683 -0.6049500000 +0.0034484000 +0.6037937500 +0.0058384966 +0.2828010328 +0.2263693016 +0.2890242077
+4.2000000000 +0.3991687500 +0.0018694012 -0.0055312500 +0.0033852497 +0.2292289063 +0.0017489397 +0.1137216919 +0.0014452919 -0.5821625000 +0.0033775635 +0.5670718750 +0.0055612586 +0.2662598677 +0.2069466654 +0.2785881145
+4.3000000000 +0.3935937500 +0.0018557814 -0.0015062500 +0.0033450879 +0.2237945313 +0.0017134671 +0.1088033813 +0.0013940775 -0.5702250000 +0.0033293652 +0.5468500000 +0.0053719777 +0.2562920603 +0.1918385717 +0.2758605659
+4.4000000000 +0.3845625000 +0.0018247534 +0.0039125000 +0.0032746565 +0.2144828125 +0.0016712978 +0.1018676025 +0.0013515803 -0.5455875000 +0.0032917029 +0.5143718750 +0.0052271578 +0.2421618040 +0.1790959957 +0.2618751297
+4.5000000000 +0.3734875000 +0.0017938379 -0.0012625000 +0.0031925570 +0.2038500000 +0.0016207571 +0.0940918945 +0.0012886247 -0.5265875000 +0.0032317950 +0.4861843750 +0.0049994157 +0.2288251994 +0.1650488730 +0.2452388686
+4.6000000000 +0.3685812500 +0.0017824038 -0.0002187500 +0.0031574623 +0.1993914062 +0.0015878777 +0.0901840454 +0.0012347568 -0.5157750000 +0.0031915506 +0.4697437500 +0.0047869277 +0.2210061510 +0.1540415118 +0.2438715392
+4.7000000000 +0.3609000000 +0.0017425009 +0.0002125000 +0.0030901048 +0.1909750000 +0.0015258232 +0.0830341797 +0.0011597418 -0.4974625000 +0.0030993180 +0.4395843750 +0.0045169286 +0.2067274553 +0.1391510628 +0.2411033995
+4.8000000000 +0.3516312500 +0.0017384215 -0.0034437500 +0.0030337671 +0.1840867187 +0.0015191343 +0.0800432983 +0.0011641565 -0.4807000000 +0.0031262198 +0.4265375000 +0.0045448424 +0.2014739426 +0.1357395903 +0.2126663593
+4.9000000000 +0.3464875000 +0.0017029089 -0.0022625000 +0.0029836760 +0.1780515625 +0.0014671444 +0.0747526123 +0.0010958119 -0.4695500000 +0.0030618442 +0.4079750000 +0.0042921449 +0.1893811423 +0.1249464706 +0.2140162974
+5.0000000000 +0.3399812500 +0.0016858478 +0.0017187500 +0.0029362046 +0.1724289063 +0.0014357475 +0.0709591431 +0.0010584308 -0.4523750000 +0.0030351121 +0.3888812500 +0.0041602746 +0.1818932989 +0.1179123900 +0.2044509516
