# T, am1a, am1e, m1a, m1e, m2a, m2e, m4a, m4e, e1a, e1e, e2a, e2e, susc, spec, bind
+0.5000000000 +1.0000000000 +0.0000000000 -0.0019000000 +0.0070710550 +1.0000000000 +0.0000000000 +1.0000000000 +0.0000000000 -2.0000000000 +0.0000000000 +4.0000000000 +0.0000000000 +0.0000000000 +0.0000000000 +0.6666666667
+0.6000000000 +1.0000000000 +0.0000000000 -0.0018000000 +0.0070710564 +1.0000000000 +0.0000000000 +1.0000000000 +0.0000000000 -2.0000000000 +0.0000000000 +4.0000000000 +0.0000000000 +0.0000000000 +0.0000000000 +0.6666666667
+0.7000000000 +0.9999500000 +0.0000353536 -0.0019000000 +0.0070707899 +0.9999250000 +0.0000530304 +0.9999062500 +0.0000662879 -1.9998000000 +0.0001414143 +3.9996000000 +0.0002828286 +0.0001428429 +0.0032649796 +0.6666479157
+0.8000000000 +0.9999250000 +0.0000558992 -0.0019750000 +0.0070707447 +0.9999125000 +0.0000624969 +0.9999031250 +0.0000685332 -1.9998000000 +0.0001414143 +3.9996000000 +0.0002828286 +0.0003124719 +0.0024997500 +0.6666406230
+0.9000000000 +0.9996250000 +0.0001145337 -0.0019750000 +0.0070693302 +0.9995125000 +0.0001419309 +0.9994281250 +0.0001651031 -1.9988000000 +0.0003463062 +3.9976000000 +0.0006926124 +0.0011660417 +0.0118447407 +0.6665322399
+1.0000000000 +0.9988750000 +0.0001918638 -0.0018750000 +0.0070657059 +0.9984875000 +0.0002469400 +0.9981968750 +0.0002923229 -1.9962000000 +0.0006158555 +3.9924000000 +0.0012317110 +0.0029449375 +0.0303422400 +0.6662589050
+1.1000000000 +0.9978000000 +0.0002846190 -0.0016500000 +0.0070612403 +0.9972250000 +0.0003417638 +0.9967937500 +0.0003912291 -1.9933000000 +0.0008171631 +3.9866000000 +0.0016343262 +0.0058914909 +0.0441491240 +0.6658836438
+1.2000000000 +0.9955000000 +0.0004080288 -0.0024500000 +0.0070510425 +0.9943500000 +0.0004876258 +0.9934875000 +0.0005568014 -1.9864000000 +0.0011622186 +3.9728000000 +0.0023244371 +0.0110991667 +0.0750417778 +0.6650634085
+1.3000000000 +0.9917500000 +0.0005468975 -0.0031000000 +0.0070339903 +0.9895500000 +0.0006591964 +0.9879000000 +0.0007562395 -1.9747000000 +0.0015805048 +3.9494000000 +0.0031610096 +0.0184059615 +0.1182483077 +0.6637082258
+1.4000000000 +0.9875000000 +0.0006780026 -0.0013500000 +0.0070155120 +0.9843500000 +0.0008075450 +0.9819875000 +0.0009205913 -1.9623000000 +0.0019284542 +3.9250000000 +0.0038365023 +0.0262678571 +0.1517932857 +0.6621798009
+1.5000000000 +0.9813500000 +0.0008224104 -0.0028000000 +0.0069877291 +0.9765750000 +0.0009822174 +0.9729937500 +0.0011215563 -1.9436000000 +0.0023411433 +3.8872000000 +0.0046822866 +0.0360724733 +0.1948782933 +0.6599227412
+1.6000000000 +0.9747750000 +0.0009493735 -0.0050250000 +0.0069576837 +0.9682125000 +0.0011369956 +0.9632906250 +0.0013004559 -1.9232000000 +0.0027212291 +3.8468000000 +0.0054283043 +0.0450654984 +0.2314090000 +0.6574730808
+1.7000000000 +0.9666250000 +0.0010937004 -0.0055250000 +0.0069219108 +0.9582875000 +0.0012984499 +0.9520343750 +0.0014783576 -1.8995000000 +0.0031024164 +3.8006000000 +0.0061556464 +0.0562908456 +0.2664356401 +0.6544270594
+1.8000000000 +0.9563500000 +0.0012337884 -0.0047000000 +0.0068739650 +0.9450500000 +0.0014740335 +0.9365750000 +0.0016845449 -1.8673000000 +0.0035255546 +3.7354000000 +0.0070298892 +0.0676548389 +0.3069021111 +0.6504480467
+1.9000000000 +0.9461250000 +0.0013704011 -0.0073750000 +0.0068288290 +0.9327125000 +0.0016232763 +0.9226531250 +0.0018468999 -1.8380000000 +0.0038739902 +3.6784000000 +0.0076908174 +0.0790736513 +0.3325828255 +0.6464737976
+2.0000000000 +0.9327000000 +0.0015193866 -0.0072000000 +0.0067677476 +0.9161000000 +0.0017945862 +0.9036500000 +0.0020393143 -1.7985000000 +0.0042684760 +3.5990000000 +0.0084947013 +0.0923414200 +0.3643977500 +0.6410836588
+2.1000000000 +0.9197250000 +0.0016373519 -0.0075750000 +0.0067061730 +0.8995125000 +0.0019394637 +0.8843531250 +0.0022083407 -1.7575000000 +0.0046400094 +3.5194000000 +0.0091962591 +0.1021303321 +0.3905612245 +0.6356740933
+2.2000000000 +0.9078500000 +0.0017386543 -0.0084500000 +0.0066504834 +0.8846500000 +0.0020572357 +0.8672500000 +0.0023419003 -1.7217000000 +0.0049190909 +3.4482000000 +0.0097537602 +0.1099243227 +0.3999579421 +0.6306142902
+2.3000000000 +0.8940750000 +0.0018366735 -0.0068250000 +0.0065832778 +0.8668375000 +0.0021794738 +0.8464093750 +0.0024861291 -1.6770000000 +0.0052462892 +3.3628000000 +0.0103507878 +0.1173345989 +0.4162351607 +0.6245225771
+2.4000000000 +0.8814750000 +0.0019259975 -0.0059750000 +0.0065236179 +0.8511875000 +0.0022798214 +0.8284718750 +0.0025981493 -1.6394000000 +0.0054807282 +3.2884000000 +0.0108167126 +0.1236488740 +0.4171997500 +0.6188411215
+2.5000000000 +0.8652500000 +0.0020477724 -0.0028500000 +0.0064518093 +0.8325250000 +0.0023966995 +0.8079812500 +0.0027154892 -1.5971000000 +0.0057160808 +3.2042000000 +0.0112913736 +0.1341879000 +0.4182218176 +0.6114155117
+2.6000000000 +0.8547250000 +0.0021063318 -0.0057750000 +0.0064002115 +0.8192875000 +0.0024645219 +0.7927093750 +0.0027929873 -1.5639000000 +0.0059043069 +3.1430000000 +0.0116050657 +0.1365118067 +0.4125543136 +0.6063410932
+2.7000000000 +0.8393000000 +0.0021871844 -0.0068000000 +0.0063247678 +0.8001000000 +0.0025547993 +0.7707000000 +0.0028942530 -1.5187000000 +0.0060965167 +3.0498000000 +0.0120372754 +0.1417414963 +0.4078739698 +0.5986940827
+2.8000000000 +0.8272000000 +0.0022393097 -0.0072000000 +0.0062629792 +0.7845500000 +0.0026176688 +0.7525625000 +0.0029682999 -1.4794000000 +0.0062760483 +2.9764000000 +0.0123422912 +0.1432716571 +0.4019263469 +0.5924507807
+2.9000000000 +0.8131000000 +0.0023007432 -0.0042500000 +0.0061926648 +0.7670000000 +0.0026845484 +0.7324250000 +0.0030428106 -1.4358000000 +0.0064578571 +2.8956000000 +0.0126449607 +0.1460253655 +0.3967079001 +0.5849970564
+3.0000000000 +0.7983000000 +0.0023613249 -0.0072500000 +0.0061186087 +0.7488000000 +0.0027474858 +0.7116750000 +0.0031112066 -1.3916000000 +0.0066130532 +2.8112000000 +0.0129266286 +0.1486894800 +0.3887330844 +0.5769138742
+3.1000000000 +0.7881250000 +0.0023957930 -0.0126250000 +0.0060653858 +0.7359375000 +0.0027856137 +0.6967968750 +0.0031546755 -1.3593000000 +0.0067219919 +2.7514000000 +0.0131061017 +0.1481244960 +0.3761513049 +0.5711523118
+3.2000000000 +0.7795750000 +0.0024328514 -0.0063250000 +0.0060252489 +0.7261125000 +0.0028175899 +0.6860156250 +0.0031848698 -1.3364000000 +0.0067912997 +2.7084000000 +0.0132252967 +0.1479691492 +0.3603261875 +0.5662845167
+3.3000000000 +0.7698000000 +0.0024607718 -0.0074500000 +0.0059734600 +0.7137000000 +0.0028483092 +0.6716250000 +0.0032202207 -1.3039000000 +0.0069023358 +2.6530000000 +0.0133671070 +0.1467975273 +0.3499889036 +0.5604844901
+3.4000000000 +0.7560250000 +0.0025091204 -0.0071250000 +0.0059052381 +0.6974875000 +0.0028904633 +0.6535843750 +0.0032610743 -1.2671000000 +0.0069708593 +2.5774000000 +0.0135399580 +0.1481337640 +0.3362829031 +0.5521758103
+3.5000000000 +0.7460250000 +0.0025254623 +0.0033750000 +0.0058485088 +0.6841125000 +0.0029126295 +0.6376781250 +0.0032903951 -1.2343000000 +0.0070196279 +2.5090000000 +0.0136764743 +0.1457819421 +0.3217970645 +0.5458229212
+3.6000000000 +0.7292000000 +0.0025723759 +0.0050000000 +0.0057621611 +0.6640750000 +0.0029515728 +0.6152312500 +0.0033275974 -1.1848000000 +0.0071352959 +2.4220000000 +0.0138237404 +0.1470470667 +0.3142743704 +0.5349679663
+3.7000000000 +0.7232250000 +0.0025756853 +0.0091250000 +0.0057256189 +0.6557375000 +0.0029591401 +0.6051218750 +0.0033401498 -1.1626000000 +0.0071734275 +2.3808000000 +0.0138834278 +0.1434411885 +0.3007045259 +0.5309041866
+3.8000000000 +0.7144750000 +0.0025827599 +0.0075250000 +0.0056737592 +0.6438875000 +0.0029694761 +0.5909468750 +0.0033554785 -1.1296000000 +0.0072498408 +2.3272000000 +0.0139515952 +0.1404347099 +0.2911921994 +0.5248757495
+3.9000000000 +0.7028750000 +0.0026134674 -0.0019750000 +0.0056153076 +0.6306375000 +0.0029896130 +0.5764593750 +0.0033706327 -1.0989000000 +0.0072863530 +2.2694000000 +0.0140132502 +0.1401069071 +0.2792422853 +0.5168434539
+4.0000000000 +0.6918750000 +0.0026219886 -0.0065250000 +0.0055504276 +0.6161875000 +0.0029977895 +0.5594218750 +0.0033817879 -1.0599000000 +0.0073512312 +2.2042000000 +0.0140682308 +0.1374964844 +0.2702029975 +0.5088745702
+4.1000000000 +0.6862000000 +0.0026465030 -0.0073500000 +0.0055267349 +0.6109500000 +0.0030104202 +0.5545125000 +0.0033866773 -1.0499000000 +0.0073604008 +2.1858000000 +0.0140809772 +0.1366629854 +0.2578251017 +0.5048021532
+4.2000000000 +0.6837500000 +0.0026423090 -0.0073000000 +0.0055095223 +0.6071500000 +0.0030088941 +0.5497000000 +0.0033880436 -1.0386000000 +0.0073773642 +2.1672000000 +0.0140926296 +0.1329866071 +0.2468276735 +0.5029358018
+4.3000000000 +0.6734500000 +0.0026644896 -0.0085500000 +0.0054564269 +0.5955250000 +0.0030201922 +0.5370812500 +0.0033938276 -1.0135000000 +0.0073709489 +2.1138000000 +0.0141192237 +0.1320838116 +0.2350714440 +0.4952007038
+4.4000000000 +0.6594750000 +0.0026919345 -0.0052250000 +0.0053842836 +0.5798375000 +0.0030323081 +0.5201093750 +0.0033980183 -0.9753000000 +0.0074154902 +2.0510000000 +0.0141375369 +0.1317547494 +0.2272293202 +0.4843431053
+4.5000000000 +0.6527000000 +0.0026842849 +0.0019000000 +0.0053391076 +0.5701250000 +0.0030261463 +0.5081937500 +0.0033954333 -0.9469000000 +0.0074497664 +2.0066000000 +0.0141420586 +0.1280957422 +0.2192553857 +0.4788438173
+4.6000000000 +0.6512000000 +0.0026670542 -0.0000500000 +0.0053213015 +0.5663250000 +0.0030161627 +0.5026687500 +0.0033919043 -0.9352000000 +0.0074384170 +1.9812000000 +0.0141415108 +0.1237074435 +0.2091873270 +0.4775687287
+4.7000000000 +0.6402000000 +0.0026867170 -0.0000500000 +0.0052641476 +0.5542250000 +0.0030214103 +0.4897437500 +0.0033892803 -0.9096000000 +0.0074142695 +1.9268000000 +0.0141326603 +0.1228672000 +0.1990815464 +0.4685340767
+4.8000000000 +0.6325250000 +0.0026990704 +0.0008250000 +0.0052239201 +0.5457875000 +0.0030236599 +0.4807343750 +0.0033859986 -0.8822000000 +0.0075157274 +1.9080000000 +0.0141271653 +0.1214163536 +0.1961324931 +0.4620563902
+4.9000000000 +0.6238000000 +0.0027009124 +0.0017500000 +0.0051721463 +0.5350250000 +0.0030182114 +0.4684437500 +0.0033778511 -0.8565000000 +0.0074946906 +1.8570000000 +0.0141059402 +0.1191008653 +0.1871566431 +0.4545084307
+5.0000000000 +0.6199500000 +0.0026968685 +0.0030000000 +0.0051468000 +0.5298000000 +0.0030124696 +0.4621875000 +0.0033722493 -0.8397000000 +0.0075256359 +1.8378000000 +0.0140955510 +0.1163695980 +0.1812326256 +0.4511255271
