# T, am1a, am1e, m1a, m1e, m2a, m2e, m4a, m4e, e1a, e1e, e2a, e2e, susc, spec, bind
+0.5000000000 +0.9999999023 +0.0000000977 +0.2644999023 +0.0068192361 +0.9999998049 +0.0000001951 +0.9999996105 +0.0000003895 -1.9999996094 +0.0000003906 +3.9999984406 +0.0000015594 +0.0000003906 +0.0000124994 +0.6666666664
+0.6000000000 +0.9999975586 +0.0000004880 +0.2641002930 +0.0068199932 +0.9999951220 +0.0000009750 +0.9999902629 +0.0000019462 -1.9999902344 +0.0000019519 +3.9999610138 +0.0000077924 +0.0000081278 +0.0002167426 +0.6666666603
+0.7000000000 +0.9999773438 +0.0000015170 +0.2648947266 +0.0068183045 +0.9999547340 +0.0000030308 +0.9999096538 +0.0000060485 -1.9999101562 +0.0000059799 +3.9996413483 +0.0000238706 +0.0000673295 +0.0014946110 +0.6666666054
+0.8000000000 +0.9999059570 +0.0000030393 +0.2660731445 +0.0068154867 +0.9998121077 +0.0000060721 +0.9996249880 +0.0000121181 -1.9996251953 +0.0000120824 +3.9985038414 +0.0000482270 +0.0002364823 +0.0046714745 +0.6666664208
+0.9000000000 +0.9997135742 +0.0000054205 +0.2654196289 +0.0068153512 +0.9994278181 +0.0000108260 +0.9988583077 +0.0000215927 -1.9988693359 +0.0000211672 +3.9954875832 +0.0000844511 +0.0006685928 +0.0113284857 +0.6666658844
+1.0000000000 +0.9992775391 +0.0000087714 +0.2694019531 +0.0068043358 +0.9985571388 +0.0000175095 +0.9971224912 +0.0000348866 -1.9971677734 +0.0000337925 +3.9887019539 +0.0001347023 +0.0015756796 +0.0233867578 +0.6666646169
+1.1000000000 +0.9984655273 +0.0000129541 +0.2716584961 +0.0067938885 +0.9969367655 +0.0000258371 +0.9938962654 +0.0000513915 -1.9940371094 +0.0000491784 +3.9762323639 +0.0001957240 +0.0031243043 +0.0409348883 +0.6666621889
+1.2000000000 +0.9970491211 +0.0000186438 +0.2701766602 +0.0067864515 +0.9941139017 +0.0000371226 +0.9882900114 +0.0000735926 -1.9886796875 +0.0000690871 +3.9549423599 +0.0002741555 +0.0059322340 +0.0678829861 +0.6666573703
+1.3000000000 +0.9948411133 +0.0000253049 +0.2616059570 +0.0067870611 +0.9897216475 +0.0000502680 +0.9795994768 +0.0000991891 -1.9805177734 +0.0000909892 +3.9226162315 +0.0003596155 +0.0100878010 +0.1003281481 +0.6666494692
+1.4000000000 +0.9914194336 +0.0000336255 +0.2710081055 +0.0067434773 +0.9829351068 +0.0000665463 +0.9662499926 +0.0001303345 -1.9681554688 +0.0001165907 +3.8739078171 +0.0004578746 +0.0165401910 +0.1420371107 +0.6666361099
+1.5000000000 +0.9865041992 +0.0000445516 +0.2871475586 +0.0066737415 +0.9732302320 +0.0000877038 +0.9473309237 +0.0001699781 -1.9511394531 +0.0001474032 +3.8073797195 +0.0005738894 +0.0270997994 +0.1977703549 +0.6666125271
+1.6000000000 +0.9796318359 +0.0000580333 +0.2883871094 +0.0066203428 +0.9597458912 +0.0001133685 +0.9213692239 +0.0002164004 -1.9283265625 +0.0001806433 +3.7190959717 +0.0006949270 +0.0431086127 +0.2610560146 +0.6665736457
+1.7000000000 +0.9701992188 +0.0000757615 +0.2970552734 +0.0065313072 +0.9414013203 +0.0001464316 +0.8866652899 +0.0002736919 -1.8985111328 +0.0002197886 +3.6053106621 +0.0008321687 +0.0691478309 +0.3423280422 +0.6665053688
+1.8000000000 +0.9571445312 +0.0001004275 +0.3090990234 +0.0064061890 +0.9163273674 +0.0001911448 +0.8403865710 +0.0003466522 -1.8601128906 +0.0002654995 +3.4614297653 +0.0009845160 +0.1147526823 +0.4455662461 +0.6663765769
+1.9000000000 +0.9390870117 +0.0001327734 +0.2750817383 +0.0063504607 +0.8822369909 +0.0002473734 +0.7795659802 +0.0004303745 -1.8111472656 +0.0003135080 +3.2822201630 +0.0011321358 +0.1900195569 +0.5575964175 +0.6661425304
+2.0000000000 +0.9122710938 +0.0001921130 +0.2358664062 +0.0062343554 +0.8329766968 +0.0003443469 +0.6962216733 +0.0005580226 -1.7471164062 +0.0003785059 +3.0552810715 +0.0013169747 +0.3779319222 +0.7335256280 +0.6655273737
+2.1000000000 +0.8702073242 +0.0003076977 +0.1775811523 +0.0060316634 +0.7591543444 +0.0005105705 +0.5815289625 +0.0007300175 -1.6632324219 +0.0004586385 +2.7705490738 +0.0015175218 +0.9233345799 +0.9768599197 +0.6636511624
+2.2000000000 +0.7886764648 +0.0006590270 +0.1171879883 +0.0055541150 +0.6306968981 +0.0008875115 +0.4135321107 +0.0009691015 -1.5483619141 +0.0005674036 +2.4038635536 +0.0017437131 +4.0430926571 +1.3622874341 +0.6534654082
+2.3000000000 +0.5656220703 +0.0014924879 +0.0661066406 +0.0042432808 +0.3644787304 +0.0014347887 +0.1740171174 +0.0010084399 -1.3739093750 +0.0007096544 +1.8976991577 +0.0019473058 +19.8346146361 +1.9497012268 +0.5633571669
+2.4000000000 +0.3092698242 +0.0013657447 +0.0104458008 +0.0025772454 +0.1329529951 +0.0009619346 +0.0361828631 +0.0004403385 -1.2111054688 +0.0006068451 +1.4741416763 +0.0014886215 +15.9168729332 +1.3093724257 +0.3176842074
+2.5000000000 +0.1940421875 +0.0009650344 +0.0089976562 +0.0016762643 +0.0562781986 +0.0004940878 +0.0080496911 +0.0001370002 -1.1058660156 +0.0005153681 +1.2282517303 +0.0011457790 +7.6291391873 +0.8703321428 +0.1528163125
+2.6000000000 +0.1509412109 +0.0007817066 +0.0070808594 +0.0013220139 +0.0350045532 +0.0003287917 +0.0033873978 +0.0000655685 -1.0290501953 +0.0004872391 +1.0636923439 +0.0010078345 +4.8133136003 +0.7192296415 +0.0784988819
+2.7000000000 +0.1234713867 +0.0006420445 +0.0043581055 +0.0010832962 +0.0234896051 +0.0002269451 +0.0015818432 +0.0000337786 -0.9630605469 +0.0004601215 +0.9317198532 +0.0008903713 +3.1267733058 +0.5947678921 +0.0443678379
+2.8000000000 +0.1068976563 +0.0005550341 +0.0046189453 +0.0009372041 +0.0175883667 +0.0001659844 +0.0008603673 +0.0000173130 -0.9088804687 +0.0004455783 +0.8300345062 +0.0008127019 +2.2532599908 +0.5186350694 +0.0729319736
+2.9000000000 +0.0944749023 +0.0004970953 +0.0033737305 +0.0008323521 +0.0138675825 +0.0001342084 +0.0005525480 +0.0000115501 -0.8612025391 +0.0004332649 +0.7454241829 +0.0007496271 +1.7450638439 +0.4571313287 +0.0422609312
+3.0000000000 +0.0851584961 +0.0004529069 +0.0021995117 +0.0007533135 +0.0113544634 +0.0001117161 +0.0003785335 +0.0000081664 -0.8181691406 +0.0004224853 +0.6729706192 +0.0006946468 +1.4003179280 +0.4061726186 +0.0212994070
+3.1000000000 +0.0786754883 +0.0004200258 +0.0016838867 +0.0006969731 +0.0097182661 +0.0000960977 +0.0002791399 +0.0000060633 -0.7795197266 +0.0004132738 +0.6110669090 +0.0006465312 +1.1655213087 +0.3639840422 +0.0148029586
+3.2000000000 +0.0736431641 +0.0003935141 +0.0016578125 +0.0006525961 +0.0085203823 +0.0000846733 +0.0002159882 +0.0000048254 -0.7456898438 +0.0004042667 +0.5593219742 +0.0006056081 +0.9910613427 +0.3268631110 +0.0082763689
+3.3000000000 +0.0685604492 +0.0003674071 +0.0019711914 +0.0006081286 +0.0074002943 +0.0000739297 +0.0001640765 +0.0000036147 -0.7146779297 +0.0003983995 +0.5139389870 +0.0005712469 +0.8377434319 +0.2984968262 +0.0013184082
+3.4000000000 +0.0655577148 +0.0003490592 +0.0014075195 +0.0005802016 +0.0067346601 +0.0000668496 +0.0001347331 +0.0000030572 -0.6866832031 +0.0003891835 +0.4745630966 +0.0005364757 +0.7339207298 +0.2683371772 +0.0098031243
+3.5000000000 +0.0624053711 +0.0003322229 +0.0019565430 +0.0005521795 +0.0061018717 +0.0000613123 +0.0001124168 +0.0000027340 -0.6603455078 +0.0003875987 +0.4390608452 +0.0005147273 +0.6458342663 +0.2511646717 -0.0064304558
+3.6000000000 +0.0592410156 +0.0003147109 +0.0010880859 +0.0005238880 +0.0054903572 +0.0000542854 +0.0000890821 +0.0000019526 -0.6361234375 +0.0003805038 +0.4075486908 +0.0004863343 +0.5634444163 +0.2287931306 +0.0149277909
+3.7000000000 +0.0573010742 +0.0003054484 +0.0013229492 +0.0005073282 +0.0051493876 +0.0000511101 +0.0000787611 +0.0000018561 -0.6139029297 +0.0003772063 +0.3797224983 +0.0004647540 +0.5164210352 +0.2128552106 +0.0098998984
+3.8000000000 +0.0550711914 +0.0002921856 +0.0008543945 +0.0004868036 +0.0047402842 +0.0000469425 +0.0000665422 +0.0000015174 -0.5947136719 +0.0003743701 +0.3564874115 +0.0004471506 +0.4601123123 +0.1987765529 +0.0128858458
+3.9000000000 +0.0535363281 +0.0002843306 +0.0004958984 +0.0004734327 +0.0044830158 +0.0000441319 +0.0000590498 +0.0000012767 -0.5750675781 +0.0003691949 +0.3334288162 +0.0004258855 +0.4245339620 +0.1835320931 +0.0206072408
+4.0000000000 +0.0517110352 +0.0002774294 -0.0001157227 +0.0004589858 +0.0042133726 +0.0000421184 +0.0000532317 +0.0000011672 -0.5578679687 +0.0003655750 +0.3138895721 +0.0004091409 +0.3940714125 +0.1710657015 +0.0004851221
+4.1000000000 +0.0502443359 +0.0002680963 -0.0000787109 +0.0004450842 +0.0039620056 +0.0000397278 +0.0000472634 +0.0000011052 -0.5409931641 +0.0003662981 +0.2953570900 +0.0003986780 +0.3590274676 +0.1634675853 -0.0036295796
+4.2000000000 +0.0490939453 +0.0002626672 +0.0000830078 +0.0004353212 +0.0037900970 +0.0000382937 +0.0000436930 +0.0000010541 -0.5251867188 +0.0003597422 +0.2784093781 +0.0003798516 +0.3364282708 +0.1502498540 -0.0138870597
+4.3000000000 +0.0478136719 +0.0002559088 -0.0000232422 +0.0004240244 +0.0035959335 +0.0000360251 +0.0000388869 +0.0000008939 -0.5113880859 +0.0003584074 +0.2640868919 +0.0003682057 +0.3119119037 +0.1422810340 -0.0024411449
+4.4000000000 +0.0470471680 +0.0002523419 -0.0002620117 +0.0004175462 +0.0034869646 +0.0000350484 +0.0000367268 +0.0000008605 -0.4968248047 +0.0003522422 +0.2493163780 +0.0003518668 +0.2963848363 +0.1312524413 -0.0068534960
+4.5000000000 +0.0462017578 +0.0002459569 -0.0002730469 +0.0004089269 +0.0033444988 +0.0000332228 +0.0000332608 +0.0000007664 -0.4841460938 +0.0003507375 +0.2368577759 +0.0003409453 +0.2753186475 +0.1244140170 +0.0088264999
+4.6000000000 +0.0450544922 +0.0002392512 -0.0006041016 +0.0003983946 +0.0031747303 +0.0000316622 +0.0000301288 +0.0000007045 -0.4714386719 +0.0003525500 +0.2247402512 +0.0003345410 +0.2548475625 +0.1202972465 +0.0035686546
+4.7000000000 +0.0442977539 +0.0002364012 -0.0004922852 +0.0003924130 +0.0030800013 +0.0000306871 +0.0000283204 +0.0000006460 -0.4595851563 +0.0003498937 +0.2136670273 +0.0003234075 +0.2435181498 +0.1135027484 +0.0048789824
+4.8000000000 +0.0433792969 +0.0002293131 -0.0002462891 +0.0003829747 +0.0029334530 +0.0000287696 +0.0000251589 +0.0000005364 -0.4491427734 +0.0003484929 +0.2041581764 +0.0003146375 +0.2243604459 +0.1079531329 +0.0254307783
+4.9000000000 +0.0424665039 +0.0002274024 +0.0000614258 +0.0003766721 +0.0028376410 +0.0000282450 +0.0000240078 +0.0000005232 -0.4382248047 +0.0003438613 +0.1944057915 +0.0003035316 +0.2161344259 +0.1008566230 +0.0061615462
+5.0000000000 +0.0420797852 +0.0002250759 +0.0002049805 +0.0003730851 +0.0027838915 +0.0000277548 +0.0000231566 +0.0000005257 -0.4283251953 +0.0003444195 +0.1858349693 +0.0002966132 +0.2074999129 +0.0971774521 +0.0040246371
