# T, am1a, am1e, m1a, m1e, m2a, m2e, m4a, m4e, e1a, e1e, e2a, e2e, susc, spec, bind
+0.5000000000 +1.0000000000 +0.0000000000 -0.0097000000 +0.0070707351 +1.0000000000 +0.0000000000 +1.0000000000 +0.0000000000 -2.0000000000 +0.0000000000 +4.0000000000 +0.0000000000 +0.0000000000 +0.0000000000 +0.6666666667
+0.6000000000 +1.0000000000 +0.0000000000 -0.0097000000 +0.0070707351 +1.0000000000 +0.0000000000 +1.0000000000 +0.0000000000 -2.0000000000 +0.0000000000 +4.0000000000 +0.0000000000 +0.0000000000 +0.0000000000 +0.6666666667
+0.7000000000 +0.9999500000 +0.0000499987 -0.0095500000 +0.0070705686 +0.9999500000 +0.0000499987 +0.9999500000 +0.0000499987 -1.9999000000 +0.0000999975 +3.9998000000 +0.0001999950 +0.0002857000 +0.0016325714 +0.6666499992
+0.8000000000 +0.9998250000 +0.0000749898 -0.0093250000 +0.0070699206 +0.9997625000 +0.0000976137 +0.9997156250 +0.0001161132 -1.9994000000 +0.0002449122 +3.9988000000 +0.0004898245 +0.0005623469 +0.0074977500 +0.6666031136
+0.9000000000 +0.9995500000 +0.0001224331 -0.0093500000 +0.0070686370 +0.9994000000 +0.0001560673 +0.9992875000 +0.0001839614 -1.9985000000 +0.0003871531 +3.9970000000 +0.0007743061 +0.0013324333 +0.0148037037 +0.6665040916
+1.0000000000 +0.9986750000 +0.0002220072 -0.0088750000 +0.0070649088 +0.9983375000 +0.0002651991 +0.9980843750 +0.0003027254 -1.9960000000 +0.0006318228 +3.9920000000 +0.0012636455 +0.0039429775 +0.0319360000 +0.6661962334
+1.1000000000 +0.9973750000 +0.0003106935 -0.0089250000 +0.0070590645 +0.9966875000 +0.0003732226 +0.9961718750 +0.0004273370 -1.9920000000 +0.0008926365 +3.9840000000 +0.0017852731 +0.0070203977 +0.0526809917 +0.6657318496
+1.2000000000 +0.9950250000 +0.0004235416 -0.0087750000 +0.0070483526 +0.9936625000 +0.0005135884 +0.9926406250 +0.0005910109 -1.9846000000 +0.0012361804 +3.9692000000 +0.0024723608 +0.0119591646 +0.0848967778 +0.6648856771
+1.3000000000 +0.9919750000 +0.0005349345 -0.0088750000 +0.0070344109 +0.9897375000 +0.0006511166 +0.9880593750 +0.0007507873 -1.9750000000 +0.0015712256 +3.9500000000 +0.0031424513 +0.0176095365 +0.1168639053 +0.6637813984
+1.4000000000 +0.9877000000 +0.0006754151 -0.0079000000 +0.0070164542 +0.9846750000 +0.0008006683 +0.9824062500 +0.0009103633 -1.9633000000 +0.0018980663 +3.9266000000 +0.0037961325 +0.0260677429 +0.1470471633 +0.6622588027
+1.5000000000 +0.9812750000 +0.0008295141 -0.0057750000 +0.0069879509 +0.9766625000 +0.0009831960 +0.9732031250 +0.0011179836 -1.9441000000 +0.0023310426 +3.8882000000 +0.0046620852 +0.0366983317 +0.1932003378 +0.6599105072
+1.6000000000 +0.9742250000 +0.0009538907 -0.0050750000 +0.0069544473 +0.9673125000 +0.0011496663 +0.9621281250 +0.0013194218 -1.9208000000 +0.0027579645 +3.8416000000 +0.0055159289 +0.0454953734 +0.2376990000 +0.6572495327
+1.7000000000 +0.9664500000 +0.0010908574 -0.0013500000 +0.0069203438 +0.9578250000 +0.0013024500 +0.9513562500 +0.0014875492 -1.8983000000 +0.0031101215 +3.7970000000 +0.0062080230 +0.0559985824 +0.2677607059 +0.6543396349
+1.8000000000 +0.9569500000 +0.0012256977 -0.0003000000 +0.0068767722 +0.9458000000 +0.0014645795 +0.9374375000 +0.0016738452 -1.8690000000 +0.0035074136 +3.7392000000 +0.0069827765 +0.0667704389 +0.3037518519 +0.6506808068
+1.9000000000 +0.9460750000 +0.0013671063 +0.0006750000 +0.0068280196 +0.9324375000 +0.0016243412 +0.9222093750 +0.0018512557 -1.8373000000 +0.0038738141 +3.6758000000 +0.0077191138 +0.0786938829 +0.3325525873 +0.6464353675
+2.0000000000 +0.9336750000 +0.0015155609 +0.0006750000 +0.0067737990 +0.9176875000 +0.0017825056 +0.9056968750 +0.0020206803 -1.8025000000 +0.0042402462 +3.6086000000 +0.0084035886 +0.0918769887 +0.3595937500 +0.6415141795
+2.1000000000 +0.9221500000 +0.0016084057 -0.0038500000 +0.0067159704 +0.9021000000 +0.0019141328 +0.8870625000 +0.0021849874 -1.7636000000 +0.0045766529 +3.5292000000 +0.0091146787 +0.0985511952 +0.3799682902 +0.6366513092
+2.2000000000 +0.9106250000 +0.0017160945 -0.0013750000 +0.0066638413 +0.8881375000 +0.0020308084 +0.8712718750 +0.0023117816 -1.7302000000 +0.0048539054 +3.4648000000 +0.0096290211 +0.1070901989 +0.3894280661 +0.6318099696
+2.3000000000 +0.8971250000 +0.0018235163 -0.0006250000 +0.0066005193 +0.8713375000 +0.0021536926 +0.8519968750 +0.0024500434 -1.6893000000 +0.0051578363 +3.3858000000 +0.0101969563 +0.1156595380 +0.4023179660 +0.6259377029
+2.4000000000 +0.8852000000 +0.0019124063 -0.0001000000 +0.0065449408 +0.8567250000 +0.0022515664 +0.8353687500 +0.0025578699 -1.6545000000 +0.0053834457 +3.3170000000 +0.0106430987 +0.1219099333 +0.4025206597 +0.6206202991
+2.5000000000 +0.8697250000 +0.0020253509 +0.0002750000 +0.0064748067 +0.8384625000 +0.0023663924 +0.8150156250 +0.0026780404 -1.6121000000 +0.0056326441 +3.2334000000 +0.0111326646 +0.1312654790 +0.4061014976 +0.6135641649
+2.6000000000 +0.8565750000 +0.0020975196 +0.0021750000 +0.0064097885 +0.8217125000 +0.0024531020 +0.7955656250 +0.0027791191 -1.5694000000 +0.0058863556 +3.1560000000 +0.0115405026 +0.1353719529 +0.4100494911 +0.6072511086
+2.7000000000 +0.8382000000 +0.0022039256 -0.0095500000 +0.0063231076 +0.7997250000 +0.0025623102 +0.7708687500 +0.0028949313 -1.5186000000 +0.0061100493 +3.0528000000 +0.0120241677 +0.1439196444 +0.4096867160 +0.5982296898
+2.8000000000 +0.8271000000 +0.0022431071 -0.0112000000 +0.0062633839 +0.7847250000 +0.0026186869 +0.7529437500 +0.0029672194 -1.4803000000 +0.0062726068 +2.9782000000 +0.0123351627 +0.1437579857 +0.4014856684 +0.5924261606
+2.9000000000 +0.8194500000 +0.0022635889 -0.0080500000 +0.0062205715 +0.7739750000 +0.0026535961 +0.7398687500 +0.0030150023 -1.4534000000 +0.0063593570 +2.9212000000 +0.0125526702 +0.1413471690 +0.3846984257 +0.5883012353
+3.0000000000 +0.8007000000 +0.0023511115 -0.0147000000 +0.0061296774 +0.7516750000 +0.0027376171 +0.7149062500 +0.0031010085 -1.3990000000 +0.0065802698 +2.8232000000 +0.0128886418 +0.1474060133 +0.3848884444 +0.5782378265
+3.1000000000 +0.7901500000 +0.0023823620 -0.0105500000 +0.0060734615 +0.7378500000 +0.0027767101 +0.6986250000 +0.0031487323 -1.3638000000 +0.0066964526 +2.7568000000 +0.0130905572 +0.1464683581 +0.3732984641 +0.5722532636
+3.2000000000 +0.7778750000 +0.0024287135 -0.0049750000 +0.0060126440 +0.7230625000 +0.0028207601 +0.6819531250 +0.0031941069 -1.3273000000 +0.0068178982 +2.6914000000 +0.0132702035 +0.1474662305 +0.3631541836 +0.5652079523
+3.3000000000 +0.7636000000 +0.0024815826 -0.0037000000 +0.0059423746 +0.7062500000 +0.0028674766 +0.6632375000 +0.0032396922 -1.2861000000 +0.0069460305 +2.6190000000 +0.0134477489 +0.1492909576 +0.3544340826 +0.5567682147
+3.4000000000 +0.7505500000 +0.0025219010 -0.0068000000 +0.0058757074 +0.6905250000 +0.0029041477 +0.6455062500 +0.0032768855 -1.2509000000 +0.0069908840 +2.5422000000 +0.0136125294 +0.1496467029 +0.3382177128 +0.5487467074
+3.5000000000 +0.7393750000 +0.0025314236 -0.0029750000 +0.0058087376 +0.6748375000 +0.0029242839 +0.6264343750 +0.0033082350 -1.2084000000 +0.0070900262 +2.4656000000 +0.0137535752 +0.1464709821 +0.3282838988 +0.5414825053
+3.6000000000 +0.7317000000 +0.0025609091 -0.0049500000 +0.0057728914 +0.6665500000 +0.0029444745 +0.6176875000 +0.0033232523 -1.1863000000 +0.0071808506 +2.4386000000 +0.0137978803 +0.1457390111 +0.3183000957 +0.5365721895
+3.7000000000 +0.7202250000 +0.0025815543 -0.0046750000 +0.0057096000 +0.6520125000 +0.0029642269 +0.6008531250 +0.0033454547 -1.1522000000 +0.0072056754 +2.3660000000 +0.0139033162 +0.1440956209 +0.3034142177 +0.5288760030
+3.8000000000 +0.7121500000 +0.0026020893 +0.0002000000 +0.0056682226 +0.6425750000 +0.0029790193 +0.5903937500 +0.0033579929 -1.1288000000 +0.0072533115 +2.3264000000 +0.0139525321 +0.1425446079 +0.2914710693 +0.5233793585
+3.9000000000 +0.7044500000 +0.0026170135 -0.0003000000 +0.0056268326 +0.6332250000 +0.0029902537 +0.5798062500 +0.0033685130 -1.1056000000 +0.0072885137 +2.2848000000 +0.0139980159 +0.1404873821 +0.2794079264 +0.5180016712
+4.0000000000 +0.6980500000 +0.0026143947 -0.0046000000 +0.0055854894 +0.6239750000 +0.0029922730 +0.5684187500 +0.0033760742 -1.0807000000 +0.0073139849 +2.2378000000 +0.0140418146 +0.1367011975 +0.2674718775 +0.5133544448
+4.1000000000 +0.6873500000 +0.0026372332 -0.0072000000 +0.0055294582 +0.6115500000 +0.0030058825 +0.5547000000 +0.0033855744 -1.0500000000 +0.0073603668 +2.1860000000 +0.0140808451 +0.1357072951 +0.2578227246 +0.5056062520
+4.2000000000 +0.6743500000 +0.0026544969 -0.0096000000 +0.0054570268 +0.5956750000 +0.0030152947 +0.5366687500 +0.0033927566 -1.0111000000 +0.0073874109 +2.1138000000 +0.0141192237 +0.1342162643 +0.2475004059 +0.4958424150
+4.3000000000 +0.6683000000 +0.0026655216 -0.0097000000 +0.0054250848 +0.5887250000 +0.0030203197 +0.5290437500 +0.0033948937 -0.9918000000 +0.0074361709 +2.0896000000 +0.0141279366 +0.1321861488 +0.2392499210 +0.4912020221
+4.4000000000 +0.6583000000 +0.0026715268 -0.0129000000 +0.0053662538 +0.5761000000 +0.0030212480 +0.5144500000 +0.0033950374 -0.9621000000 +0.0074207937 +2.0270000000 +0.0141408469 +0.1297646455 +0.2275544607 +0.4833146279
+4.5000000000 +0.6540500000 +0.0026843863 -0.0057500000 +0.0053472747 +0.5719000000 +0.0030266970 +0.5102875000 +0.0033958818 -0.9479000000 +0.0074956174 +2.0222000000 +0.0141412644 +0.1281054200 +0.2219625857 +0.4799399634
+4.6000000000 +0.6478250000 +0.0026850072 -0.0043250000 +0.0053096318 +0.5638625000 +0.0030244810 +0.5008906250 +0.0033935269 -0.9344000000 +0.0074070799 +1.9704000000 +0.0141405867 +0.1253784951 +0.2074284764 +0.4748598506
+4.7000000000 +0.6424000000 +0.0026827900 -0.0072500000 +0.0052752841 +0.5566250000 +0.0030204500 +0.4922937500 +0.0033899638 -0.9071000000 +0.0075158818 +1.9526000000 +0.0141381633 +0.1225082894 +0.2045757519 +0.4703638120
+4.8000000000 +0.6361750000 +0.0026876465 -0.0069250000 +0.0052399406 +0.5491875000 +0.0030194367 +0.4839468750 +0.0033864037 -0.8914000000 +0.0074840031 +1.9148000000 +0.0141292975 +0.1203907245 +0.1944802153 +0.4651461238
+4.9000000000 +0.6332250000 +0.0026871323 -0.0109250000 +0.0052214373 +0.5453875000 +0.0030171332 +0.4795093750 +0.0033837348 -0.8835000000 +0.0074593155 +1.8934000000 +0.0141220332 +0.1178886526 +0.1853940441 +0.4626398110
+5.0000000000 +0.6255000000 +0.0026886312 -0.0065000000 +0.0051758224 +0.5358250000 +0.0030121447 +0.4685687500 +0.0033763479 -0.8586000000 +0.0074659428 +1.8520000000 +0.0141033613 +0.1156598000 +0.1783689664 +0.4559909544
