# T, am1a, am1e, m1a, m1e, m2a, m2e, m4a, m4e, e1a, e1e, e2a, e2e, susc, spec, bind
+0.5000000000 +0.9999998047 +0.0000001381 +0.0698998047 +0.0070537707 +0.9999996098 +0.0000002759 +0.9999992210 +0.0000005508 -1.9999992187 +0.0000005524 +3.9999968811 +0.0000022053 +0.0000007812 +0.0000249975 +0.6666666662
+0.6000000000 +0.9999977539 +0.0000004681 +0.0693999023 +0.0070540030 +0.9999955122 +0.0000009352 +0.9999910419 +0.0000018668 -1.9999910156 +0.0000018723 +3.9999641327 +0.0000074745 +0.0000074784 +0.0001994232 +0.6666666608
+0.7000000000 +0.9999794922 +0.0000014346 +0.0701988281 +0.0070534784 +0.9999590260 +0.0000028661 +0.9999182179 +0.0000057202 -1.9999183594 +0.0000056918 +3.9996740921 +0.0000227207 +0.0000602107 +0.0013540558 +0.6666666119
+0.8000000000 +0.9999081055 +0.0000029952 +0.0702903320 +0.0070529273 +0.9998163988 +0.0000059841 +0.9996335475 +0.0000119427 -1.9996343750 +0.0000118720 +3.9985404526 +0.0000473895 +0.0002296694 +0.0045102305 +0.6666664278
+0.9000000000 +0.9997134766 +0.0000053929 +0.0698732422 +0.0070517563 +0.9994276169 +0.0000107711 +0.9988578817 +0.0000214840 -1.9988683594 +0.0000210951 +3.9954836182 +0.0000841651 +0.0006618017 +0.0112514257 +0.6666658923
+1.0000000000 +0.9992658203 +0.0000087412 +0.0669429687 +0.0070500083 +0.9985337078 +0.0000174503 +0.9970756559 +0.0000347730 -1.9971189453 +0.0000338322 +3.9885069740 +0.0001348648 +0.0015648406 +0.0234417187 +0.6666646306
+1.1000000000 +0.9984402344 +0.0000130600 +0.0665914062 +0.0070443307 +0.9968863129 +0.0000260476 +0.9937958904 +0.0000518083 -1.9939503906 +0.0000494425 +3.9758870514 +0.0001967732 +0.0031755612 +0.0413756238 +0.6666621152
+1.2000000000 +0.9969920898 +0.0000185104 +0.0666838867 +0.0070340363 +0.9940000799 +0.0000368605 +0.9880633328 +0.0000730866 -1.9884773438 +0.0000683621 +3.9541356140 +0.0002713272 +0.0058476432 +0.0664657114 +0.6666574990
+1.3000000000 +0.9947914062 +0.0000253684 +0.0683589844 +0.0070176558 +0.9896228130 +0.0000503853 +0.9794040857 +0.0000993872 -1.9803380859 +0.0000907438 +3.9219036232 +0.0003585782 +0.0101384548 +0.0997876396 +0.6666493853
+1.4000000000 +0.9913972656 +0.0000339959 +0.0733175781 +0.0069911236 +0.9828916527 +0.0000672819 +0.9661665379 +0.0001317846 -1.9681023438 +0.0001181468 +3.8737060089 +0.0004639834 +0.0169065258 +0.1458538772 +0.6666354279
+1.5000000000 +0.9865042969 +0.0000444549 +0.0764343750 +0.0069548114 +0.9732302525 +0.0000875075 +0.9473302755 +0.0001695745 -1.9511201172 +0.0001470619 +3.8073022560 +0.0005725123 +0.0269821978 +0.1968557253 +0.6666127692
+1.6000000000 +0.9796628906 +0.0000581714 +0.0954601562 +0.0068945428 +0.9598070576 +0.0001136238 +0.9214877953 +0.0002168370 -1.9283789063 +0.0001809863 +3.7193003265 +0.0006961610 +0.0433141144 +0.2620481873 +0.6665732381
+1.7000000000 +0.9700348633 +0.0000763281 +0.1217829102 +0.0068053401 +0.9410841555 +0.0001474894 +0.8860744500 +0.0002755359 -1.8981017578 +0.0002215108 +3.6037716240 +0.0008384622 +0.0701858533 +0.3477138981 +0.6665029197
+1.8000000000 +0.9564606445 +0.0001016035 +0.1455977539 +0.0066851504 +0.9150234301 +0.0001932147 +0.8380145163 +0.0003498291 -1.8584345703 +0.0002656319 +3.4551902580 +0.0009842700 +0.1174559427 +0.4460107515 +0.6663694146
+1.9000000000 +0.9377049805 +0.0001377853 +0.1734004883 +0.0065176783 +0.8796703264 +0.0002559658 +0.7751302527 +0.0004429030 -1.8083556641 +0.0003157639 +3.2721443443 +0.0011385953 +0.2046361750 +0.5656498230 +0.6661022074
+2.0000000000 +0.9111208984 +0.0001932824 +0.1964292969 +0.0062940606 +0.8308884537 +0.0003451670 +0.6927584280 +0.0005562534 -1.7452171875 +0.0003713512 +3.0485410660 +0.0012913621 +0.3825469976 +0.7060568150 +0.6655161792
+2.1000000000 +0.8676100586 +0.0003305125 +0.1998120117 +0.0059791602 +0.7549319834 +0.0005300855 +0.5755421125 +0.0007444759 -1.6608431641 +0.0004542012 +2.7625259895 +0.0015009404 +1.0653352728 +0.9580492729 +0.6633797783
+2.2000000000 +0.7873769531 +0.0006666280 +0.1967324219 +0.0054320653 +0.6288503250 +0.0008981063 +0.4115846300 +0.0009802929 -1.5482554688 +0.0005730071 +2.4036617401 +0.0017609281 +4.1368942312 +1.3893275712 +0.6530688352
+2.3000000000 +0.5692531250 +0.0014213570 +0.1410539062 +0.0041506507 +0.3644542324 +0.0013925090 +0.1716085145 +0.0009893937 -1.3750152344 +0.0006970731 +1.9003851120 +0.0019235008 +17.9890585976 +1.8811823157 +0.5693429302
+2.4000000000 +0.3177485352 +0.0013256689 +0.0268116211 +0.0026018573 +0.1361120901 +0.0009338092 +0.0359664933 +0.0004179894 -1.2125238281 +0.0005901603 +1.4771798172 +0.0014451254 +14.9964623005 +1.2383614985 +0.3528820662
+2.5000000000 +0.2037775391 +0.0010002998 +0.0021269531 +0.0017540347 +0.0615372791 +0.0005247062 +0.0092931696 +0.0001512371 -1.1078416016 +0.0005177334 +1.2326739708 +0.0011549586 +8.1969126206 +0.8783391362 +0.1819760361
+2.6000000000 +0.1515373047 +0.0007857532 -0.0010652344 +0.0013287321 +0.0353117157 +0.0003316297 +0.0034464824 +0.0000664619 -1.0288609375 +0.0004833519 +1.0632274094 +0.0010001973 +4.8632757115 +0.7077991990 +0.0786658340
+2.7000000000 +0.1243578125 +0.0006578058 +0.0002607422 +0.0010981568 +0.0241190346 +0.0002358438 +0.0016941737 +0.0000365067 -0.9644175781 +0.0004627822 +0.9343846115 +0.0008974221 +3.2821737421 +0.6016662320 +0.0292288763
+2.8000000000 +0.1055426758 +0.0005612456 +0.0019479492 +0.0009336861 +0.0174391893 +0.0001713617 +0.0008914221 +0.0000192249 -0.9084486328 +0.0004443310 +0.8292275200 +0.0008099364 +2.3039754707 +0.5157357101 +0.0229662752
+2.9000000000 +0.0940828125 +0.0004987752 +0.0023773438 +0.0008313080 +0.0138271103 +0.0001367744 +0.0005653337 +0.0000126504 -0.8605289063 +0.0004309189 +0.7442238205 +0.0007444248 +1.7568784534 +0.4521942606 +0.0143544085
+3.0000000000 +0.0857441406 +0.0004551289 +0.0026275391 +0.0007578918 +0.0114949039 +0.0001136955 +0.0003906662 +0.0000085238 -0.8181636719 +0.0004181103 +0.6728881180 +0.0006866738 +1.4140915352 +0.3978039757 +0.0144608774
+3.1000000000 +0.0791633789 +0.0004168722 +0.0014784180 +0.0006978647 +0.0097424891 +0.0000950584 +0.0002756380 +0.0000061070 -0.7790824219 +0.0004128995 +0.6103791397 +0.0006463145 +1.1480851793 +0.3633249642 +0.0319940886
+3.2000000000 +0.0732470703 +0.0003871982 +0.0007134766 +0.0006466480 +0.0083635815 +0.0000814606 +0.0002026661 +0.0000042997 -0.7450126953 +0.0004034213 +0.5582988914 +0.0006038184 +0.9595034103 +0.3254975272 +0.0342263899
+3.3000000000 +0.0685260742 +0.0003630740 -0.0000284180 +0.0006054864 +0.0073322767 +0.0000727582 +0.0001596375 +0.0000036520 -0.7147417969 +0.0003933187 +0.5139498276 +0.0005642025 +0.8180996276 +0.2909317877 +0.0102259217
+3.4000000000 +0.0654624023 +0.0003489989 -0.0002985352 +0.0005797086 +0.0067213312 +0.0000668145 +0.0001344599 +0.0000029473 -0.6860582031 +0.0003908283 +0.4737307938 +0.0005389277 +0.7336674166 +0.2706102200 +0.0078875033
+3.5000000000 +0.0622790039 +0.0003339900 -0.0005120117 +0.0005526934 +0.0061096613 +0.0000606942 +0.0001110036 +0.0000024187 -0.6607156250 +0.0003865320 +0.4395332764 +0.0005129460 +0.6527230436 +0.2497840482 +0.0087534024
+3.6000000000 +0.0591672852 +0.0003168302 +0.0000067383 +0.0005248045 +0.0055083952 +0.0000549397 +0.0000907099 +0.0000020317 -0.6366925781 +0.0003802738 +0.4082696030 +0.0004859647 +0.5710585066 +0.2285166559 +0.0034867910
+3.7000000000 +0.0563566406 +0.0003012380 +0.0000218750 +0.0004995476 +0.0049909573 +0.0000497873 +0.0000744852 +0.0000016906 -0.6140960937 +0.0003758393 +0.3799391159 +0.0004639380 +0.5022820511 +0.2113152689 +0.0032615266
+3.8000000000 +0.0542481445 +0.0002913565 +0.0006870117 +0.0004816722 +0.0046406336 +0.0000466950 +0.0000651439 +0.0000014973 -0.5941589844 +0.0003698455 +0.3557606125 +0.0004410983 +0.4575049830 +0.1940007552 -0.0083184532
+3.9000000000 +0.0527706055 +0.0002825728 +0.0001000977 +0.0004680638 +0.0043816843 +0.0000439180 +0.0000577749 +0.0000013269 -0.5742978516 +0.0003685320 +0.3325343391 +0.0004247959 +0.4193010876 +0.1828736645 -0.0030804780
+4.0000000000 +0.0511039062 +0.0002742652 +0.0000123047 +0.0004536539 +0.0041160374 +0.0000410523 +0.0000506477 +0.0000011647 -0.5564619141 +0.0003638328 +0.3122973473 +0.0004063743 +0.3851336025 +0.1694390693 +0.0034950034
+4.1000000000 +0.0504499023 +0.0002685271 +0.0007327148 +0.0004464746 +0.0039873289 +0.0000400301 +0.0000479470 +0.0000011831 -0.5409794922 +0.0003646414 +0.2953180779 +0.0003958310 +0.3601823255 +0.1619922242 -0.0052549737
+4.2000000000 +0.0485489258 +0.0002616788 +0.0002760742 +0.0004316502 +0.0037265139 +0.0000374927 +0.0000420009 +0.0000009909 -0.5251191406 +0.0003598946 +0.2783405945 +0.0003800499 +0.3339009629 +0.1503772231 -0.0081662337
+4.3000000000 +0.0475254883 +0.0002551909 -0.0005155273 +0.0004219511 +0.0035611197 +0.0000360130 +0.0000386203 +0.0000009211 -0.5102494141 +0.0003568412 +0.2629011772 +0.0003664133 +0.3101642693 +0.1410402254 -0.0151278144
+4.4000000000 +0.0465400391 +0.0002481146 -0.0000806641 +0.0004121399 +0.0033971920 +0.0000340744 +0.0000347623 +0.0000008087 -0.4962832031 +0.0003531747 +0.2487916656 +0.0003521734 +0.2865377199 +0.1319483211 -0.0040301287
+4.5000000000 +0.0454611328 +0.0002417195 -0.0006791016 +0.0004021703 +0.0032352806 +0.0000319560 +0.0000308908 +0.0000006785 -0.4832964844 +0.0003542803 +0.2360857819 +0.0003440084 +0.2659136882 +0.1269400994 +0.0162524880
+4.6000000000 +0.0451334961 +0.0002394017 -0.0004774414 +0.0003989404 +0.0031832960 +0.0000314759 +0.0000299480 +0.0000006631 -0.4709093750 +0.0003538772 +0.2242602203 +0.0003344277 +0.2551682322 +0.1212046699 +0.0148728654
+4.7000000000 +0.0444663086 +0.0002373360 -0.0002930664 +0.0003939375 +0.0031038206 +0.0000313114 +0.0000292418 +0.0000007024 -0.4596722656 +0.0003532623 +0.2137944763 +0.0003267272 +0.2454480090 +0.1156987670 -0.0117875168
+4.8000000000 +0.0431125000 +0.0002309832 -0.0005783203 +0.0003824538 +0.0029257523 +0.0000292924 +0.0000257209 +0.0000005862 -0.4486677734 +0.0003463868 +0.2037024467 +0.0003119906 +0.2276404484 +0.1066522589 -0.0015910994
+4.9000000000 +0.0427187500 +0.0002277337 -0.0004660156 +0.0003782808 +0.0028621441 +0.0000282760 +0.0000241825 +0.0000005263 -0.4381046875 +0.0003469122 +0.1943426788 +0.0003053027 +0.2167646014 +0.1026542567 +0.0159954163
+5.0000000000 +0.0424404297 +0.0002257685 +0.0002347656 +0.0003755371 +0.0028206181 +0.0000277881 +0.0000233995 +0.0000005209 -0.4286453125 +0.0003466308 +0.1861398621 +0.0002987871 +0.2087788514 +0.0984292611 +0.0196159125
