# T, am1a, am1e, m1a, m1e, m2a, m2e, m4a, m4e, e1a, e1e, e2a, e2e, susc, spec, bind
+0.5000000000 +1.0000000000 +0.0000000000 +0.0243000000 +0.0070689798 +1.0000000000 +0.0000000000 +1.0000000000 +0.0000000000 -2.0000000000 +0.0000000000 +4.0000000000 +0.0000000000 +0.0000000000 +0.0000000000 +0.6666666667
+0.6000000000 +0.9999984375 +0.0000015625 +0.0241015625 +0.0070690029 +0.9999969238 +0.0000030761 +0.9999940369 +0.0000059629 -1.9999937500 +0.0000062498 +3.9999757812 +0.0000242181 +0.0000052081 +0.0001388819 +0.6666666036
+0.7000000000 +0.9999718750 +0.0000066261 +0.0237000000 +0.0070688858 +0.9999446289 +0.0000130452 +0.9998926644 +0.0000252878 -1.9998875000 +0.0000265046 +3.9995640625 +0.0001027052 +0.0000802848 +0.0018350816 +0.6666655320
+0.8000000000 +0.9999156250 +0.0000116774 +0.0236937500 +0.0070684956 +0.9998339844 +0.0000229641 +0.9996785433 +0.0000444217 -1.9996656250 +0.0000459734 +3.9987048828 +0.0001780284 +0.0002181805 +0.0042271006 +0.6666631498
+0.9000000000 +0.9997125000 +0.0000216679 +0.0237906250 +0.0070670661 +0.9994344727 +0.0000425892 +0.9989055419 +0.0000823065 -1.9988656250 +0.0000846876 +3.9956072266 +0.0003278445 +0.0006677333 +0.0113335116 +0.6666545607
+1.0000000000 +0.9992687500 +0.0000352533 +0.0237375000 +0.0070639912 +0.9985628906 +0.0000691713 +0.9972235399 +0.0001332479 -1.9971406250 +0.0001356818 +3.9889388672 +0.0005243139 +0.0015907775 +0.0235642344 +0.6666346770
+1.1000000000 +0.9983953125 +0.0000531770 +0.0228796875 +0.0070580673 +0.9968497559 +0.0001040306 +0.9939258832 +0.0001993622 -1.9937562500 +0.0002016630 +3.9758773438 +0.0007773033 +0.0032905214 +0.0430206591 +0.6665940608
+1.2000000000 +0.9969953125 +0.0000741176 +0.0231921875 +0.0070483035 +0.9941095215 +0.0001446152 +0.9886720119 +0.0002758025 -1.9884531250 +0.0002752192 +3.9554607422 +0.0010580078 +0.0058596447 +0.0673294162 +0.6665255858
+1.3000000000 +0.9947171875 +0.0001011101 +0.0220203125 +0.0070327159 +0.9896667480 +0.0001963399 +0.9802112596 +0.0003713048 -1.9800000000 +0.0003662521 +3.9230828125 +0.0013998128 +0.0100659662 +0.1015976331 +0.6664042762
+1.4000000000 +0.9914343750 +0.0001341330 +0.0180468750 +0.0070106215 +0.9833019531 +0.0002584138 +0.9682182854 +0.0004822753 -1.9681812500 +0.0004681282 +3.8781203125 +0.0017762738 +0.0164495174 +0.1431144375 +0.6662062336
+1.5000000000 +0.9864468750 +0.0001798443 +0.0115937500 +0.0069770692 +0.9737243164 +0.0003410701 +0.9504656209 +0.0006212592 -1.9509375000 +0.0005895037 +3.8131074219 +0.0022114984 +0.0276001796 +0.1976972222 +0.6658487217
+1.6000000000 +0.9793718750 +0.0002410779 +0.0080593750 +0.0069291655 +0.9603316406 +0.0004449021 +0.9261956182 +0.0007858185 -1.9279125000 +0.0007318332 +3.7275582031 +0.0027038488 +0.0464948434 +0.2677898867 +0.6652358129
+1.7000000000 +0.9696953125 +0.0003048785 +0.0064703125 +0.0068634035 +0.9421680176 +0.0005544640 +0.8938291802 +0.0009518965 -1.8967437500 +0.0008823869 +3.6132089844 +0.0032033987 +0.0699865786 +0.3448499645 +0.6643578005
+1.8000000000 +0.9566875000 +0.0004068868 +0.0128000000 +0.0067764234 +0.9185621094 +0.0007080803 +0.8537839029 +0.0011527167 -1.8592187500 +0.0010551533 +3.4789613281 +0.0037365459 +0.1177293056 +0.4398413387 +0.6627051936
+1.9000000000 +0.9384640625 +0.0005360718 +0.0161546875 +0.0066565805 +0.8864622559 +0.0008874284 +0.8015659153 +0.0013672889 -1.8101843750 +0.0012535401 +3.3081947266 +0.0043120894 +0.1935986275 +0.5571590926 +0.6599854599
+2.0000000000 +0.9102046875 +0.0007514288 +0.0132796875 +0.0064791555 +0.8397654785 +0.0011484771 +0.7315860533 +0.0016234283 -1.7430406250 +0.0015152771 +3.0841119141 +0.0049796002 +0.3613729718 +0.7347406986 +0.6541975006
+2.1000000000 +0.8712140625 +0.0010116888 +0.0201765625 +0.0062413025 +0.7794842285 +0.0014292870 +0.6484528906 +0.0018480594 -1.6615562500 +0.0017768307 +2.8239117187 +0.0055748019 +0.6238563297 +0.9163544212 +0.6442519641
+2.2000000000 +0.8196468750 +0.0012867184 +0.0197562500 +0.0059352488 +0.7049338867 +0.0016962691 +0.5544783635 +0.0020102319 -1.5655406250 +0.0020244928 +2.5328888672 +0.0060257126 +0.9632839861 +1.0839195856 +0.6280654068
+2.3000000000 +0.7535406250 +0.0015583752 +0.0110000000 +0.0055510050 +0.6163941406 +0.0019088794 +0.4528181479 +0.0020676174 -1.4546750000 +0.0022098671 +2.2137496094 +0.0062278317 +1.3515316063 +1.1816439017 +0.6027301871
+2.4000000000 +0.6798734375 +0.0017465408 +0.0076390625 +0.0051145754 +0.5232359863 +0.0020029427 +0.3540114895 +0.0019943085 -1.3364343750 +0.0023079135 +1.8925861328 +0.0061399945 +1.6268825416 +1.1836588237 +0.5689765572
+2.5000000000 +0.6026890625 +0.0018604412 +0.0043734375 +0.0046499452 +0.4324589355 +0.0020083949 +0.2676937307 +0.0018429289 -1.2235406250 +0.0023270750 +1.6053572266 +0.0058338939 +1.7721556349 +1.1090489911 +0.5228804683
+2.6000000000 +0.5308093750 +0.0018715150 +0.0030406250 +0.0041940477 +0.3518099609 +0.0019055011 +0.1963889347 +0.0016144495 -1.1186406250 +0.0022500259 +1.3526091797 +0.0053135714 +1.7243413748 +0.9586019577 +0.4710927790
+2.7000000000 +0.4684859375 +0.0018262902 -0.0008953125 +0.0037827569 +0.2861857910 +0.0017519568 +0.1432893561 +0.0013709150 -1.0269531250 +0.0021457977 +1.1467216797 +0.0047489741 +1.5811962638 +0.8084627379 +0.4168281645
+2.8000000000 +0.4184171875 +0.0017532497 -0.0031109375 +0.0034390475 +0.2365506348 +0.0015863026 +0.1062833222 +0.0011450175 -0.9548562500 +0.0020280640 +0.9940113281 +0.0042137551 +1.4052043879 +0.6715173058 +0.3668660080
+2.9000000000 +0.3767484375 +0.0016670758 -0.0036828125 +0.0031425201 +0.1975222168 +0.0014259182 +0.0796798831 +0.0009567227 -0.8924031250 +0.0019238692 +0.8704087891 +0.0037724302 +1.2266555948 +0.5633328061 +0.3192376455
+3.0000000000 +0.3453578125 +0.0015832698 -0.0027921875 +0.0029103186 +0.1694068848 +0.0012888454 +0.0619211421 +0.0008055715 -0.8407843750 +0.0018331820 +0.7741294922 +0.0033908226 +1.0695438104 +0.4779457916 +0.2807902099
+3.1000000000 +0.3211312500 +0.0015106266 -0.0058343750 +0.0027270047 +0.1487651367 +0.0011795264 +0.0499567163 +0.0006949025 -0.7964593750 +0.0017727914 +0.6972033203 +0.0030984882 +0.9422422089 +0.4186025176 +0.2475627327
+3.2000000000 +0.2987500000 +0.0014408910 -0.0033562500 +0.0025569869 +0.1307749023 +0.0010729391 +0.0401260427 +0.0005890900 -0.7579375000 +0.0017118938 +0.6330808594 +0.0028344368 +0.8304667969 +0.3663225342 +0.2179108391
+3.3000000000 +0.2798421875 +0.0013785522 -0.0021671875 +0.0024115874 +0.1163197754 +0.0009922684 +0.0332222214 +0.0005196377 -0.7224343750 +0.0016721364 +0.5778322266 +0.0026460831 +0.7371272821 +0.3286438223 +0.1815346392
+3.4000000000 +0.2638875000 +0.0013176352 -0.0020500000 +0.0022842467 +0.1043598633 +0.0009085041 +0.0273985757 +0.0004489397 -0.6924812500 +0.0016232892 +0.5322316406 +0.0024646436 +0.6536141294 +0.2917722299 +0.1614292130
+3.5000000000 +0.2515046875 +0.0012626804 +0.0003984375 +0.0021810741 +0.0951418457 +0.0008409403 +0.0231955836 +0.0003980665 -0.6631406250 +0.0015859026 +0.4900572266 +0.0022957511 +0.5830809210 +0.2628009171 +0.1458367066
+3.6000000000 +0.2406578125 +0.0012195266 +0.0029921875 +0.0020934676 +0.0876610840 +0.0007838368 +0.0199724695 +0.0003430679 -0.6400156250 +0.0015667710 +0.4587154297 +0.0021702228 +0.5287982447 +0.2424465652 +0.1336431013
+3.7000000000 +0.2319046875 +0.0011760914 +0.0010578125 +0.0020179505 +0.0814436035 +0.0007291489 +0.0172662238 +0.0003039690 -0.6168375000 +0.0015257518 +0.4270468750 +0.0020349805 +0.4785093091 +0.2176578459 +0.1323148832
+3.8000000000 +0.2234531250 +0.0011450076 +0.0004687500 +0.0019513063 +0.0761521484 +0.0006921468 +0.0153804922 +0.0002738615 -0.5953843750 +0.0015178892 +0.4005623047 +0.0019516390 +0.4416143051 +0.2042315820 +0.1159340607
+3.9000000000 +0.2155984375 +0.0011044141 +0.0018203125 +0.0018824715 +0.0708772949 +0.0006414314 +0.0132522754 +0.0002380372 -0.5789531250 +0.0015014023 +0.3802708984 +0.0018727957 +0.4003217833 +0.1897033109 +0.1206638445
+4.0000000000 +0.2100718750 +0.0010773793 +0.0011937500 +0.0018349890 +0.0673451172 +0.0006184967 +0.0121861288 +0.0002251747 -0.5580843750 +0.0014772003 +0.3551005859 +0.0017787121 +0.3714387923 +0.1745696653 +0.1043624699
+4.1000000000 +0.2025578125 +0.0010520388 +0.0009171875 +0.0017771401 +0.0631653809 +0.0005908637 +0.0109722629 +0.0002083491 -0.5401500000 +0.0014539294 +0.3340402344 +0.0017037352 +0.3455330881 +0.1609640428 +0.0833222031
+4.2000000000 +0.1978156250 +0.0010311750 +0.0009156250 +0.0017377661 +0.0603974609 +0.0005606789 +0.0099350706 +0.0001855075 -0.5255062500 +0.0014545695 +0.3184722656 +0.0016605829 +0.3240600296 +0.1535254307 +0.0921536745
+4.3000000000 +0.1953218750 +0.0010141877 +0.0012968750 +0.0017134831 +0.0587221680 +0.0005489817 +0.0094759101 +0.0001812201 -0.5132187500 +0.0014455324 +0.3051847656 +0.0016131555 +0.3061809580 +0.1446534309 +0.0839999133
+4.4000000000 +0.1899859375 +0.0009838446 +0.0016515625 +0.0016650966 +0.0554536621 +0.0005191818 +0.0084661039 +0.0001664238 -0.4970343750 +0.0014269859 +0.2877689453 +0.0015385870 +0.2815855369 +0.1346306624 +0.0822975841
+4.5000000000 +0.1857546875 +0.0009714109 +0.0023796875 +0.0016335839 +0.0533775879 +0.0005034165 +0.0079177310 +0.0001545792 -0.4844312500 +0.0014253323 +0.2753050781 +0.0014933912 +0.2684129275 +0.1284154221 +0.0736788145
+4.6000000000 +0.1824328125 +0.0009501171 +0.0025984375 +0.0016020211 +0.0513361816 +0.0004790754 +0.0072256690 +0.0001375154 -0.4714906250 +0.0014109558 +0.2621193359 +0.0014333773 +0.2511923557 +0.1204262426 +0.0860768468
+4.7000000000 +0.1780500000 +0.0009305827 -0.0006187500 +0.0015655846 +0.0490214844 +0.0004680972 +0.0067854065 +0.0001370109 -0.4587968750 +0.0014048354 +0.2499658203 +0.0014036359 +0.2358424766 +0.1143576215 +0.0588004731
+4.8000000000 +0.1740078125 +0.0009152341 +0.0002890625 +0.0015334879 +0.0470317871 +0.0004532039 +0.0063198650 +0.0001293304 -0.4485937500 +0.0013922704 +0.2400046875 +0.0013600729 +0.2233742440 +0.1076898193 +0.0476346564
+4.9000000000 +0.1706937500 +0.0009004684 -0.0012312500 +0.0015058504 +0.0453532227 +0.0004341929 +0.0058273835 +0.0001183903 -0.4378937500 +0.0013813674 +0.2299144531 +0.0013198657 +0.2118121321 +0.1017269920 +0.0556433510
+5.0000000000 +0.1695156250 +0.0008907374 -0.0008531250 +0.0014933700 +0.0446038086 +0.0004219538 +0.0055503993 +0.0001083118 -0.4281562500 +0.0013707284 +0.2208957031 +0.0012719599 +0.2031137469 +0.0961994975 +0.0700510973
