# T, am1a, am1e, m1a, m1e, m2a, m2e, m4a, m4e, e1a, e1e, e2a, e2e, susc, spec, bind
+0.5000000000 +1.0000000000 +0.0000000000 -0.1119000000 +0.0070266578 +1.0000000000 +0.0000000000 +1.0000000000 +0.0000000000 -2.0000000000 +0.0000000000 +4.0000000000 +0.0000000000 +0.0000000000 +0.0000000000 +0.6666666667
+0.6000000000 +0.9999978516 +0.0000004578 -0.1112001953 +0.0070271980 +0.9999957073 +0.0000009147 +0.9999914314 +0.0000018258 -1.9999914062 +0.0000018312 +3.9999656921 +0.0000073104 +0.0000071536 +0.0001907622 +0.6666666611
+0.7000000000 +0.9999782227 +0.0000014698 -0.1114981445 +0.0070268224 +0.9999564890 +0.0000029365 +0.9999131523 +0.0000058609 -1.9999130859 +0.0000058564 +3.9996530373 +0.0000233782 +0.0000632013 +0.0014335120 +0.6666666092
+0.8000000000 +0.9999083008 +0.0000030082 -0.1084948242 +0.0070286758 +0.9998167910 +0.0000060100 +0.9996343379 +0.0000119939 -1.9996351563 +0.0000119245 +3.9985436020 +0.0000475972 +0.0002316684 +0.0045502061 +0.6666664258
+0.9000000000 +0.9997050781 +0.0000055398 -0.1111671875 +0.0070251431 +0.9994108570 +0.0000110637 +0.9988245092 +0.0000220646 -1.9988361328 +0.0000215991 +3.9953552162 +0.0000861683 +0.0006983464 +0.0117954436 +0.6666658497
+1.0000000000 +0.9992683594 +0.0000087823 -0.1056353516 +0.0070263076 +0.9985387966 +0.0000175314 +0.9970858754 +0.0000349310 -1.9971337891 +0.0000338332 +3.9885662651 +0.0001348648 +0.0015795892 +0.0234431396 +0.6666646117
+1.1000000000 +0.9984419922 +0.0000130879 -0.1036378906 +0.0070219265 +0.9968898376 +0.0000261032 +0.9938029759 +0.0000519179 -1.9939550781 +0.0000496804 +3.9759062164 +0.0001977076 +0.0031891858 +0.0417748418 +0.6666620958
+1.2000000000 +0.9969910156 +0.0000188568 -0.0957855469 +0.0070172050 +0.9939981968 +0.0000375459 +0.9880606091 +0.0000744287 -1.9884750000 +0.0000696592 +3.9541298737 +0.0002764268 +0.0060685275 +0.0690119340 +0.6666571549
+1.3000000000 +0.9947184570 +0.0000255659 -0.0925825195 +0.0070032362 +0.9894778811 +0.0000507775 +0.9791180441 +0.0001001599 -1.9800691406 +0.0000916872 +3.9208419327 +0.0003622649 +0.0102969434 +0.1018734718 +0.6666491101
+1.4000000000 +0.9913250977 +0.0000342555 -0.1107766602 +0.0069659079 +0.9827489180 +0.0000677853 +0.9658873326 +0.0001327305 -1.9678804688 +0.0001186338 +3.8728350189 +0.0004657687 +0.0171656908 +0.1470587471 +0.6666349495
+1.5000000000 +0.9863858398 +0.0000449036 -0.1032450195 +0.0069366340 +0.9729973516 +0.0000883790 +0.9468800631 +0.0001712193 -1.9507617187 +0.0001478465 +3.8059084549 +0.0005754597 +0.0275296271 +0.1989616319 +0.6666116641
+1.6000000000 +0.9795498047 +0.0000578740 -0.1228886719 +0.0068719836 +0.9595848080 +0.0001130458 +0.9210585907 +0.0002157434 -1.9280167969 +0.0001805217 +3.7179005310 +0.0006943822 +0.0428723871 +0.2607047895 +0.6665741434
+1.7000000000 +0.9697531250 +0.0000762770 -0.1155898438 +0.0068087314 +0.9405374870 +0.0001473067 +0.8850447495 +0.0002748936 -1.8972826172 +0.0002189017 +3.6006396889 +0.0008282666 +0.0700919463 +0.3395709401 +0.6665031352
+1.8000000000 +0.9566696289 +0.0000996776 -0.1288756836 +0.0067037547 +0.9154154913 +0.0001896626 +0.8387049595 +0.0003437535 -1.8588138672 +0.0002630744 +3.4565731560 +0.0009751332 +0.1130452897 +0.4374639018 +0.6663804892
+1.9000000000 +0.9382242187 +0.0001361130 -0.1371550781 +0.0065643876 +0.8806352196 +0.0002530643 +0.7767992210 +0.0004386209 -1.8097066406 +0.0003151444 +3.2770244446 +0.0011369517 +0.1996988227 +0.5634324446 +0.6661161398
+2.0000000000 +0.9117390625 +0.0001915284 -0.1207546875 +0.0063930434 +0.8320017807 +0.0003433766 +0.6945851126 +0.0005556655 -1.7463429688 +0.0003750985 +3.0525277420 +0.0013048041 +0.3756352575 +0.7203782405 +0.6655311289
+2.1000000000 +0.8655783203 +0.0003327032 -0.1137525391 +0.0060765945 +0.7514396572 +0.0005486286 +0.5706814259 +0.0007733967 -1.6590220703 +0.0004637664 +2.7566558144 +0.0015321153 +1.0795050015 +0.9988259881 +0.6631129937
+2.2000000000 +0.7792273438 +0.0007274129 -0.1301777344 +0.0054810200 +0.6177778435 +0.0009492183 +0.3996697717 +0.0010182093 -1.5428341797 +0.0005839420 +2.3871570702 +0.0017877283 +4.9257147241 +1.4428591916 +0.6509276972
+2.3000000000 +0.5612011719 +0.0014980671 -0.0286912109 +0.0042367893 +0.3598308590 +0.0014226580 +0.1699573610 +0.0009882749 -1.3741779297 +0.0006928005 +1.8979644341 +0.0019043501 +19.9831835513 +1.8581925236 +0.5624558182
+2.4000000000 +0.3167718750 +0.0013734764 +0.0218835937 +0.0026229209 +0.1380731689 +0.0009624120 +0.0375889368 +0.0004344782 -1.2142390625 +0.0006018863 +1.4816218430 +0.0014765161 +16.0975992125 +1.2880608099 +0.3427657277
+2.5000000000 +0.1970078125 +0.0009989240 +0.0095195312 +0.0017128695 +0.0587690628 +0.0005192494 +0.0088462022 +0.0001479170 -1.1052998047 +0.0005196427 +1.2270882286 +0.0011569233 +8.1743809000 +0.8848294486 +0.1462355348
+2.6000000000 +0.1504903320 +0.0007820314 +0.0034186523 +0.0013203620 +0.0348788019 +0.0003259770 +0.0033417514 +0.0000642290 -1.0287103516 +0.0004830962 +1.0629126259 +0.0009985765 +4.8173142186 +0.7070505616 +0.0843494395
+2.7000000000 +0.1247884766 +0.0006516854 +0.0027318359 +0.0010967812 +0.0240660412 +0.0002292898 +0.0016306509 +0.0000336486 -0.9643876953 +0.0004667477 +0.9344006950 +0.0009043781 +3.2213816133 +0.6120216466 +0.0615083002
+2.8000000000 +0.1059465820 +0.0005584066 +0.0025129883 +0.0009342035 +0.0174610373 +0.0001690071 +0.0008761556 +0.0000181173 -0.9080318359 +0.0004440596 +0.8284655937 +0.0008100875 +2.2807255809 +0.5151057820 +0.0421005873
+2.9000000000 +0.0938243164 +0.0004962549 +0.0015303711 +0.0008284334 +0.0137283815 +0.0001344716 +0.0005501208 +0.0000120252 -0.8606058594 +0.0004315087 +0.7443664398 +0.0007457258 +1.7391683758 +0.4534328775 +0.0270329203
+3.0000000000 +0.0842377930 +0.0004470724 +0.0015116211 +0.0007446877 +0.0110934801 +0.0001091481 +0.0003613315 +0.0000080467 -0.8171615234 +0.0004197178 +0.6712762154 +0.0006887809 +1.3644712434 +0.4008686906 +0.0213013831
+3.1000000000 +0.0779174805 +0.0004111519 +0.0023747070 +0.0006872558 +0.0094520510 +0.0000921873 +0.0002593112 +0.0000055928 -0.7795435547 +0.0004095261 +0.6110423866 +0.0006409758 +1.1167932976 +0.3574125457 +0.0325067717
+3.2000000000 +0.0724934570 +0.0003855668 +0.0012581055 +0.0006413639 +0.0082285368 +0.0000814610 +0.0002004266 +0.0000043944 -0.7457605469 +0.0003998149 +0.5593558319 +0.0005980217 +0.9514353550 +0.3197038634 +0.0132912811
+3.3000000000 +0.0684723633 +0.0003632658 +0.0011682617 +0.0006052413 +0.0073277048 +0.0000720637 +0.0001575589 +0.0000034223 -0.7147429687 +0.0003954750 +0.5139855209 +0.0005675556 +0.8189642559 +0.2941305589 +0.0218945450
+3.4000000000 +0.0648263672 +0.0003492635 +0.0018896484 +0.0005761331 +0.0066421581 +0.0000671379 +0.0001342682 +0.0000030819 -0.6860933594 +0.0003911663 +0.4737843185 +0.0005390809 +0.7347803088 +0.2710783791 -0.0144569747
+3.5000000000 +0.0619228516 +0.0003342893 +0.0010943359 +0.0005508279 +0.0060694260 +0.0000610532 +0.0001113877 +0.0000024883 -0.6602730469 +0.0003844594 +0.4389166763 +0.0005095216 +0.6538931694 +0.2471125076 -0.0079076268
+3.6000000000 +0.0594641602 +0.0003181544 +0.0005852539 +0.0005272612 +0.0055604307 +0.0000558419 +0.0000932847 +0.0000022355 -0.6360205078 +0.0003787101 +0.4073905128 +0.0004828395 +0.5758419554 +0.2266411054 -0.0057091625
+3.7000000000 +0.0568875977 +0.0003041771 +0.0002625977 +0.0005043116 +0.0050866732 +0.0000507058 +0.0000772957 +0.0000017427 -0.6133365234 +0.0003753287 +0.3789991234 +0.0004619187 +0.5121312926 +0.2107414739 +0.0042127017
+3.8000000000 +0.0544950195 +0.0002918636 -0.0008165039 +0.0004833595 +0.0046733946 +0.0000466140 +0.0000652979 +0.0000014537 -0.5936960937 +0.0003743726 +0.3552781479 +0.0004466855 +0.4590989288 +0.1987791179 +0.0034174901
+3.9000000000 +0.0527268555 +0.0002799495 -0.0004372070 +0.0004662276 +0.0043475554 +0.0000431107 +0.0000560718 +0.0000012943 -0.5744568359 +0.0003653265 +0.3326699257 +0.0004221107 +0.4115519182 +0.1797062326 +0.0111435085
+4.0000000000 +0.0517149414 +0.0002744246 -0.0006383789 +0.0004571764 +0.0041806124 +0.0000412903 +0.0000515753 +0.0000011867 -0.5571648437 +0.0003636775 +0.3130778900 +0.0004072855 +0.3855813654 +0.1692945218 +0.0163494539
+4.1000000000 +0.0503452148 +0.0002659504 -0.0003596680 +0.0004443593 +0.0039492331 +0.0000391856 +0.0000463066 +0.0000010869 -0.5408337891 +0.0003603433 +0.2950981331 +0.0003909980 +0.3533030768 +0.1581958591 +0.0103171752
+4.2000000000 +0.0486385742 +0.0002575256 -0.0003583008 +0.0004296493 +0.0036920996 +0.0000365014 +0.0000402787 +0.0000009313 -0.5247787109 +0.0003591471 +0.2779724281 +0.0003789728 +0.3233861898 +0.1497531895 +0.0150651156
+4.3000000000 +0.0478848633 +0.0002539625 -0.0000180664 +0.0004232552 +0.0035828989 +0.0000356235 +0.0000382179 +0.0000008813 -0.5108435547 +0.0003562281 +0.2634991066 +0.0003652031 +0.3071854191 +0.1405560029 +0.0076243809
+4.4000000000 +0.0465223633 +0.0002468878 -0.0007313477 +0.0004112704 +0.0033834017 +0.0000334288 +0.0000337971 +0.0000007931 -0.4964035156 +0.0003557208 +0.2489471954 +0.0003545839 +0.2837111610 +0.1338575926 +0.0158727019
+4.5000000000 +0.0459335938 +0.0002450422 -0.0002937500 +0.0004068613 +0.0033108086 +0.0000330801 +0.0000328473 +0.0000007580 -0.4839423828 +0.0003527512 +0.2366888985 +0.0003430061 +0.2732745451 +0.1258467473 +0.0011283860
+4.6000000000 +0.0449680664 +0.0002407350 +0.0001563477 +0.0003988213 +0.0031811937 +0.0000318275 +0.0000303798 +0.0000006810 -0.4717458984 +0.0003535143 +0.2250436394 +0.0003350093 +0.2580183345 +0.1209562099 -0.0006523981
+4.7000000000 +0.0446299805 +0.0002406017 +0.0001979492 +0.0003968362 +0.0031496187 +0.0000316623 +0.0000299701 +0.0000006706 -0.4595960937 +0.0003490501 +0.2136652893 +0.0003223858 +0.2522490149 +0.1129561428 -0.0070494521
+4.8000000000 +0.0434161133 +0.0002317393 +0.0002635742 +0.0003846395 +0.0029590208 +0.0000295534 +0.0000262239 +0.0000005953 -0.4478621094 +0.0003475138 +0.2029957855 +0.0003129258 +0.2291332081 +0.1073474004 +0.0016572758
+4.9000000000 +0.0430858398 +0.0002289646 +0.0002053711 +0.0003811065 +0.0029048853 +0.0000290715 +0.0000253414 +0.0000006106 -0.4379066406 +0.0003485062 +0.1941913574 +0.0003069605 +0.2191142028 +0.1035997782 -0.0010401242
+5.0000000000 +0.0424504883 +0.0002233438 -0.0000360352 +0.0003741451 +0.0027996927 +0.0000275061 +0.0000229700 +0.0000005150 -0.4285419922 +0.0003447142 +0.1860247963 +0.0002973432 +0.2043184683 +0.0973437840 +0.0231698804
