# T, am1a, am1e, m1a, m1e, m2a, m2e, m4a, m4e, e1a, e1e, e2a, e2e, susc, spec, bind
+0.5000000000 +1.0000000000 +0.0000000000 -0.0153000000 +0.0070702401 +1.0000000000 +0.0000000000 +1.0000000000 +0.0000000000 -2.0000000000 +0.0000000000 +4.0000000000 +0.0000000000 +0.0000000000 +0.0000000000 +0.6666666667
+0.6000000000 +0.9999750000 +0.0000249994 -0.0152750000 +0.0070701102 +0.9999625000 +0.0000374991 +0.9999531250 +0.0000468738 -1.9999000000 +0.0000999975 +3.9998000000 +0.0001999950 +0.0000833292 +0.0022221111 +0.6666572914
+0.7000000000 +0.9999500000 +0.0000499987 -0.0152500000 +0.0070700687 +0.9999500000 +0.0000499987 +0.9999500000 +0.0000499987 -1.9999000000 +0.0000999975 +3.9998000000 +0.0001999950 +0.0002857000 +0.0016325714 +0.6666499992
+0.8000000000 +0.9997750000 +0.0000968115 -0.0153750000 +0.0070693037 +0.9997375000 +0.0001082373 +0.9997093750 +0.0001186911 -1.9994000000 +0.0002449122 +3.9988000000 +0.0004898245 +0.0009372469 +0.0074977500 +0.6665885236
+0.9000000000 +0.9995500000 +0.0001224331 -0.0150500000 +0.0070681451 +0.9994000000 +0.0001560673 +0.9992875000 +0.0001839614 -1.9985000000 +0.0003871531 +3.9970000000 +0.0007743061 +0.0013324333 +0.0148037037 +0.6665040916
+1.0000000000 +0.9987750000 +0.0002134244 -0.0146750000 +0.0070648678 +0.9984625000 +0.0002550256 +0.9982281250 +0.0002911609 -1.9963000000 +0.0006077133 +3.9926000000 +0.0012154267 +0.0036439975 +0.0295452400 +0.6662317433
+1.1000000000 +0.9976000000 +0.0002888979 -0.0150000000 +0.0070592138 +0.9968750000 +0.0003585725 +0.9963312500 +0.0004174547 -1.9923000000 +0.0008758056 +3.9846000000 +0.0017516113 +0.0060699636 +0.0507130909 +0.6658041227
+1.2000000000 +0.9947750000 +0.0004393290 -0.0152250000 +0.0070470054 +0.9934375000 +0.0005251813 +0.9924343750 +0.0005997879 -1.9842000000 +0.0012520056 +3.9684000000 +0.0025040112 +0.0128673313 +0.0870843333 +0.6648035236
+1.3000000000 +0.9918750000 +0.0005441270 -0.0156250000 +0.0070338231 +0.9897375000 +0.0006539899 +0.9881343750 +0.0007491280 -1.9752000000 +0.0015650073 +3.9504000000 +0.0031300147 +0.0182199519 +0.1159407337 +0.6637558772
+1.4000000000 +0.9868000000 +0.0006892300 -0.0147500000 +0.0070109109 +0.9832750000 +0.0008307083 +0.9806312500 +0.0009530852 -1.9594000000 +0.0019993954 +3.9192000000 +0.0039791416 +0.0271450286 +0.1631666122 +0.6619083230
+1.5000000000 +0.9806750000 +0.0008393165 -0.0144250000 +0.0069842839 +0.9758125000 +0.0009988891 +0.9721656250 +0.0011384194 -1.9419000000 +0.0023751252 +3.8838000000 +0.0047502503 +0.0375707850 +0.2005766933 +0.6596809565
+1.6000000000 +0.9742250000 +0.0009662595 -0.0137750000 +0.0069555652 +0.9677875000 +0.0011477528 +0.9629593750 +0.0013069015 -1.9227000000 +0.0027260293 +3.8454000000 +0.0054520585 +0.0466828734 +0.2322261094 +0.6572900654
+1.7000000000 +0.9661500000 +0.0010932561 -0.0138500000 +0.0069179411 +0.9573500000 +0.0013082618 +0.9507500000 +0.0014960270 -1.8967000000 +0.0031426829 +3.7950000000 +0.0062368862 +0.0562451235 +0.2733966920 +0.6542170333
+1.8000000000 +0.9544500000 +0.0012604602 -0.0133500000 +0.0068650265 +0.9427500000 +0.0015032870 +0.9339750000 +0.0017164427 -1.8617000000 +0.0035991187 +3.7250000000 +0.0071567276 +0.0706115500 +0.3198433457 +0.6497155046
+1.9000000000 +0.9455000000 +0.0013879796 -0.0104500000 +0.0068278503 +0.9325000000 +0.0016308548 +0.9227500000 +0.0018470999 -1.8387000000 +0.0038586417 +3.6786000000 +0.0076886346 +0.0811152632 +0.3299526981 +0.6462755189
+2.0000000000 +0.9332750000 +0.0015179801 -0.0052750000 +0.0067714831 +0.9170875000 +0.0017874198 +0.9049468750 +0.0020276105 -1.8010000000 +0.0042520524 +3.6052000000 +0.0084360327 +0.0921705488 +0.3615990000 +0.6413421986
+2.1000000000 +0.9160000000 +0.0016817996 -0.0071000000 +0.0066916911 +0.8956250000 +0.0019773671 +0.8803437500 +0.0022423564 -1.7495000000 +0.0047023917 +3.5030000000 +0.0093300348 +0.1077504762 +0.4011335601 +0.6341705913
+2.2000000000 +0.9039500000 +0.0017631562 -0.0047000000 +0.0066305275 +0.8793000000 +0.0020933706 +0.8608125000 +0.0023878546 -1.7080000000 +0.0050196414 +3.4212000000 +0.0099503532 +0.1130443591 +0.4164760331 +0.6288810218
+2.3000000000 +0.8900500000 +0.0018849535 -0.0084500000 +0.0065695456 +0.8632500000 +0.0022130232 +0.8431500000 +0.0025096497 -1.6710000000 +0.0052790103 +3.3496000000 +0.0104369053 +0.1235843435 +0.4214434783 +0.6228532101
+2.4000000000 +0.8821250000 +0.0019289632 -0.0131250000 +0.0065283621 +0.8525625000 +0.0022751682 +0.8303906250 +0.0025875985 -1.6441000000 +0.0054439654 +3.2958000000 +0.0107724240 +0.1240299740 +0.4116216597 +0.6191896617
+2.5000000000 +0.8647000000 +0.0020480956 -0.0091500000 +0.0064479310 +0.8316000000 +0.0024001712 +0.8067750000 +0.0027215004 -1.5949000000 +0.0057205506 +3.1982000000 +0.0113232433 +0.1342302560 +0.4188761536 +0.6111319915
+2.6000000000 +0.8554500000 +0.0020920122 -0.0070000000 +0.0064002969 +0.8193250000 +0.0024590424 +0.7922312500 +0.0027940481 -1.5644000000 +0.0058713399 +3.1368000000 +0.0116354754 +0.1346619962 +0.4079601420 +0.6066145422
+2.7000000000 +0.8395250000 +0.0021832919 -0.0068750000 +0.0063249120 +0.8001375000 +0.0025532025 +0.7705968750 +0.0028943556 -1.5175000000 +0.0061163459 +3.0510000000 +0.0120320385 +0.1412374435 +0.4105315501 +0.5987853903
+2.8000000000 +0.8276250000 +0.0022405285 -0.0071250000 +0.0062662259 +0.7853625000 +0.0026160215 +0.7536656250 +0.0029643589 -1.4818000000 +0.0062668523 +2.9812000000 +0.0123232434 +0.1434276562 +0.4007493673 +0.5926974475
+2.9000000000 +0.8135750000 +0.0022984584 -0.0034750000 +0.0061949593 +0.7675625000 +0.0026823584 +0.7330531250 +0.0030405761 -1.4366000000 +0.0064628958 +2.8992000000 +0.0126321799 +0.1457354750 +0.3973272010 +0.5852497110
+3.0000000000 +0.8010500000 +0.0023507328 -0.0039500000 +0.0061326356 +0.7522000000 +0.0027363996 +0.7155625000 +0.0030990611 -1.3989000000 +0.0066033279 +2.8290000000 +0.0128700408 +0.1473585300 +0.3875905733 +0.5784397438
+3.1000000000 +0.7872250000 +0.0024061307 -0.0010250000 +0.0060642866 +0.7355125000 +0.0027906047 +0.6967281250 +0.0031557719 -1.3596000000 +0.0067182135 +2.7512000000 +0.0131066749 +0.1494055476 +0.3757285494 +0.5706989294
+3.2000000000 +0.7797500000 +0.0024239940 -0.0030500000 +0.0060229382 +0.7255250000 +0.0028148688 +0.6848562500 +0.0031868416 -1.3322000000 +0.0068236470 +2.7060000000 +0.0132317119 +0.1468936719 +0.3637668594 +0.5663159949
+3.3000000000 +0.7615750000 +0.0024813406 -0.0016750000 +0.0059293115 +0.7031375000 +0.0028714720 +0.6593093750 +0.0032474931 -1.2788000000 +0.0069450362 +2.6000000000 +0.0134907376 +0.1492618417 +0.3543326208 +0.5554839204
+3.4000000000 +0.7519750000 +0.0025134249 -0.0028750000 +0.0058813444 +0.6918125000 +0.0028990178 +0.6466906250 +0.0032739981 -1.2528000000 +0.0069931830 +2.5476000000 +0.0136017172 +0.1486424699 +0.3384401938 +0.5495998767
+3.5000000000 +0.7441250000 +0.0025185858 -0.0058750000 +0.0058333223 +0.6805875000 +0.0029132030 +0.6329343750 +0.0032972477 -1.2235000000 +0.0070443160 +2.4894000000 +0.0137121983 +0.1449891250 +0.3240645714 +0.5445198116
+3.6000000000 +0.7340250000 +0.0025523989 -0.0037750000 +0.0057839141 +0.6690875000 +0.0029385906 +0.6203843750 +0.0033187940 -1.1931000000 +0.0071537137 +2.4470000000 +0.0137843952 +0.1447719993 +0.3158988858 +0.5380725578
+3.7000000000 +0.7199500000 +0.0025835731 -0.0030500000 +0.0057088339 +0.6518250000 +0.0029652607 +0.6007312500 +0.0033457915 -1.1537000000 +0.0071804467 +2.3622000000 +0.0139082910 +0.1443210784 +0.3012932973 +0.5287005389
+3.8000000000 +0.7070750000 +0.0026180379 -0.0048750000 +0.0056436413 +0.6370375000 +0.0029890851 +0.5845093750 +0.0033648412 -1.1178000000 +0.0072488729 +2.3004000000 +0.0139817020 +0.1442973099 +0.2911144488 +0.5198905771
+3.9000000000 +0.7010500000 +0.0026239655 +0.0031000000 +0.0056087672 +0.6291750000 +0.0029950590 +0.5752687500 +0.0033726022 -1.0948000000 +0.0073150973 +2.2688000000 +0.0140138263 +0.1412347667 +0.2814498251 +0.5155972361
+4.0000000000 +0.6929500000 +0.0026310197 +0.0018000000 +0.0055615724 +0.6186250000 +0.0030015359 +0.5628812500 +0.0033810208 -1.0698000000 +0.0073154903 +2.2148000000 +0.0140603360 +0.1384452975 +0.2675819900 +0.5097240455
+4.1000000000 +0.6831750000 +0.0026500889 +0.0021750000 +0.0055099127 +0.6071875000 +0.0030126418 +0.5501968750 +0.0033887365 -1.0405000000 +0.0073687168 +2.1686000000 +0.0140917956 +0.1370335799 +0.2584080309 +0.5025479556
+4.2000000000 +0.6744500000 +0.0026647439 +0.0022500000 +0.0054630346 +0.5969000000 +0.0030203302 +0.5387375000 +0.0033935499 -1.0133000000 +0.0074209942 +2.1282000000 +0.0141130520 +0.1352544738 +0.2497558073 +0.4959741693
+4.3000000000 +0.6724250000 +0.0026688679 -0.0037750000 +0.0054525143 +0.5946125000 +0.0030223261 +0.5362531250 +0.0033944691 -1.0083000000 +0.0074200105 +2.1178000000 +0.0141175833 +0.1325182506 +0.2382111650 +0.4944309122
+4.4000000000 +0.6646750000 +0.0026593669 -0.0023750000 +0.0054001475 +0.5832375000 +0.0030165659 +0.5221593750 +0.0033942749 -0.9778000000 +0.0074253187 +2.0588000000 +0.0141360224 +0.1285860403 +0.2278320579 +0.4883288321
+4.5000000000 +0.6544750000 +0.0026835142 -0.0030750000 +0.0053495469 +0.5723625000 +0.0030263781 +0.5107781250 +0.0033958704 -0.9551000000 +0.0074147960 +2.0118000000 +0.0141418895 +0.1280221994 +0.2172017758 +0.4802808842
+4.6000000000 +0.6499750000 +0.0026850978 -0.0039750000 +0.0053228127 +0.5666625000 +0.0030254895 +0.5041781250 +0.0033945263 -0.9373000000 +0.0074621334 +1.9922000000 +0.0141420281 +0.1253869560 +0.2105233856 +0.4766240075
+4.7000000000 +0.6393250000 +0.0026881782 +0.0049250000 +0.0052594593 +0.5532625000 +0.0030217233 +0.4887156250 +0.0033889657 -0.9060000000 +0.0074322406 +1.9256000000 +0.0141323470 +0.1230008888 +0.2000478044 +0.4678029046
+4.8000000000 +0.6312750000 +0.0027125115 -0.0048250000 +0.0052232137 +0.5456625000 +0.0030307224 +0.4814531250 +0.0033881454 -0.8891000000 +0.0074555388 +1.9022000000 +0.0141252171 +0.1226286453 +0.1930036788 +0.4610052459
+4.9000000000 +0.6266250000 +0.0026935442 -0.0079250000 +0.0051850733 +0.5377625000 +0.0030160166 +0.4711156250 +0.0033788944 -0.8641000000 +0.0074710481 +1.8630000000 +0.0141089174 +0.1184519260 +0.1859777076 +0.4569682467
+5.0000000000 +0.6236500000 +0.0026947697 -0.0041000000 +0.0051679696 +0.5341750000 +0.0030143475 +0.4670687500 +0.0033759801 -0.8552000000 +0.0074693807 +1.8472000000 +0.0141008017 +0.1161885420 +0.1785332736 +0.4543772891
