# T, am1a, am1e, m1a, m1e, m2a, m2e, m4a, m4e, e1a, e1e, e2a, e2e, susc, spec, bind
+0.5000000000 +0.9999996094 +0.0000003906 -0.0600996094 +0.0070582833 +0.9999992218 +0.0000007782 +0.9999984557 +0.0000015442 -1.9999984375 +0.0000015625 +3.9999937988 +0.0000062010 +0.0000015624 +0.0000499975 +0.6666666626
+0.6000000000 +0.9999964844 +0.0000011716 -0.0604980469 +0.0070580910 +0.9999929962 +0.0000023341 +0.9999861014 +0.0000046318 -1.9999859375 +0.0000046864 +3.9999441895 +0.0000185993 +0.0000117135 +0.0003123594 +0.6666666303
+0.7000000000 +0.9999796875 +0.0000028669 -0.0610929687 +0.0070577163 +0.9999595398 +0.0000057097 +0.9999197333 +0.0000113242 -1.9999187500 +0.0000114676 +3.9996776367 +0.0000454856 +0.0000601170 +0.0013741020 +0.6666664493
+0.8000000000 +0.9999210938 +0.0000055513 -0.0610890625 +0.0070573045 +0.9998428101 +0.0000110583 +0.9996880906 +0.0000219412 -1.9996851562 +0.0000221092 +3.9987505005 +0.0000877422 +0.0001972264 +0.0039105447 +0.6666658512
+0.9000000000 +0.9997031250 +0.0000109871 -0.0605843750 +0.0070559843 +0.9994087524 +0.0000218749 +0.9988274247 +0.0000433571 -1.9988273437 +0.0000429925 +3.9953477173 +0.0001705173 +0.0006867361 +0.0116834489 +0.6666634728
+1.0000000000 +0.9992753906 +0.0000174560 -0.0631574219 +0.0070518386 +0.9985574005 +0.0000347298 +0.9971410053 +0.0000687413 -1.9971609375 +0.0000673041 +3.9887424072 +0.0002666929 +0.0015601162 +0.0231928194 +0.6666586024
+1.1000000000 +0.9984429688 +0.0000261211 -0.0606312500 +0.0070470769 +0.9969020081 +0.0000519088 +0.9938675041 +0.0001025081 -1.9939460937 +0.0000994450 +3.9760188110 +0.0003932819 +0.0031758453 +0.0418456869 +0.6666485914
+1.2000000000 +0.9969683594 +0.0000376732 -0.0588402344 +0.0070374432 +0.9939742950 +0.0000746666 +0.9880964012 +0.0001466961 -1.9883765625 +0.0001387995 +3.9540266602 +0.0005471430 +0.0060555625 +0.0684988190 +0.6666290473
+1.3000000000 +0.9948332031 +0.0000505181 -0.0638191406 +0.0070202253 +0.9897441437 +0.0000998913 +0.9797930355 +0.0001953521 -1.9804421875 +0.0001821585 +3.9228148926 +0.0007152418 +0.0100512762 +0.1005268902 +0.6665987590
+1.4000000000 +0.9915382812 +0.0000666309 -0.0582132812 +0.0069994577 +0.9832369568 +0.0001311999 +0.9670991814 +0.0002545068 -1.9685179688 +0.0002329496 +3.8761483032 +0.0009089066 +0.0162365445 +0.1417547665 +0.6665479643
+1.5000000000 +0.9865515625 +0.0000884898 -0.0583687500 +0.0069643151 +0.9734405945 +0.0001730935 +0.9481858181 +0.0003315273 -1.9512437500 +0.0002943893 +3.8090854736 +0.0011379704 +0.0267279379 +0.1972112178 +0.6664558760
+1.6000000000 +0.9796617187 +0.0001148441 -0.0695062500 +0.0069107516 +0.9600008667 +0.0002223693 +0.9225906264 +0.0004178600 -1.9283679687 +0.0003561089 +3.7211392944 +0.0013606865 +0.0422053624 +0.2536271533 +0.6663089697
+1.7000000000 +0.9699355469 +0.0001546986 -0.0697511719 +0.0068424717 +0.9412535980 +0.0002947721 +0.8876961481 +0.0005379264 -1.8977421875 +0.0004444155 +3.6053755127 +0.0016669870 +0.0720764884 +0.3499052714 +0.6660128315
+1.8000000000 +0.9569457031 +0.0002000197 -0.0684363281 +0.0067522652 +0.9165452362 +0.0003739169 +0.8428514477 +0.0006597815 -1.8597656250 +0.0005271438 +3.4642857910 +0.0019371647 +0.1138001745 +0.4391198881 +0.6655571056
+1.9000000000 +0.9380714844 +0.0002734012 -0.0698136719 +0.0066204196 +0.8814730743 +0.0004906729 +0.7818099791 +0.0008159484 -1.8091476562 +0.0006246593 +3.2808192261 +0.0022300126 +0.2014268016 +0.5534127129 +0.6646009306
+2.0000000000 +0.9103835937 +0.0004049689 -0.0638593750 +0.0064342842 +0.8320782837 +0.0006815489 +0.7016444481 +0.0010342323 -1.7446687500 +0.0007619658 +3.0554808838 +0.0026155625 +0.4198394780 +0.7431575400 +0.6621939189
+2.1000000000 +0.8687789062 +0.0006210459 -0.0660242188 +0.0061568318 +0.7624907471 +0.0009396676 +0.5990516439 +0.0012492562 -1.6632304687 +0.0009102972 +2.7829084106 +0.0029658112 +0.9403683505 +0.9620502330 +0.6565418282
+2.2000000000 +0.7921312500 +0.0010289325 -0.0458945313 +0.0056856822 +0.6486459595 +0.0013361231 +0.4564460779 +0.0014757264 -1.5479820312 +0.0011131298 +2.4210295288 +0.0033774962 +2.4638885523 +1.3107390273 +0.6383797095
+2.3000000000 +0.6637652344 +0.0014996066 -0.0361464844 +0.0049206408 +0.4855606842 +0.0016578419 +0.2907379761 +0.0014814990 -1.4021546875 +0.0012683069 +1.9982098145 +0.0035310876 +5.0060686291 +1.5569081237 +0.5889511111
+2.4000000000 +0.5126722656 +0.0016977710 -0.0261652344 +0.0039987296 +0.3204813812 +0.0016169550 +0.1549991827 +0.0011783442 -1.2526132812 +0.0012604208 +1.6008132446 +0.0032094043 +6.1491764570 +1.4121427673 +0.4969599700
+2.5000000000 +0.3873726563 +0.0016052492 -0.0105851562 +0.0031739725 +0.2015940735 +0.0013344719 +0.0762564759 +0.0008060227 -1.1312109375 +0.0011430272 +1.3057684082 +0.0026667943 +5.2773374644 +1.0702939375 +0.3745394027
+2.6000000000 +0.3014667969 +0.0013938688 -0.0028402344 +0.0025468762 +0.1297396332 +0.0010024646 +0.0369310786 +0.0004908581 -1.0369101563 +0.0010234716 +1.0961325562 +0.0021839532 +3.8259597352 +0.7933683888 +0.2686497643
+2.7000000000 +0.2492343750 +0.0012168695 +0.0007226562 +0.0021416428 +0.0917332031 +0.0007749926 +0.0204272516 +0.0003162443 -0.9675882812 +0.0009443197 +0.9540618774 +0.0018690752 +2.8079814583 +0.6262973429 +0.1908378365
+2.8000000000 +0.2146078125 +0.0010759809 -0.0017437500 +0.0018602173 +0.0692112122 +0.0006110104 +0.0122568660 +0.0002063812 -0.9105507812 +0.0008985101 +0.8452491333 +0.0016674966 +2.1170010489 +0.5272296511 +0.1470859410
+2.9000000000 +0.1892429687 +0.0009653763 -0.0004726562 +0.0016500258 +0.0544519287 +0.0004991066 +0.0079471598 +0.0001476457 -0.8604039062 +0.0008683123 +0.7553742065 +0.0015200277 +1.6453762198 +0.4590139252 +0.1065625450
+3.0000000000 +0.1707667969 +0.0008799645 +0.0003636719 +0.0014941204 +0.0446480499 +0.0004150393 +0.0054386004 +0.0001035640 -0.8161593750 +0.0008329081 +0.6799908447 +0.0013793418 +1.3215360863 +0.3946586831 +0.0905875329
+3.1000000000 +0.1580902344 +0.0008179881 +0.0022675781 +0.0013850897 +0.0383746124 +0.0003592513 +0.0040538408 +0.0000787747 -0.7789835938 +0.0008173228 +0.6201757690 +0.0012908069 +1.1051016441 +0.3559047249 +0.0823914887
+3.2000000000 +0.1480285156 +0.0007673092 -0.0000433594 +0.0012978388 +0.0336877106 +0.0003164616 +0.0031378205 +0.0000613101 -0.7455906250 +0.0008047396 +0.5688574951 +0.0012188962 +0.9420215307 +0.3238028757 +0.0783546141
+3.3000000000 +0.1389492187 +0.0007266664 +0.0002000000 +0.0012220419 +0.0298677673 +0.0002846793 +0.0025129297 +0.0000518427 -0.7144742187 +0.0007885376 +0.5229092407 +0.0011484383 +0.8192684174 +0.2923391051 +0.0610260186
+3.4000000000 +0.1314953125 +0.0006953587 -0.0007179687 +0.0011610551 +0.0269614929 +0.0002626645 +0.0021067751 +0.0000441583 -0.6870015625 +0.0007878067 +0.4843839355 +0.0010996604 +0.7281299358 +0.2748852854 +0.0339289710
+3.5000000000 +0.1245660156 +0.0006596424 +0.0002730469 +0.0011004358 +0.0242192535 +0.0002372574 +0.0017123934 +0.0000376620 -0.6587843750 +0.0007696640 +0.4458445068 +0.0010296064 +0.6365301973 +0.2475917916 +0.0268925673
+3.6000000000 +0.1196472656 +0.0006346942 +0.0000863281 +0.0010576435 +0.0223722015 +0.0002190630 +0.0014602871 +0.0000314961 -0.6358968750 +0.0007654578 +0.4160833496 +0.0009896063 +0.5729232616 +0.2314768193 +0.0274777682
+3.7000000000 +0.1144343750 +0.0006078753 +0.0009687500 +0.0010120409 +0.0204854736 +0.0002018919 +0.0012348614 +0.0000274289 -0.6138195312 +0.0007544727 +0.3881589966 +0.0009453730 +0.5113252291 +0.2128891444 +0.0191446895
+3.8000000000 +0.1115226563 +0.0005848725 +0.0015390625 +0.0009817447 +0.0192788208 +0.0001861376 +0.0010646168 +0.0000228609 -0.5926734375 +0.0007446132 +0.3623507812 +0.0008975173 +0.4609022615 +0.1965912950 +0.0452028291
+3.9000000000 +0.1080980469 +0.0005727504 +0.0008167969 +0.0009551278 +0.0182460480 +0.0001789493 +0.0009733756 +0.0000210952 -0.5758515625 +0.0007369058 +0.3424656250 +0.0008644395 +0.4306615949 +0.1827951584 +0.0254107968
+4.0000000000 +0.1036117187 +0.0005519795 +0.0011140625 +0.0009172725 +0.0168290161 +0.0001661681 +0.0008354525 +0.0000179702 -0.5574968750 +0.0007355258 +0.3216227295 +0.0008365485 +0.3899921825 +0.1731194217 +0.0167068023
+4.1000000000 +0.1010398437 +0.0005328071 +0.0014609375 +0.0008911954 +0.0158867188 +0.0001551513 +0.0007338263 +0.0000156948 -0.5420843750 +0.0007192092 +0.3042007080 +0.0007920183 +0.3545080960 +0.1575479493 +0.0308218202
+4.2000000000 +0.0983757813 +0.0005205530 +0.0004554687 +0.0008688238 +0.0150973022 +0.0001467571 +0.0006586815 +0.0000138010 -0.5254750000 +0.0007158006 +0.2863713867 +0.0007648217 +0.3303319107 +0.1487152630 +0.0367133495
+4.3000000000 +0.0964304687 +0.0005086630 -0.0006148438 +0.0008506826 +0.0144735962 +0.0001408312 +0.0006061537 +0.0000131337 -0.5107648437 +0.0007122618 +0.2710270630 +0.0007423592 +0.3080787878 +0.1404793060 +0.0354859029
+4.4000000000 +0.0930582031 +0.0004950447 -0.0002722656 +0.0008234422 +0.0135612152 +0.0001333133 +0.0005393555 +0.0000118594 -0.4965000000 +0.0007113068 +0.2566313965 +0.0007216906 +0.2851715515 +0.1338068957 +0.0224103089
+4.5000000000 +0.0912343750 +0.0004858537 -0.0003851562 +0.0008076088 +0.0130447876 +0.0001277566 +0.0004966017 +0.0000106178 -0.4822242187 +0.0007030504 +0.2424257935 +0.0006901513 +0.2685767917 +0.1249734644 +0.0272239134
+4.6000000000 +0.0899636719 +0.0004823413 +0.0008839844 +0.0007983027 +0.0127465240 +0.0001265416 +0.0004827295 +0.0000106889 -0.4707578125 +0.0006968083 +0.2313237549 +0.0006704486 +0.2589530040 +0.1174846046 +0.0096265146
+4.7000000000 +0.0885925781 +0.0004720724 +0.0006605469 +0.0007843869 +0.0123056915 +0.0001233814 +0.0004558893 +0.0000109982 -0.4602296875 +0.0007002419 +0.2216181396 +0.0006581802 +0.2427667951 +0.1136502600 -0.0035202316
+4.8000000000 +0.0867628906 +0.0004657111 +0.0008949219 +0.0007702187 +0.0118655365 +0.0001195917 +0.0004268345 +0.0000100899 -0.4494296875 +0.0006916218 +0.2115538574 +0.0006358461 +0.2313459898 +0.1062979268 -0.0105631799
+4.9000000000 +0.0857480469 +0.0004593646 +0.0004707031 +0.0007606846 +0.0115730438 +0.0001157486 +0.0004018902 +0.0000092241 -0.4387156250 +0.0006883947 +0.2019491455 +0.0006173087 +0.2204899934 +0.1010538504 -0.0002095093
+5.0000000000 +0.0846285156 +0.0004478722 +0.0002292969 +0.0007474531 +0.0111737762 +0.0001101343 +0.0003674448 +0.0000084776 -0.4283835938 +0.0006972133 +0.1932346313 +0.0006122583 +0.2054036781 +0.0995545902 +0.0189957802
