# T, am1a, am1e, m1a, m1e, m2a, m2e, m4a, m4e, e1a, e1e, e2a, e2e, susc, spec, bind
+0.5000000000 +1.0000000000 +0.0000000000 +0.0046000000 +0.0070709930 +1.0000000000 +0.0000000000 +1.0000000000 +0.0000000000 -2.0000000000 +0.0000000000 +4.0000000000 +0.0000000000 +0.0000000000 +0.0000000000 +0.6666666667
+0.6000000000 +0.9999968750 +0.0000011046 +0.0044000000 +0.0070709774 +0.9999937744 +0.0000022006 +0.9999876457 +0.0000043670 -1.9999875000 +0.0000044185 +3.9999503906 +0.0000175361 +0.0000104125 +0.0002776667 +0.6666666344
+0.7000000000 +0.9999753906 +0.0000030956 +0.0041003906 +0.0070708350 +0.9999509735 +0.0000061670 +0.9999027101 +0.0000122381 -1.9999015625 +0.0000123824 +3.9996093262 +0.0000491427 +0.0000700910 +0.0016020804 +0.6666664131
+0.8000000000 +0.9999046875 +0.0000062381 +0.0043070313 +0.0070703310 +0.9998101624 +0.0000124209 +0.9996234463 +0.0000246236 -1.9996226562 +0.0000244487 +3.9985027222 +0.0000969956 +0.0002490461 +0.0047819119 +0.6666656377
+0.9000000000 +0.9996937500 +0.0000110711 +0.0052953125 +0.0070688118 +0.9993900452 +0.0000220451 +0.9987901821 +0.0000437060 -1.9987859375 +0.0000436190 +3.9951832764 +0.0001730111 +0.0006972806 +0.0120264437 +0.6666634228
+1.0000000000 +0.9992527344 +0.0000176432 +0.0046839844 +0.0070657282 +0.9985122528 +0.0000351047 +0.9970513658 +0.0000694924 -1.9970593750 +0.0000686417 +3.9883403809 +0.0002719368 +0.0015937668 +0.0241237975 +0.6666584266
+1.1000000000 +0.9984261719 +0.0000262835 +0.0032714844 +0.0070599502 +0.9968686371 +0.0000522265 +0.9938016316 +0.0001031168 -1.9938718750 +0.0001002852 +3.9757261963 +0.0003965293 +0.0032154531 +0.0425557417 +0.6666483682
+1.2000000000 +0.9970726562 +0.0000367852 +0.0075656250 +0.0070502614 +0.9941809448 +0.0000729614 +0.9885022183 +0.0001435453 -1.9887609375 +0.0001369800 +3.9555453369 +0.0005401153 +0.0057734363 +0.0667147357 +0.6666307609
+1.3000000000 +0.9947476562 +0.0000510035 +0.0067796875 +0.0070339497 +0.9895749268 +0.0001008132 +0.9794618018 +0.0001970186 -1.9802039063 +0.0001822838 +3.9218720581 +0.0007155904 +0.0102453451 +0.1006652255 +0.6665974762
+1.4000000000 +0.9912878906 +0.0000684517 +0.0128832031 +0.0070092062 +0.9827453949 +0.0001347010 +0.9661513985 +0.0002609854 -1.9678007813 +0.0002364713 +3.8733582886 +0.0009220791 +0.0171360544 +0.1460733239 +0.6665414193
+1.5000000000 +0.9862625000 +0.0000911108 +0.0028445312 +0.0069744951 +0.9728797424 +0.0001778808 +0.9471278251 +0.0003395280 -1.9503789063 +0.0002976996 +3.8057503784 +0.0011497094 +0.0283346817 +0.2016711649 +0.6664437981
+1.6000000000 +0.9795953125 +0.0001144511 +0.0022398438 +0.0069277123 +0.9598689575 +0.0002217752 +0.9223321006 +0.0004172000 -1.9280101563 +0.0003584818 +3.7197933472 +0.0013687854 +0.0419169996 +0.2570184565 +0.6663107807
+1.7000000000 +0.9700804687 +0.0001504449 +0.0062937500 +0.0068610100 +0.9415087891 +0.0002872744 +0.8880893318 +0.0005261829 -1.8979093750 +0.0004386335 +3.6059079834 +0.0016465690 +0.0681672602 +0.3408598088 +0.6660460064
+1.8000000000 +0.9566851562 +0.0002052662 +0.0129734375 +0.0067672774 +0.9160891724 +0.0003783396 +0.8420821885 +0.0006626172 -1.8588546875 +0.0005306544 +3.4609726318 +0.0019485475 +0.1198484159 +0.4449882544 +0.6655295716
+1.9000000000 +0.9379863281 +0.0002760963 +0.0132636719 +0.0066376465 +0.8813429352 +0.0004956783 +0.7816793080 +0.0008237587 -1.8089515625 +0.0006315306 +3.2802823730 +0.0022542119 +0.2054175571 +0.5656548752 +0.6645579481
+2.0000000000 +0.9110769531 +0.0003872231 +0.0212167969 +0.0064521698 +0.8330600494 +0.0006569094 +0.7026196450 +0.0010059143 -1.7447679687 +0.0007454011 +3.0553277222 +0.0025631037 +0.3838508701 +0.7111972731 +0.6625212607
+2.1000000000 +0.8668753906 +0.0006416204 +0.0094449219 +0.0061628616 +0.7597064789 +0.0009561929 +0.5954400326 +0.0012604356 -1.6606140625 +0.0009139763 +2.7743461182 +0.0029768555 +1.0037072470 +0.9698425668 +0.6561055913
+2.2000000000 +0.7898667969 +0.0010418921 -0.0056566406 +0.0056814098 +0.6456003387 +0.0013423148 +0.4528359796 +0.0014665575 -1.5463953125 +0.0011063325 +2.4158178955 +0.0033495742 +2.5263455348 +1.2947799265 +0.6378469292
+2.3000000000 +0.6656417969 +0.0015047740 -0.0065410156 +0.0049412706 +0.4883658966 +0.0016582576 +0.2934976171 +0.0014762312 -1.4044148437 +0.0012601514 +2.0041406860 +0.0035119790 +5.0406282974 +1.5369500886 +0.5898028230
+2.4000000000 +0.5109015625 +0.0017064401 +0.0020000000 +0.0039953420 +0.3192591614 +0.0016288718 +0.1549908771 +0.0011890777 -1.2525664062 +0.0012725528 +1.6013104126 +0.0032410644 +6.2121338466 +1.4394582458 +0.4931281833
+2.5000000000 +0.3817824219 +0.0015925627 +0.0045980469 +0.0031341809 +0.1964829376 +0.0013128362 +0.0730763251 +0.0007828573 -1.1274101563 +0.0011431535 +1.2971896606 +0.0026541651 +5.1942522849 +1.0705305694 +0.3690342884
+2.6000000000 +0.2990613281 +0.0013747746 +0.0031730469 +0.0025221788 +0.1272377838 +0.0009818900 +0.0354716131 +0.0004747622 -1.0357375000 +0.0010148177 +1.0933492676 +0.0021618957 +3.7218565744 +0.7800084704 +0.2696559564
+2.7000000000 +0.2493562500 +0.0012035664 +0.0011468750 +0.0021348146 +0.0911499817 +0.0007634938 +0.0199667739 +0.0003078537 -0.9674117187 +0.0009412115 +0.9536030151 +0.0018597819 +2.7469219343 +0.6221811907 +0.1989244535
+2.8000000000 +0.2144722656 +0.0010683636 +0.0008332031 +0.0018550698 +0.0688263702 +0.0006049512 +0.0120563893 +0.0002046708 -0.9092312500 +0.0008937411 +0.8426769287 +0.0016562329 +2.0871330301 +0.5216477628 +0.1516281013
+2.9000000000 +0.1898421875 +0.0009639715 +0.0004343750 +0.0016526447 +0.0546248779 +0.0004969377 +0.0079228186 +0.0001444879 -0.8611617188 +0.0008664170 +0.7566130737 +0.0015178673 +1.6405911636 +0.4570122925 +0.1149302459
+3.0000000000 +0.1717597656 +0.0008776328 +0.0006160156 +0.0014984296 +0.0449062042 +0.0004134184 +0.0054348632 +0.0001039608 -0.8179125000 +0.0008477395 +0.6833541016 +0.0014104262 +1.3145418356 +0.4088389378 +0.1016311860
+3.1000000000 +0.1580304688 +0.0008145249 +0.0003781250 +0.0013827961 +0.0382426453 +0.0003573936 +0.0040171039 +0.0000807282 -0.7802679688 +0.0008211566 +0.6223040649 +0.0013053588 +1.0957639193 +0.3592514300 +0.0844207169
+3.2000000000 +0.1464460938 +0.0007654542 -0.0004562500 +0.0012877238 +0.0331648621 +0.0003172158 +0.0031124249 +0.0000656874 -0.7457671875 +0.0008125181 +0.5693724121 +0.0012323734 +0.9374722949 +0.3300928539 +0.0567621023
+3.3000000000 +0.1367617188 +0.0007188877 -0.0011929688 +0.0012049551 +0.0290397583 +0.0002795276 +0.0024060208 +0.0000500203 -0.7137015625 +0.0007912339 +0.5218909424 +0.0011500742 +0.8018223000 +0.2943417493 +0.0489745631
+3.4000000000 +0.1303605469 +0.0006887144 +0.0006105469 +0.0011506531 +0.0264804230 +0.0002572827 +0.0020251006 +0.0000433575 -0.6856187500 +0.0007817413 +0.4822954590 +0.0010937648 +0.7142814714 +0.2706688140 +0.0373342837
+3.5000000000 +0.1239628906 +0.0006552483 +0.0013253906 +0.0010943502 +0.0239538055 +0.0002359109 +0.0016868634 +0.0000378950 -0.6598796875 +0.0007648716 +0.4471417725 +0.0010251121 +0.6280782475 +0.2445180444 +0.0200371059
+3.6000000000 +0.1179437500 +0.0006196020 +0.0009585938 +0.0010389404 +0.0215888611 +0.0002088782 +0.0013386808 +0.0000285716 -0.6369046875 +0.0007640130 +0.4173218994 +0.0009890025 +0.5460005632 +0.2306038213 +0.0425936379
+3.7000000000 +0.1140289063 +0.0005973274 +0.0014039062 +0.0010034097 +0.0201385925 +0.0001941491 +0.0011594405 +0.0000240343 -0.6144601562 +0.0007518624 +0.3888672241 +0.0009391095 +0.4937341280 +0.2114186098 +0.0470524825
+3.8000000000 +0.1092613281 +0.0005803750 +0.0013785156 +0.0009662515 +0.0186747406 +0.0001815852 +0.0010082097 +0.0000208303 -0.5940867187 +0.0007374229 +0.3638148804 +0.0008916748 +0.4538410292 +0.1928128705 +0.0363474610
+3.9000000000 +0.1065656250 +0.0005602910 +0.0010703125 +0.0009389784 +0.0176347534 +0.0001706266 +0.0008932536 +0.0000187912 -0.5746703125 +0.0007344267 +0.3410336182 +0.0008587996 +0.4121285571 +0.1815672863 +0.0425530337
+4.0000000000 +0.1039164062 +0.0005495615 +0.0011164062 +0.0009175438 +0.0168389771 +0.0001649900 +0.0008279850 +0.0000174962 -0.5573867188 +0.0007268779 +0.3212469849 +0.0008245441 +0.3865828840 +0.1690724900 +0.0266483247
+4.1000000000 +0.1005558594 +0.0005382445 +0.0003246094 +0.0008917825 +0.0159056244 +0.0001581992 +0.0007535289 +0.0000170575 -0.5413242188 +0.0007245810 +0.3035322632 +0.0007960157 +0.3617806695 +0.1599102002 +0.0071647192
+4.2000000000 +0.0978726562 +0.0005184885 +0.0005867188 +0.0008647346 +0.0149556641 +0.0001480612 +0.0006621141 +0.0000149281 -0.5256031250 +0.0007218741 +0.2866806885 +0.0007729124 +0.3277170116 +0.1512496104 +0.0132657999
+4.3000000000 +0.0954722656 +0.0005061160 +0.0008433594 +0.0008437212 +0.0142380219 +0.0001411824 +0.0006013707 +0.0000138732 -0.5105195313 +0.0007122643 +0.2707765991 +0.0007413866 +0.3050012783 +0.1404802746 +0.0111699235
+4.4000000000 +0.0942781250 +0.0004977860 +0.0005015625 +0.0008319835 +0.0138441833 +0.0001349021 +0.0005556330 +0.0000120394 -0.4967531250 +0.0007122380 +0.2569093262 +0.0007205243 +0.2883385307 +0.1341574740 +0.0336552792
+4.5000000000 +0.0916843750 +0.0004913413 +0.0001437500 +0.0008134596 +0.0132343506 +0.0001318090 +0.0005226204 +0.0000117733 -0.4832234375 +0.0007085784 +0.2435465576 +0.0007000650 +0.2746780994 +0.1269465071 +0.0053738486
+4.6000000000 +0.0903140625 +0.0004774958 -0.0005429688 +0.0007973826 +0.0127166748 +0.0001245089 +0.0004717632 +0.0000105058 -0.4719734375 +0.0007016177 +0.2326042725 +0.0006781395 +0.2537764129 +0.1191119456 +0.0275760643
+4.7000000000 +0.0890152344 +0.0004735811 -0.0008792969 +0.0007876712 +0.0124092926 +0.0001234414 +0.0004587463 +0.0000104148 -0.4596031250 +0.0006980180 +0.2209796143 +0.0006537829 +0.2443209887 +0.1129295123 +0.0069816547
+4.8000000000 +0.0873906250 +0.0004638027 -0.0005382813 +0.0007726283 +0.0119393799 +0.0001173021 +0.0004177444 +0.0000093382 -0.4499539062 +0.0006979599 +0.2122014771 +0.0006417972 +0.2294537891 +0.1082551033 +0.0231545008
+4.9000000000 +0.0866429687 +0.0004603368 -0.0001617187 +0.0007663281 +0.0117452026 +0.0001140847 +0.0003982564 +0.0000082513 -0.4383945312 +0.0006859043 +0.2015990601 +0.0006161565 +0.2214242535 +0.1003240120 +0.0376779059
+5.0000000000 +0.0850214844 +0.0004544918 +0.0008753906 +0.0007536293 +0.0113599091 +0.0001130588 +0.0003846934 +0.0000086555 -0.4281421875 +0.0006893089 +0.1928086670 +0.0006026823 +0.2115203201 +0.0973100470 +0.0063264614
