# T, am1a, am1e, m1a, m1e, m2a, m2e, m4a, m4e, e1a, e1e, e2a, e2e, susc, susce, spec, spece, bind, binde
+0.5000000000 +0.9999993750 +0.0000002421 +0.0011603125 +0.0133345077 +0.9999987695 +0.0000004766 +0.9999976148 +0.0000009238 -1.9999975000 +0.0000009682 +3.9999903125 +0.0000037520 +0.0000024999 +0.0000009682 +0.0000799960 +0.0000309823 +0.6666666414 +0.0000000098
+0.6000000000 +0.9999962500 +0.0000007395 +0.0011509375 +0.0133335950 +0.9999926172 +0.0000014559 +0.9999856886 +0.0000028222 -1.9999850000 +0.0000029580 +3.9999418750 +0.0000114624 +0.0000124979 +0.0000024642 +0.0003332778 +0.0000657131 +0.6666665153 +0.0000000298
+0.7000000000 +0.9999773438 +0.0000016425 +0.0010976563 +0.0133351204 +0.9999554150 +0.0000032299 +0.9999136452 +0.0000062478 -1.9999100000 +0.0000064620 +3.9996513672 +0.0000250223 +0.0000664685 +0.0000051396 +0.0014835814 +0.0001081237 +0.6666657289 +0.0000000722
+0.8000000000 +0.9999034375 +0.0000048251 +0.0010900000 +0.0132683006 +0.9998100000 +0.0000094835 +0.9996320862 +0.0000183254 -1.9996165625 +0.0000190294 +3.9985150195 +0.0000735787 +0.0002492354 +0.0000134026 +0.0048618886 +0.0002535253 +0.6666626487 +0.0000002150
+0.9000000000 +0.9997071875 +0.0000043984 +0.0011303125 +0.0131930696 +0.9994240918 +0.0000086301 +0.9988856901 +0.0000166354 -1.9988434375 +0.0000172892 +3.9955222852 +0.0000669566 +0.0006848615 +0.0000137586 +0.0116301851 +0.0001779549 +0.6666542610 +0.0000002397
+1.0000000000 +0.9992876562 +0.0000100230 +0.0013598438 +0.0131427731 +0.9985998486 +0.0000195748 +0.9972941841 +0.0000373774 -1.9972053125 +0.0000360611 +3.9891882227 +0.0001389115 +0.0015377725 +0.0000313627 +0.0229855599 +0.0003402242 +0.6666357390 +0.0000006155
+1.1000000000 +0.9984518750 +0.0000180586 +0.0018281250 +0.0129552110 +0.9969606641 +0.0000353238 +0.9941392905 +0.0000676433 -1.9939815625 +0.0000671743 +3.9767474023 +0.0002590208 +0.0031717301 +0.0000439926 +0.0415146118 +0.0004748907 +0.6665966704 +0.0000009598
+1.2000000000 +0.9970023437 +0.0000165452 +0.0029420312 +0.0129323956 +0.9941250635 +0.0000319623 +0.9887079336 +0.0000599635 -1.9885150000 +0.0000585849 +3.9557128125 +0.0002236779 +0.0059406558 +0.0000698111 +0.0675943535 +0.0005198099 +0.6665238995 +0.0000015551
+1.3000000000 +0.9947404688 +0.0000418467 +0.0024204687 +0.0128250292 +0.9897161182 +0.0000809704 +0.9803183059 +0.0001521970 -1.9801409375 +0.0001524125 +3.9236400977 +0.0005805560 +0.0102154084 +0.0001275907 +0.1015567526 +0.0009576493 +0.6664011472 +0.0000031233
+1.4000000000 +0.9913887500 +0.0000443253 +0.0011768750 +0.0127915672 +0.9832184473 +0.0000851730 +0.9680769937 +0.0001586570 -1.9681037500 +0.0001471758 +3.8778413672 +0.0005632879 +0.0167668110 +0.0001541411 +0.1439601573 +0.0007569763 +0.6661982704 +0.0000040019
+1.5000000000 +0.9864865625 +0.0000512739 +0.0010940625 +0.0122560618 +0.9738014063 +0.0000965152 +0.9506106694 +0.0001761676 -1.9511478125 +0.0001709344 +3.8139222852 +0.0006511572 +0.0275473906 +0.0002405257 +0.1975241030 +0.0005967958 +0.6658506631 +0.0000055614
+1.6000000000 +0.9795957812 +0.0000525990 +0.0002192188 +0.0120352181 +0.9606993408 +0.0000918679 +0.9267474389 +0.0001496408 -1.9282593750 +0.0001312805 +3.7287390625 +0.0004760086 +0.0436567404 +0.0005291141 +0.2638668220 +0.0012409457 +0.6652927339 +0.0000125085
+1.7000000000 +0.9699618750 +0.0000656946 -0.0008518750 +0.0115685269 +0.9426983301 +0.0001239755 +0.8948500861 +0.0002310540 -1.8979846875 +0.0002396838 +3.6178657227 +0.0009142445 +0.0704846293 +0.0008524864 +0.3436794284 +0.0007272387 +0.6643524438 +0.0000162072
+1.8000000000 +0.9565768750 +0.0001663300 -0.0012656250 +0.0105104293 +0.9183405371 +0.0002882250 +0.8533483575 +0.0004744372 -1.8587475000 +0.0004293963 +3.4773400781 +0.0015245286 +0.1173668504 +0.0014515356 +0.4423894431 +0.0019783105 +0.6627147370 +0.0000299862
+1.9000000000 +0.9380459375 +0.0002457172 -0.0014131250 +0.0091544466 +0.8858708203 +0.0003899337 +0.8008018006 +0.0005605073 -1.8092418750 +0.0005468559 +3.3052100000 +0.0018174008 +0.2000854125 +0.0026077517 +0.5646687598 +0.0032389087 +0.6598559686 +0.0000665875
+2.0000000000 +0.9113160938 +0.0002421043 -0.0013798437 +0.0080625104 +0.8413736182 +0.0003822016 +0.7335446412 +0.0005646679 -1.7452025000 +0.0005161077 +3.0904066016 +0.0017134690 +0.3480322973 +0.0035859702 +0.7147547502 +0.0029947698 +0.6545960968 +0.0000805357
+2.1000000000 +0.8730484375 +0.0005127104 +0.0008615625 +0.0076107174 +0.7818944824 +0.0006940023 +0.6510335214 +0.0008144602 -1.6645559375 +0.0007899270 +2.8322281836 +0.0023349216 +0.5997189937 +0.0071207673 +0.8921610838 +0.0061104806 +0.6450340859 +0.0002190727
+2.2000000000 +0.8210220313 +0.0003861127 +0.0039576563 +0.0061069538 +0.7065436572 +0.0004110249 +0.5556784116 +0.0004159674 -1.5671056250 +0.0004721174 +2.5362966406 +0.0014552460 +0.9444360901 +0.0080067505 +1.0641239242 +0.0053909552 +0.6289558809 +0.0002560234
+2.3000000000 +0.7538698437 +0.0005365695 +0.0025507813 +0.0051818960 +0.6162759033 +0.0006335125 +0.4520529260 +0.0006582439 -1.4537943750 +0.0007087923 +2.2111487109 +0.0020112258 +1.3343522208 +0.0068808520 +1.1811036950 +0.0025180668 +0.6032479752 +0.0003306499
+2.4000000000 +0.6781143750 +0.0007557714 +0.0019856250 +0.0039330135 +0.5208287891 +0.0008619087 +0.3517679944 +0.0007482145 -1.3344425000 +0.0007772030 +1.8877503516 +0.0019659232 +1.6262392420 +0.0061297821 +1.1889725035 +0.0026689949 +0.5677343678 +0.0005505400
+2.5000000000 +0.6015734375 +0.0008178929 +0.0007734375 +0.0025187230 +0.4304759570 +0.0009795026 +0.2651229406 +0.0009353601 -1.2207796875 +0.0011643645 +1.5974237305 +0.0029440008 +1.7556138710 +0.0036191459 +1.0967769867 +0.0019162994 +0.5231003059 +0.0006001839
+2.6000000000 +0.5304920312 +0.0009992796 +0.0011264063 +0.0014692048 +0.3515071729 +0.0010809701 +0.1959700784 +0.0009512349 -1.1176675000 +0.0012042592 +1.3505267969 +0.0029301223 +1.7249327270 +0.0046389660 +0.9593529365 +0.0030014553 +0.4713166678 +0.0008496902
+2.7000000000 +0.4692306250 +0.0008604757 +0.0013475000 +0.0012230294 +0.2873106543 +0.0008131115 +0.1442001239 +0.0006031447 -1.0288556250 +0.0009427559 +1.1511648437 +0.0021349135 +1.5911317493 +0.0033634699 +0.8130551113 +0.0025207156 +0.4177010276 +0.0011391366
+2.8000000000 +0.4189625000 +0.0007123013 +0.0017493750 +0.0010618726 +0.2374467871 +0.0006949750 +0.1070641494 +0.0004724442 -0.9546556250 +0.0008967483 +0.9945098047 +0.0018986657 +1.4151345594 +0.0034665827 +0.6786481695 +0.0020670422 +0.3670168370 +0.0011187943
+2.9000000000 +0.3774200000 +0.0006753354 +0.0022793750 +0.0011815290 +0.1984753809 +0.0005883139 +0.0805242926 +0.0003644795 -0.8923690625 +0.0005730266 +0.8709804883 +0.0012259729 +1.2364129916 +0.0030552313 +0.5681210824 +0.0023598796 +0.3186121085 +0.0013232306
+3.0000000000 +0.3446392187 +0.0003154095 +0.0015770312 +0.0009472782 +0.1691220850 +0.0002353777 +0.0619427415 +0.0001498087 -0.8403818750 +0.0003488524 +0.7737188281 +0.0006035280 +1.0740245126 +0.0015836703 +0.4798287311 +0.0011190265 +0.2781156873 +0.0008968047
+3.1000000000 +0.3181504687 +0.0004839008 +0.0013623438 +0.0012001451 +0.1466667529 +0.0003764708 +0.0489122584 +0.0002045620 -0.7950853125 +0.0003730779 +0.6945772852 +0.0006618772 +0.9382129665 +0.0024487102 +0.4156686061 +0.0017883968 +0.2420714157 +0.0010927891
+3.2000000000 +0.2971679688 +0.0004781478 +0.0003895313 +0.0009213214 +0.1295181396 +0.0003573011 +0.0394811496 +0.0002007871 -0.7571056250 +0.0005373704 +0.6315250391 +0.0008750597 +0.8241410349 +0.0022392009 +0.3644576499 +0.0012322598 +0.2155042567 +0.0013266082
+3.3000000000 +0.2792159375 +0.0004314309 +0.0005334375 +0.0009564368 +0.1155537109 +0.0003033146 +0.0324623686 +0.0001397497 -0.7229500000 +0.0004975852 +0.5776817188 +0.0007334295 +0.7290241912 +0.0015359902 +0.3233647917 +0.0010684147 +0.1896119605 +0.0019194677
+3.4000000000 +0.2635815625 +0.0004338367 +0.0007359375 +0.0007022014 +0.1040053125 +0.0002911758 +0.0270628579 +0.0001439355 -0.6917346875 +0.0005409911 +0.5308875977 +0.0008130561 +0.6499424050 +0.0017610360 +0.2900362245 +0.0008568015 +0.1660912274 +0.0012830282
+3.5000000000 +0.2506645312 +0.0003470613 +0.0006501563 +0.0005752886 +0.0947426807 +0.0002340872 +0.0228984322 +0.0001064994 -0.6646465625 +0.0004766490 +0.4918766211 +0.0007213591 +0.5834746317 +0.0014555822 +0.2618477511 +0.0008059335 +0.1496931030 +0.0009888487
+3.6000000000 +0.2399040625 +0.0003463108 +0.0013621875 +0.0007393418 +0.0870831250 +0.0002219894 +0.0196709515 +0.0000875975 -0.6394306250 +0.0004343633 +0.4573207812 +0.0006368623 +0.5249416264 +0.0012525262 +0.2392462733 +0.0005788094 +0.1353782203 +0.0012640136
+3.7000000000 +0.2300545312 +0.0004805990 +0.0003998438 +0.0005167793 +0.0804159229 +0.0002274595 +0.0169938921 +0.0000728529 -0.6164593750 +0.0004220375 +0.4270320312 +0.0005960500 +0.4754772021 +0.0012261587 +0.2197602411 +0.0008406488 +0.1239682729 +0.0036513067
+3.8000000000 +0.2220584375 +0.0002683055 +0.0007243750 +0.0005795334 +0.0752239355 +0.0002014882 +0.0150610894 +0.0000927958 -0.5958318750 +0.0002932012 +0.4005650391 +0.0003547366 +0.4364339537 +0.0018413664 +0.2018772571 +0.0005665092 +0.1128823929 +0.0018142083
+3.9000000000 +0.2152093750 +0.0003487281 +0.0005328125 +0.0004728780 +0.0706361719 +0.0002043096 +0.0132912477 +0.0000691588 -0.5767087500 +0.0004404975 +0.3769413281 +0.0005895455 +0.3990954777 +0.0013501184 +0.1865989446 +0.0005471607 +0.1120495750 +0.0027631243
+4.0000000000 +0.2092423438 +0.0003201558 -0.0000776562 +0.0006394540 +0.0669931396 +0.0001365322 +0.0120992649 +0.0000457258 -0.5590212500 +0.0005785527 +0.3560122656 +0.0005838961 +0.3713560997 +0.0005952735 +0.1740166418 +0.0004466880 +0.1013665782 +0.0026148186
+4.1000000000 +0.2026904688 +0.0003009151 -0.0005114062 +0.0006337237 +0.0631967725 +0.0001359759 +0.0109470032 +0.0000416932 -0.5412862500 +0.0004950407 +0.3355383984 +0.0006071859 +0.3451698082 +0.0008026788 +0.1619803197 +0.0004172335 +0.0863289693 +0.0025575121
+4.2000000000 +0.1974389062 +0.0001986661 -0.0008585937 +0.0005356922 +0.0600177295 +0.0001364452 +0.0098686177 +0.0000505934 -0.5258206250 +0.0004731277 +0.3185523828 +0.0005804731 +0.3205365807 +0.0010078950 +0.1526088513 +0.0004581813 +0.0868396596 +0.0014262759
+4.3000000000 +0.1932321875 +0.0002668427 -0.0005537500 +0.0004842544 +0.0575251172 +0.0001724679 +0.0091195385 +0.0000666090 -0.5112603125 +0.0003708357 +0.3027688477 +0.0004978885 +0.3004387252 +0.0011773008 +0.1432311185 +0.0005064272 +0.0815119781 +0.0023803939
+4.4000000000 +0.1886489063 +0.0003533834 -0.0000948438 +0.0004421866 +0.0549253467 +0.0001639388 +0.0083480772 +0.0000465612 -0.4974512500 +0.0003387518 +0.2882735156 +0.0003893973 +0.2812463717 +0.0007107948 +0.1349243702 +0.0004645747 +0.0776405340 +0.0019333069
+4.5000000000 +0.1848040625 +0.0003204754 +0.0007087500 +0.0004248201 +0.0527336035 +0.0001600156 +0.0077375770 +0.0000457190 -0.4845487500 +0.0002852833 +0.2750328516 +0.0002903999 +0.2642493860 +0.0008873770 +0.1271926410 +0.0002355878 +0.0725629465 +0.0021662056
+4.6000000000 +0.1812418750 +0.0002743000 +0.0012000000 +0.0005079858 +0.0507913281 +0.0001279335 +0.0071834830 +0.0000311597 -0.4719568750 +0.0002489297 +0.2624177734 +0.0003387888 +0.2496272482 +0.0006876543 +0.1199965578 +0.0004173436 +0.0718087680 +0.0025777306
+4.7000000000 +0.1777054687 +0.0002683003 +0.0004710937 +0.0004616193 +0.0488582275 +0.0001281234 +0.0067051336 +0.0000343151 -0.4594490625 +0.0002692717 +0.2506076367 +0.0002558891 +0.2352786256 +0.0007925200 +0.1144799511 +0.0003012028 +0.0637239307 +0.0028615429
+4.8000000000 +0.1747664062 +0.0002235972 +0.0005492188 +0.0004934974 +0.0473446436 +0.0001164602 +0.0063208370 +0.0000283097 -0.4494287500 +0.0003596485 +0.2409666797 +0.0004270589 +0.2240112913 +0.0006264791 +0.1082755136 +0.0003656040 +0.0600467893 +0.0021981554
+4.9000000000 +0.1719423438 +0.0003204278 +0.0006929688 +0.0005360484 +0.0459225439 +0.0001416877 +0.0059449775 +0.0000328879 -0.4383681250 +0.0005539399 +0.2306666406 +0.0005104989 +0.2136469895 +0.0004650205 +0.1026158011 +0.0002715460 +0.0603600164 +0.0019578658
+5.0000000000 +0.1693182812 +0.0003360721 -0.0000610938 +0.0004545804 +0.0445132666 +0.0001574354 +0.0056037049 +0.0000295655 -0.4286515625 +0.0005601354 +0.2219497852 +0.0005173633 +0.2027962469 +0.0006130345 +0.0978034832 +0.0003772653 +0.0572676362 +0.0028035075
