# T, am1a, am1e, m1a, m1e, m2a, m2e, m4a, m4e, e1a, e1e, e2a, e2e, susc, spec, bind
+0.5000000000 +1.0000000000 +0.0000000000 -0.0541000000 +0.0070607124 +1.0000000000 +0.0000000000 +1.0000000000 +0.0000000000 -2.0000000000 +0.0000000000 +4.0000000000 +0.0000000000 +0.0000000000 +0.0000000000 +0.6666666667
+0.6000000000 +0.9999953125 +0.0000027061 -0.0540984375 +0.0070606803 +0.9999907715 +0.0000053277 +0.9999821107 +0.0000103276 -1.9999812500 +0.0000108245 +3.9999273438 +0.0000419450 +0.0000156227 +0.0004166042 +0.6666664774
+0.7000000000 +0.9999828125 +0.0000051808 -0.0539984375 +0.0070606315 +0.9999661621 +0.0000101997 +0.9999344060 +0.0000197719 -1.9999312500 +0.0000207232 +3.9997335937 +0.0000803024 +0.0000490801 +0.0011218316 +0.6666659731
+0.8000000000 +0.9998875000 +0.0000132344 -0.0535031250 +0.0070601556 +0.9997785156 +0.0000260552 +0.9995706577 +0.0000505073 -1.9995500000 +0.0000529375 +3.9982562500 +0.0002051327 +0.0002802375 +0.0056047500 +0.6666621389
+0.9000000000 +0.9997187500 +0.0000213314 -0.0536906250 +0.0070589093 +0.9994466797 +0.0000419397 +0.9989288443 +0.0000810947 -1.9988843750 +0.0000841216 +3.9956802734 +0.0003255503 +0.0006471528 +0.0111825239 +0.6666549274
+1.0000000000 +0.9992359375 +0.0000366786 -0.0537765625 +0.0070555207 +0.9984993652 +0.0000718485 +0.9971042264 +0.0001380046 -1.9970312500 +0.0001392248 +3.9885214844 +0.0005375544 +0.0017220123 +0.0248109375 +0.6666321485
+1.1000000000 +0.9983968750 +0.0000529723 -0.0514531250 +0.0070505497 +0.9968524414 +0.0001037309 +0.9939299920 +0.0001990913 -1.9937625000 +0.0002017695 +3.9759031250 +0.0007778319 +0.0032652449 +0.0430661074 +0.6665944789
+1.2000000000 +0.9969453125 +0.0000774644 -0.0505296875 +0.0070408335 +0.9940199707 +0.0001504212 +0.9885282330 +0.0002846560 -1.9883437500 +0.0002816725 +3.9550976562 +0.0010792810 +0.0064007780 +0.0705239149 +0.6665140026
+1.3000000000 +0.9948250000 +0.0001020246 -0.0551906250 +0.0070243824 +0.9898849609 +0.0001975690 +0.9806529062 +0.0003721259 -1.9804375000 +0.0003671126 +3.9248281250 +0.0014004398 +0.0102488769 +0.1020755917 +0.6664010979
+1.4000000000 +0.9913812500 +0.0001354489 -0.0568937500 +0.0069998815 +0.9832037109 +0.0002606801 +0.9680486195 +0.0004856814 -1.9681718750 +0.0004677728 +3.8780767578 +0.0017746164 +0.0167738554 +0.1428972497 +0.6661980287
+1.5000000000 +0.9864000000 +0.0001810210 -0.0525718750 +0.0069673400 +0.9736403320 +0.0003431337 +0.9503303109 +0.0006247051 -1.9509687500 +0.0005899318 +3.8132394531 +0.0022134182 +0.0279625400 +0.1979844167 +0.6658386513
+1.6000000000 +0.9796484375 +0.0002356034 -0.0538390625 +0.0069207030 +0.9608212402 +0.0004391533 +0.9270345678 +0.0007802176 -1.9284875000 +0.0007309570 +3.7297500000 +0.0027030390 +0.0444071655 +0.2671490586 +0.6652739723
+1.7000000000 +0.9698078125 +0.0003050762 -0.0497421875 +0.0068553422 +0.9423886230 +0.0005547613 +0.8942515190 +0.0009535029 -1.8973468750 +0.0008816054 +3.6154697266 +0.0032045568 +0.0700773595 +0.3442394462 +0.6643564059
+1.8000000000 +0.9564609375 +0.0004082107 -0.0522171875 +0.0067654402 +0.9181502441 +0.0007084966 +0.8530392188 +0.0011582956 -1.8587125000 +0.0010601065 +3.4772886719 +0.0037569119 +0.1184966819 +0.4439805278 +0.6626969753
+1.9000000000 +0.9376312500 +0.0005484835 -0.0407531250 +0.0066464586 +0.8851690430 +0.0009004890 +0.7997418437 +0.0013806694 -1.8084500000 +0.0012659221 +3.3025425781 +0.0043404556 +0.2026671829 +0.5682202881 +0.6597672378
+2.0000000000 +0.9116500000 +0.0007305566 -0.0341312500 +0.0064831128 +0.8417799805 +0.0011221512 +0.7337780004 +0.0015991374 -1.7455937500 +0.0014849722 +3.0912003906 +0.0049054015 +0.3415762550 +0.7056456094 +0.6548195058
+2.1000000000 +0.8722875000 +0.0009982618 -0.0274875000 +0.0062452400 +0.7808160156 +0.0014075638 +0.6492983698 +0.0018279604 -1.6623843750 +0.0017624815 +2.8256486328 +0.0055285922 +0.6074067190 +0.9016137516 +0.6450022240
+2.2000000000 +0.8206875000 +0.0012795731 -0.0113531250 +0.0059419914 +0.7062741211 +0.0016786525 +0.5551806161 +0.0019904234 -1.5658812500 +0.0019983818 +2.5318546875 +0.0059532129 +0.9526152273 +1.0561401441 +0.6290063698
+2.3000000000 +0.7519218750 +0.0015597009 -0.0037875000 +0.0055408731 +0.6140398437 +0.0019086877 +0.4499067017 +0.0020623030 -1.4513718750 +0.0022124553 +2.2043794922 +0.0062113185 +1.3538320041 +1.1844134309 +0.6022519102
+2.4000000000 +0.6766187500 +0.0017483971 -0.0081156250 +0.0050935494 +0.5189507813 +0.0020106427 +0.3501635942 +0.0020010988 -1.3333125000 +0.0023248829 +1.8858238281 +0.0061666701 +1.6303426240 +1.2011289497 +0.5665915279
+2.5000000000 +0.6026109375 +0.0018545401 -0.0024796875 +0.0046471506 +0.4319263184 +0.0020051111 +0.2669697534 +0.0018396709 -1.2251875000 +0.0023164869 +1.6084066406 +0.0058195739 +1.7609312349 +1.0989796400 +0.5229966044
+2.6000000000 +0.5326187500 +0.0018658943 -0.0004875000 +0.0042030568 +0.3533139648 +0.0019002005 +0.1970460000 +0.0016076486 -1.1192312500 +0.0022496866 +1.3539003906 +0.0053024196 +1.7139995567 +0.9583128961 +0.4738316006
+2.7000000000 +0.4695968750 +0.0018302334 +0.0023156250 +0.0037915099 +0.2875163086 +0.0017544487 +0.1442274333 +0.0013740452 -1.0283125000 +0.0021611625 +1.1508390625 +0.0047812177 +1.5880316109 +0.8200819959 +0.4184304598
+2.8000000000 +0.4193390625 +0.0017509361 +0.0036171875 +0.0034434554 +0.2371607910 +0.0015841283 +0.1064344903 +0.0011417450 -0.9536437500 +0.0020337187 +0.9921566406 +0.0042208951 +1.4014980955 +0.6752672548 +0.3692237260
+2.9000000000 +0.3778156250 +0.0016692837 +0.0043812500 +0.0031500445 +0.1984748047 +0.0014287605 +0.0802193792 +0.0009591473 -0.8912187500 +0.0019224953 +0.8681906250 +0.0037614260 +1.2299069394 +0.5625285300 +0.3211914940
+3.0000000000 +0.3443671875 +0.0015806548 +0.0018328125 +0.0029030570 +0.1685581543 +0.0012807623 +0.0612188951 +0.0007924891 -0.8376843750 +0.0018349675 +0.7690572266 +0.0033665248 +1.0660137487 +0.4788772583 +0.2817680870
+3.1000000000 +0.3165078125 +0.0015040343 +0.0034234375 +0.0026963666 +0.1454195801 +0.0011616408 +0.0481350424 +0.0006734621 -0.7936062500 +0.0017668781 +0.6922480469 +0.0030715725 +0.9340363294 +0.4158146387 +0.2412576387
+3.2000000000 +0.2955546875 +0.0014273387 +0.0040765625 +0.0025306310 +0.1280984863 +0.0010559275 +0.0387088786 +0.0005755036 -0.7547218750 +0.0017055426 +0.6277826172 +0.0028216590 +0.8149182605 +0.3636094286 +0.2136763483
+3.3000000000 +0.2783515625 +0.0013715003 +0.0046484375 +0.0023987314 +0.1150998535 +0.0009803022 +0.0324678240 +0.0005054995 -0.7212468750 +0.0016695869 +0.5759474609 +0.0026335388 +0.7296050651 +0.3276424242 +0.1830746235
+3.4000000000 +0.2631312500 +0.0013082825 +0.0050593750 +0.0022742528 +0.1034701172 +0.0008990976 +0.0268735943 +0.0004450819 -0.6895437500 +0.0016298264 +0.5285972656 +0.0024693956 +0.6443682346 +0.2941269617 +0.1632906549
+3.5000000000 +0.2507593750 +0.0012644866 +0.0047718750 +0.0021775677 +0.0948587891 +0.0008353389 +0.0229540102 +0.0003860735 -0.6658843750 +0.0015834618 +0.4935490234 +0.0023024937 +0.5847501698 +0.2619926077 +0.1496804523
+3.6000000000 +0.2391000000 +0.0012127826 +0.0041437500 +0.0020804864 +0.0865856445 +0.0007743194 +0.0194884854 +0.0003390772 -0.6386250000 +0.0015578416 +0.4563792969 +0.0021587234 +0.5229659472 +0.2396908951 +0.1335070255
+3.7000000000 +0.2304687500 +0.0011717516 +0.0032531250 +0.0020070538 +0.0805758789 +0.0007245699 +0.0169925023 +0.0003001979 -0.6183281250 +0.0015314065 +0.4292337891 +0.0020405793 +0.4749843750 +0.2192741862 +0.1275792629
+3.8000000000 +0.2220015625 +0.0011379619 +0.0042390625 +0.0019386318 +0.0751838379 +0.0006820875 +0.0149574770 +0.0002706188 -0.5955468750 +0.0015131954 +0.4004712891 +0.0019457995 +0.4361961118 +0.2029704543 +0.1179603510
+3.9000000000 +0.2131000000 +0.0010942345 +0.0025250000 +0.0018621522 +0.0693585938 +0.0006348038 +0.0128701315 +0.0002405336 -0.5741875000 +0.0014863396 +0.3738753906 +0.0018503238 +0.3929761436 +0.1859160256 +0.1082129306
+4.0000000000 +0.2070156250 +0.0010786819 +0.0017593750 +0.0018182886 +0.0661265625 +0.0006169888 +0.0119862247 +0.0002257493 -0.5582062500 +0.0014683564 +0.3547156250 +0.0017776301 +0.3723374961 +0.1724856298 +0.0862881281
+4.1000000000 +0.2027890625 +0.0010575502 +0.0000859375 +0.0017817357 +0.0634916504 +0.0005940450 +0.0110889800 +0.0002117992 -0.5423687500 +0.0014671369 +0.3372136719 +0.0017293585 +0.3491628725 +0.1639017191 +0.0830680379
+4.2000000000 +0.1971781250 +0.0010246804 -0.0028593750 +0.0017301797 +0.0598786133 +0.0005625608 +0.0099149407 +0.0001917417 -0.5251156250 +0.0014455053 +0.3175361328 +0.0016402652 +0.3199908618 +0.1516180071 +0.0782239922
+4.3000000000 +0.1937468750 +0.0010058967 -0.0023718750 +0.0016995409 +0.0577744141 +0.0005425088 +0.0092241993 +0.0001803757 -0.5128937500 +0.0014537962 +0.3053304687 +0.0016137386 +0.3011953487 +0.1463120648 +0.0788373434
+4.4000000000 +0.1907781250 +0.0009872897 -0.0027656250 +0.0016715781 +0.0558911133 +0.0005219498 +0.0085724490 +0.0001673804 -0.4970531250 +0.0014264745 +0.2877583984 +0.0015329754 +0.2835610226 +0.1345341797 +0.0852590204
+4.5000000000 +0.1853062500 +0.0009677634 -0.0012812500 +0.0016289273 +0.0530697266 +0.0005014772 +0.0078459843 +0.0001544574 -0.4840406250 +0.0014144653 +0.2743095703 +0.0014800604 +0.2664009994 +0.1264647701 +0.0713918770
+4.6000000000 +0.1822890625 +0.0009468323 -0.0010203125 +0.0015993450 +0.0511591309 +0.0004812933 +0.0072501215 +0.0001445980 -0.4722250000 +0.0014139172 +0.2629796875 +0.0014524665 +0.2494584842 +0.1209322854 +0.0766258512
+4.7000000000 +0.1793593750 +0.0009331158 +0.0004625000 +0.0015745424 +0.0495838867 +0.0004662092 +0.0068055829 +0.0001360720 -0.4589687500 +0.0014091018 +0.2503636719 +0.0014063736 +0.2371281882 +0.1150532792 +0.0772948581
+4.8000000000 +0.1750296875 +0.0009253618 +0.0024359375 +0.0015452402 +0.0477612793 +0.0004571096 +0.0064601226 +0.0001276569 -0.4519750000 +0.0014064904 +0.2438457031 +0.0013756413 +0.2283451705 +0.1099008403 +0.0560095392
+4.9000000000 +0.1731156250 +0.0009092038 +0.0004375000 +0.0015248256 +0.0465020508 +0.0004387816 +0.0060130271 +0.0001190547 -0.4391968750 +0.0013826360 +0.2311275391 +0.0013161500 +0.2159416315 +0.1019139200 +0.0731110729
+5.0000000000 +0.1707156250 +0.0008916092 -0.0015656250 +0.0015006784 +0.0450431641 +0.0004286925 +0.0057044315 +0.0001176955 -0.4300062500 +0.0013851066 +0.2232757812 +0.0012991943 +0.2035115449 +0.0982282399 +0.0627977182
