# T, am1a, am1e, m1a, m1e, m2a, m2e, m4a, m4e, e1a, e1e, e2a, e2e, susc, spec, bind
+0.5000000000 +1.0000000000 +0.0000000000 -0.0067000000 +0.0070709091 +1.0000000000 +0.0000000000 +1.0000000000 +0.0000000000 -2.0000000000 +0.0000000000 +4.0000000000 +0.0000000000 +0.0000000000 +0.0000000000 +0.6666666667
+0.6000000000 +1.0000000000 +0.0000000000 -0.0066000000 +0.0070709138 +1.0000000000 +0.0000000000 +1.0000000000 +0.0000000000 -2.0000000000 +0.0000000000 +4.0000000000 +0.0000000000 +0.0000000000 +0.0000000000 +0.6666666667
+0.7000000000 +0.9999750000 +0.0000249994 -0.0065250000 +0.0070707847 +0.9999625000 +0.0000374991 +0.9999531250 +0.0000468738 -1.9999000000 +0.0000999975 +3.9998000000 +0.0001999950 +0.0000714250 +0.0016325714 +0.6666572914
+0.8000000000 +0.9998500000 +0.0000612281 -0.0065000000 +0.0070701229 +0.9997750000 +0.0000918421 +0.9997187500 +0.0001148026 -1.9994000000 +0.0002449122 +3.9988000000 +0.0004898245 +0.0003748875 +0.0074977500 +0.6666104082
+0.9000000000 +0.9994750000 +0.0001435661 -0.0065250000 +0.0070686630 +0.9993625000 +0.0001662406 +0.9992781250 +0.0001864117 -1.9985000000 +0.0003871531 +3.9970000000 +0.0007743061 +0.0018321083 +0.0148037037 +0.6664821920
+1.0000000000 +0.9987250000 +0.0002275823 -0.0064750000 +0.0070655700 +0.9984875000 +0.0002580782 +0.9983093750 +0.0002856661 -1.9965000000 +0.0005910901 +3.9930000000 +0.0011821802 +0.0041434975 +0.0279510000 +0.6662212913
+1.1000000000 +0.9972500000 +0.0003215150 -0.0061500000 +0.0070588143 +0.9965750000 +0.0003812492 +0.9960687500 +0.0004334508 -1.9918000000 +0.0009036803 +3.9836000000 +0.0018073605 +0.0075179545 +0.0539925950 +0.6656909883
+1.2000000000 +0.9947250000 +0.0004449536 -0.0057250000 +0.0070477114 +0.9934375000 +0.0005269634 +0.9924718750 +0.0005987359 -1.9843000000 +0.0012480687 +3.9686000000 +0.0024961374 +0.0131989146 +0.0865375278 +0.6647908579
+1.3000000000 +0.9907000000 +0.0005953365 -0.0063000000 +0.0070304172 +0.9885750000 +0.0006964452 +0.9869812500 +0.0007858503 -1.9729000000 +0.0016350167 +3.9458000000 +0.0032700333 +0.0218108000 +0.1265457751 +0.6633579206
+1.4000000000 +0.9865250000 +0.0006993184 -0.0075750000 +0.0070105461 +0.9830125000 +0.0008385866 +0.9803781250 +0.0009595211 -1.9590000000 +0.0020039835 +3.9180000000 +0.0040079671 +0.0279454982 +0.1639163265 +0.6618150498
+1.5000000000 +0.9801500000 +0.0008567665 -0.0066500000 +0.0069833043 +0.9753750000 +0.0010108749 +0.9717937500 +0.0011465495 -1.9412000000 +0.0023889596 +3.8824000000 +0.0047779192 +0.0391492733 +0.2029201067 +0.6595058874
+1.6000000000 +0.9730250000 +0.0009977437 -0.0092250000 +0.0069519868 +0.9666875000 +0.0011715300 +0.9619343750 +0.0013253543 -1.9205000000 +0.0027701963 +3.8418000000 +0.0055125890 +0.0497746234 +0.2398121094 +0.6568752983
+1.7000000000 +0.9670500000 +0.0010791037 -0.0081500000 +0.0069224583 +0.9584750000 +0.0012916932 +0.9520437500 +0.0014772725 -1.8997000000 +0.0030898213 +3.7998000000 +0.0061673331 +0.0547983471 +0.2642766920 +0.6545588488
+1.8000000000 +0.9563250000 +0.0012505997 -0.0096250000 +0.0068765720 +0.9458375000 +0.0014724690 +0.9379718750 +0.0016691709 -1.8707000000 +0.0034776537 +3.7414000000 +0.0069553075 +0.0695110986 +0.2986191481 +0.6505093961
+1.9000000000 +0.9433500000 +0.0014153759 -0.0097000000 +0.0068186542 +0.9299750000 +0.0016596724 +0.9199437500 +0.0018776645 -1.8327000000 +0.0039281720 +3.6674000000 +0.0078095366 +0.0843490053 +0.3419509252 +0.6454336874
+2.0000000000 +0.9334500000 +0.0015165108 -0.0056000000 +0.0067723469 +0.9173250000 +0.0017853024 +0.9052312500 +0.0020249486 -1.8019000000 +0.0042364867 +3.6058000000 +0.0084303213 +0.0919921950 +0.3589563900 +0.6414152431
+2.1000000000 +0.9224000000 +0.0016062883 -0.0022500000 +0.0067172165 +0.9024250000 +0.0019114506 +0.8874437500 +0.0021818077 -1.7642000000 +0.0045760155 +3.5312000000 +0.0090978749 +0.0982918857 +0.3798624580 +0.6367569244
+2.2000000000 +0.9098500000 +0.0017276860 +0.0014000000 +0.0066615428 +0.8875250000 +0.0020381441 +0.8707812500 +0.0023161265 -1.7296000000 +0.0048522358 +3.4624000000 +0.0096472438 +0.1085417773 +0.3891601983 +0.6315092216
+2.3000000000 +0.8962250000 +0.0018295252 -0.0078250000 +0.0065958368 +0.8701625000 +0.0021613983 +0.8506156250 +0.0024592711 -1.6864000000 +0.0051771374 +3.3800000000 +0.0102362102 +0.1164230424 +0.4053346238 +0.6255348768
+2.4000000000 +0.8789750000 +0.0019565972 -0.0081750000 +0.0065157335 +0.8491625000 +0.0022991974 +0.8268031250 +0.0026097166 -1.6364000000 +0.0054963399 +3.2820000000 +0.0108546672 +0.1276090823 +0.4195798889 +0.6177924684
+2.5000000000 +0.8675250000 +0.0020182031 -0.0073250000 +0.0064575880 +0.8340625000 +0.0023801825 +0.8089656250 +0.0027082972 -1.5989000000 +0.0057031517 +3.2070000000 +0.0112764157 +0.1303405990 +0.4163320256 +0.6123751403
+2.6000000000 +0.8535500000 +0.0020991355 -0.0070500000 +0.0063899347 +0.8166750000 +0.0024704321 +0.7890187500 +0.0028091421 -1.5561000000 +0.0059361300 +3.1262000000 +0.0116869020 +0.1355806115 +0.4170134852 +0.6056629832
+2.7000000000 +0.8370250000 +0.0021920498 -0.0035750000 +0.0063114963 +0.7967125000 +0.0025663916 +0.7664781250 +0.0029115388 -1.5094000000 +0.0061404871 +3.0324000000 +0.0121122876 +0.1423728139 +0.4137786776 +0.5974913222
+2.8000000000 +0.8234750000 +0.0022671725 -0.0045750000 +0.0062485661 +0.7809125000 +0.0026378618 +0.7489906250 +0.0029835221 -1.4710000000 +0.0063283450 +2.9648000000 +0.0123878185 +0.1468591777 +0.4086525510 +0.5905976061
+2.9000000000 +0.8123000000 +0.0023072571 -0.0073500000 +0.0061896930 +0.7663000000 +0.0026887200 +0.7318000000 +0.0030453859 -1.4356000000 +0.0064430297 +2.8912000000 +0.0126604948 +0.1468533931 +0.3948882949 +0.5845932977
+3.0000000000 +0.8012000000 +0.0023479093 -0.0027000000 +0.0061325676 +0.7521750000 +0.0027353155 +0.7154062500 +0.0030992734 -1.4000000000 +0.0065772335 +2.8252000000 +0.0128822455 +0.1470047467 +0.3845333333 +0.5785037784
+3.1000000000 +0.7888750000 +0.0023970162 +0.0014250000 +0.0060713897 +0.7372375000 +0.0027837946 +0.6985093750 +0.0031503293 -1.3608000000 +0.0067506420 +2.7632000000 +0.0130719657 +0.1482757863 +0.3793645619 +0.5716131321
+3.2000000000 +0.7766750000 +0.0024419607 +0.0021750000 +0.0060103360 +0.7224875000 +0.0028271778 +0.6818468750 +0.0031955557 -1.3295000000 +0.0067817024 +2.6874000000 +0.0132805897 +0.1490793055 +0.3593084961 +0.5645834579
+3.3000000000 +0.7603750000 +0.0025049188 -0.0014250000 +0.0059315279 +0.7036625000 +0.0028808611 +0.6611281250 +0.0032461187 -1.2809000000 +0.0069752964 +2.6138000000 +0.0134596611 +0.1521119508 +0.3574270670 +0.5549225776
+3.4000000000 +0.7506750000 +0.0025214038 -0.0018250000 +0.0058764750 +0.6906625000 +0.0029037772 +0.6456531250 +0.0032765816 -1.2504000000 +0.0070032130 +2.5444000000 +0.0136081384 +0.1495876993 +0.3394117093 +0.5488237295
+3.5000000000 +0.7439250000 +0.0025299515 +0.0040250000 +0.0058370425 +0.6814375000 +0.0029173173 +0.6345718750 +0.0032957920 -1.2263000000 +0.0070540354 +2.4990000000 +0.0136948877 +0.1463006793 +0.3249594482 +0.5444799409
+3.6000000000 +0.7348500000 +0.0025528952 +0.0070500000 +0.0057892154 +0.6703500000 +0.0029377362 +0.6219750000 +0.0033166618 -1.1998000000 +0.0070981686 +2.4472000000 +0.0137840708 +0.1448283083 +0.3110123333 +0.5386309615
+3.7000000000 +0.7225000000 +0.0025716605 +0.0044500000 +0.0057195070 +0.6542750000 +0.0029582974 +0.6031062500 +0.0033419969 -1.1574000000 +0.0071903590 +2.3736000000 +0.0138932052 +0.1429932432 +0.3021257093 +0.5303742278
+3.8000000000 +0.7128750000 +0.0025966010 +0.0070750000 +0.0056700416 +0.6430375000 +0.0029762573 +0.5906593750 +0.0033571767 -1.1285000000 +0.0072632216 +2.3286000000 +0.0139499499 +0.1419439309 +0.2922680748 +0.5238505950
+3.9000000000 +0.7085750000 +0.0025947926 +0.0112750000 +0.0056418542 +0.6367375000 +0.0029784621 +0.5828593750 +0.0033637584 -1.1099000000 +0.0073058948 +2.2994000000 +0.0139827745 +0.1381117635 +0.2807421407 +0.5207946305
+4.0000000000 +0.6971250000 +0.0026292036 +0.0098250000 +0.0055863269 +0.6242375000 +0.0029991617 +0.5695718750 +0.0033769568 -1.0829000000 +0.0073223206 +2.2450000000 +0.0140356243 +0.1382542344 +0.2680818975 +0.5127772350
+4.1000000000 +0.6844750000 +0.0026453400 +0.0080250000 +0.0055154243 +0.6084625000 +0.0030102036 +0.5514531250 +0.0033877511 -1.0430000000 +0.0073680086 +2.1736000000 +0.0140887598 +0.1365429018 +0.2583583581 +0.5034994746
+4.2000000000 +0.6793500000 +0.0026519670 +0.0030500000 +0.0054871017 +0.6021750000 +0.0030139594 +0.5442937500 +0.0033907976 -1.0293000000 +0.0073550714 +2.1414000000 +0.0141067467 +0.1339605500 +0.2453382109 +0.4996583573
+4.3000000000 +0.6713750000 +0.0026689709 +0.0100750000 +0.0054456909 +0.5932125000 +0.0030223299 +0.5345906250 +0.0033947323 -1.0050000000 +0.0074174625 +2.1104000000 +0.0141205734 +0.1325284738 +0.2380475933 +0.4936165584
+4.4000000000 +0.6686750000 +0.0026567014 +0.0014250000 +0.0054234927 +0.5882875000 +0.0030159136 +0.5279968750 +0.0033939310 -0.9899000000 +0.0074279808 +2.0834000000 +0.0141298345 +0.1283284040 +0.2279954525 +0.4914532815
+4.5000000000 +0.6539750000 +0.0026559292 -0.0047250000 +0.0053326362 +0.5687625000 +0.0030113315 +0.5048531250 +0.0033912001 -0.9398000000 +0.0074349713 +1.9888000000 +0.0141419139 +0.1254037328 +0.2183853748 +0.4797861804
+4.6000000000 +0.6474500000 +0.0026838265 +0.0009000000 +0.0053068314 +0.5632500000 +0.0030236521 +0.5001000000 +0.0033931226 -0.9285000000 +0.0074608570 +1.9754000000 +0.0141410658 +0.1252682587 +0.2104513705 +0.4745478190
+4.7000000000 +0.6357500000 +0.0026851158 -0.0042000000 +0.0052362074 +0.5483750000 +0.0030176863 +0.4828437500 +0.0033854627 -0.8862000000 +0.0075174782 +1.9156000000 +0.0141295376 +0.1227207979 +0.2046626636 +0.4647827963
+4.8000000000 +0.6347750000 +0.0026823329 -0.0097250000 +0.0052284937 +0.5468375000 +0.0030154032 +0.4808843750 +0.0033839640 -0.8842000000 +0.0074866226 +1.9028000000 +0.0141254242 +0.1199151661 +0.1946163819 +0.4639530453
+4.9000000000 +0.6265250000 +0.0026844825 -0.0074750000 +0.0051798003 +0.5366625000 +0.0030104733 +0.4692656250 +0.0033763432 -0.8600000000 +0.0074659226 +1.8544000000 +0.0141046103 +0.1176562648 +0.1857226156 +0.4568810094
+5.0000000000 +0.6238250000 +0.0026947158 -0.0017750000 +0.0051690635 +0.5343875000 +0.0030144599 +0.4673093750 +0.0033761621 -0.8536000000 +0.0074958890 +1.8524000000 +0.0141035709 +0.1161838955 +0.1798027264 +0.4545302672
