# T, am1a, am1e, m1a, m1e, m2a, m2e, m4a, m4e, e1a, e1e, e2a, e2e, susc, spec, bind
+0.5000000000 +0.9999998047 +0.0000001381 +0.0165000000 +0.0070701038 +0.9999996098 +0.0000002759 +0.9999992210 +0.0000005508 -1.9999992187 +0.0000005524 +3.9999968811 +0.0000022053 +0.0000007812 +0.0000249975 +0.6666666662
+0.6000000000 +0.9999965820 +0.0000005935 +0.0164004883 +0.0070700926 +0.9999931711 +0.0000011858 +0.9999863704 +0.0000023664 -1.9999865234 +0.0000023172 +3.9999462013 +0.0000092503 +0.0000120243 +0.0003054730 +0.6666666573
+0.7000000000 +0.9999774414 +0.0000014821 +0.0170002930 +0.0070698866 +0.9999549273 +0.0000029613 +0.9999100319 +0.0000059108 -1.9999099609 +0.0000059060 +3.9996405495 +0.0000235776 +0.0000642667 +0.0014578666 +0.6666666082
+0.8000000000 +0.9999031250 +0.0000031323 +0.0200966797 +0.0070689553 +0.9998064556 +0.0000062574 +0.9996137318 +0.0000124862 -1.9996160156 +0.0000123291 +3.9984672501 +0.0000492086 +0.0002511711 +0.0048641873 +0.6666664055
+0.9000000000 +0.9997055664 +0.0000055677 +0.0195024414 +0.0070676428 +0.9994118395 +0.0000111197 +0.9988264978 +0.0000221767 -1.9988380859 +0.0000217504 +3.9953631554 +0.0000867708 +0.0007054012 +0.0119612943 +0.6666658414
+1.0000000000 +0.9992736328 +0.0000087149 +0.0213847656 +0.0070643188 +0.9985493122 +0.0000173977 +0.9971067825 +0.0000346679 -1.9971457031 +0.0000337860 +3.9886137894 +0.0001346797 +0.0015554312 +0.0233777736 +0.6666646429
+1.1000000000 +0.9984341797 +0.0000130573 +0.0213849609 +0.0070583883 +0.9968742210 +0.0000260414 +0.9937717756 +0.0000517921 -1.9939296875 +0.0000493703 +3.9758043472 +0.0001964793 +0.0031742795 +0.0412549587 +0.6666621172
+1.2000000000 +0.9970001953 +0.0000187103 +0.0071943359 +0.0070496973 +0.9940163910 +0.0000372562 +0.9880963460 +0.0000738617 -1.9885023438 +0.0000693549 +3.9542377731 +0.0002752308 +0.0059746458 +0.0684103346 +0.6666573014
+1.3000000000 +0.9947476562 +0.0000252040 -0.0000718750 +0.0070339733 +0.9895356045 +0.0000500689 +0.9792308504 +0.0000988016 -1.9801521484 +0.0000909371 +3.9211679222 +0.0003593867 +0.0100075221 +0.1002133959 +0.6666495987
+1.4000000000 +0.9914318359 +0.0000337990 -0.0140478516 +0.0070098595 +0.9829599327 +0.0000668904 +0.9662997157 +0.0001310121 -1.9682439453 +0.0001171786 +3.8742588448 +0.0004602086 +0.0167112399 +0.1434731090 +0.6666357947
+1.5000000000 +0.9864208984 +0.0000444368 -0.0507642578 +0.0069659481 +0.9730656815 +0.0000874642 +0.9470098202 +0.0001694620 -1.9508462891 +0.0001465592 +3.8062308357 +0.0005704993 +0.0269602702 +0.1955121721 +0.6666128043
+1.6000000000 +0.9795962891 +0.0000580846 -0.0701230469 +0.0069092660 +0.9596763660 +0.0001134546 +0.9212361663 +0.0002165097 -1.9281566406 +0.0001813540 +3.7184458160 +0.0006973868 +0.0431849588 +0.2631141015 +0.6665734909
+1.7000000000 +0.9700213867 +0.0000752946 -0.0900743164 +0.0068298664 +0.9410548761 +0.0001455386 +0.8860079098 +0.0002720549 -1.8980244141 +0.0002189588 +3.6034555351 +0.0008289504 +0.0682980563 +0.3397478749 +0.6665072126
+1.8000000000 +0.9566275391 +0.0001003853 -0.1119484375 +0.0067186507 +0.9153377926 +0.0001909037 +0.8385721591 +0.0003457036 -1.8586556641 +0.0002636832 +3.4559914543 +0.0009774788 +0.1146561960 +0.4394909277 +0.6663766822
+1.9000000000 +0.9378756836 +0.0001370835 -0.1148702148 +0.0065832798 +0.8799866354 +0.0002547524 +0.7756744542 +0.0004411452 -1.8086097656 +0.0003155648 +3.2730609070 +0.0011380564 +0.2025566437 +0.5649367347 +0.6661079480
+2.0000000000 +0.9117305664 +0.0001929003 -0.1162538086 +0.0063971943 +0.8319968363 +0.0003458108 +0.6946104383 +0.0005597051 -1.7463785156 +0.0003774802 +3.0526877457 +0.0013137642 +0.3810358074 +0.7295554125 +0.6655149581
+2.1000000000 +0.8703213867 +0.0003122944 -0.1182844727 +0.0061049924 +0.7594098726 +0.0005142840 +0.5819931162 +0.0007288706 -1.6643496094 +0.0004496326 +2.7741030121 +0.0014891601 +0.9511284771 +0.9388732913 +0.6636091955
+2.2000000000 +0.7870650391 +0.0006604414 -0.0818523438 +0.0055744741 +0.6281950333 +0.0008929851 +0.4105774488 +0.0009779317 -1.5480337891 +0.0005676781 +2.4028537804 +0.0017465659 +4.0604660595 +1.3636058522 +0.6531954072
+2.3000000000 +0.5724234375 +0.0014164331 +0.0018171875 +0.0042883035 +0.3677942471 +0.0013829852 +0.1735255679 +0.0009804183 -1.3765878906 +0.0006972498 +1.9047173676 +0.0019187276 +17.8646395573 +1.8821365718 +0.5724052582
+2.4000000000 +0.3221787109 +0.0013735796 -0.0214222656 +0.0026558862 +0.1415335423 +0.0009842078 +0.0394050438 +0.0004498011 -1.2158445312 +0.0006020781 +1.4855278839 +0.0014784785 +16.1000194006 +1.2888817317 +0.3442899997
+2.5000000000 +0.2022180664 +0.0009995534 -0.0082366211 +0.0017436520 +0.0608742853 +0.0005279537 +0.0092803810 +0.0001542066 -1.1091541016 +0.0005178517 +1.2355862282 +0.0011550818 +8.1846841079 +0.8787406302 +0.1652108390
+2.6000000000 +0.1484912109 +0.0007698588 -0.0016308594 +0.0013019338 +0.0339032913 +0.0003192350 +0.0031876529 +0.0000630979 -1.0284433594 +0.0004845199 +1.0623909332 +0.0010018494 +4.6685150898 +0.7112240148 +0.0755869885
+2.7000000000 +0.1226391602 +0.0006396182 +0.0001120117 +0.0010775570 +0.0232225927 +0.0002225526 +0.0015298821 +0.0000315492 -0.9639146484 +0.0004602620 +0.9333682716 +0.0008905942 +3.1031861595 +0.5951311244 +0.0543829661
+2.8000000000 +0.1063604492 +0.0005585570 -0.0003928711 +0.0009368060 +0.0175522638 +0.0001699372 +0.0008856549 +0.0000185004 -0.9092404297 +0.0004480565 +0.8307332512 +0.0008181214 +2.2819542579 +0.5244202073 +0.0417540799
+2.9000000000 +0.0949720703 +0.0004994930 -0.0016763672 +0.0008368617 +0.0140095600 +0.0001367739 +0.0005704099 +0.0000128025 -0.8612187500 +0.0004353031 +0.7454875107 +0.0007527895 +1.7619388463 +0.4614423231 +0.0312386056
+3.0000000000 +0.0852896484 +0.0004514562 -0.0023689453 +0.0007531589 +0.0113505775 +0.0001113931 +0.0003770042 +0.0000080601 -0.8175832031 +0.0004208902 +0.6719852646 +0.0006906360 +1.3913611655 +0.4031113165 +0.0245858918
+3.1000000000 +0.0789208984 +0.0004157004 -0.0015613281 +0.0006957804 +0.0096846443 +0.0000942483 +0.0002714472 +0.0000057567 -0.7792685547 +0.0004128344 +0.6106681252 +0.0006454378 +1.1416397981 +0.3632104374 +0.0352900334
+3.2000000000 +0.0735921875 +0.0003888747 -0.0018753906 +0.0006494907 +0.0084402802 +0.0000831207 +0.0002094193 +0.0000046967 -0.7447560547 +0.0004047826 +0.5579385597 +0.0006048274 +0.9678304289 +0.3276978729 +0.0201000757
+3.3000000000 +0.0689666016 +0.0003651448 -0.0010779297 +0.0006091734 +0.0074230068 +0.0000732548 +0.0001624262 +0.0000036936 -0.7137695312 +0.0003940570 +0.5125725616 +0.0005647355 +0.8274586188 +0.2920250445 +0.0174034974
+3.4000000000 +0.0651025391 +0.0003460655 -0.0005833984 +0.0005759005 +0.0066335678 +0.0000658147 +0.0001306357 +0.0000029592 -0.6857376953 +0.0003902723 +0.4732824364 +0.0005367605 +0.7213860797 +0.2698407949 +0.0104309342
+3.5000000000 +0.0615873047 +0.0003265062 -0.0006675781 +0.0005442737 +0.0059251225 +0.0000584988 +0.0001035492 +0.0000023465 -0.6603759766 +0.0003852986 +0.4390655312 +0.0005110720 +0.6237992530 +0.2481925841 +0.0168247469
+3.6000000000 +0.0587042969 +0.0003123409 -0.0005150391 +0.0005194741 +0.0053973312 +0.0000540247 +0.0000875045 +0.0000021081 -0.6365640625 +0.0003818312 +0.4081297073 +0.0004884600 +0.5549900135 +0.2303922307 -0.0012690364
+3.7000000000 +0.0570417969 +0.0003041721 -0.0013775391 +0.0005050883 +0.0051041805 +0.0000506925 +0.0000774473 +0.0000017500 -0.6140351563 +0.0003761946 +0.3798696213 +0.0004636704 +0.5121145596 +0.2117150418 +0.0090930095
+3.8000000000 +0.0548095703 +0.0002931494 -0.0009242188 +0.0004858995 +0.0047228199 +0.0000470591 +0.0000665963 +0.0000015721 -0.5933302734 +0.0003731287 +0.3548253136 +0.0004447737 +0.4631527485 +0.1974604013 +0.0047641258
+3.9000000000 +0.0531257812 +0.0002833771 -0.0001242188 +0.0004705521 +0.0044284008 +0.0000440070 +0.0000583430 +0.0000013007 -0.5745455078 +0.0003675105 +0.3328038200 +0.0004247196 +0.4216916465 +0.1818612885 +0.0083151139
+4.0000000000 +0.0512838867 +0.0002748170 -0.0005831055 +0.0004549827 +0.0041405249 +0.0000413533 +0.0000513458 +0.0000011417 -0.5569189453 +0.0003658353 +0.3128354210 +0.0004095772 +0.3866848838 +0.1713093979 +0.0016733578
+4.1000000000 +0.0498183594 +0.0002667655 -0.0008843750 +0.0004418350 +0.0039051453 +0.0000392152 +0.0000460068 +0.0000011320 -0.5406857422 +0.0003641708 +0.2949934792 +0.0003952271 +0.3554719426 +0.1615743681 -0.0056023176
+4.2000000000 +0.0484981445 +0.0002599228 -0.0003639648 +0.0004302984 +0.0037032675 +0.0000374498 +0.0000417639 +0.0000010137 -0.5247972656 +0.0003623472 +0.2780380798 +0.0003824940 +0.3294348083 +0.1524337677 -0.0151010608
+4.3000000000 +0.0478634766 +0.0002520585 -0.0002626953 +0.0004219901 +0.0035615822 +0.0000347343 +0.0000368143 +0.0000008198 -0.5104359375 +0.0003593437 +0.2631274048 +0.0003683893 +0.3025967140 +0.1430254136 +0.0325932255
+4.4000000000 +0.0469246094 +0.0002490683 -0.0003650391 +0.0004148787 +0.0034426193 +0.0000340854 +0.0000350879 +0.0000008422 -0.4969240234 +0.0003548151 +0.2494513603 +0.0003547882 +0.2887448108 +0.1331768728 +0.0131342236
+4.5000000000 +0.0457019531 +0.0002448894 +0.0000941406 +0.0004054674 +0.0032880848 +0.0000327778 +0.0000322992 +0.0000007317 -0.4833044922 +0.0003520762 +0.2360623848 +0.0003414893 +0.2729338365 +0.1253655452 +0.0041718220
+4.6000000000 +0.0448203125 +0.0002380076 +0.0008173828 +0.0003963045 +0.0031418129 +0.0000310051 +0.0000290973 +0.0000006962 -0.4718263672 +0.0003534158 +0.2251181755 +0.0003352431 +0.2522050747 +0.1208888491 +0.0174135281
+4.7000000000 +0.0442644531 +0.0002343767 +0.0009404297 +0.0003909672 +0.0030579910 +0.0000302766 +0.0000276847 +0.0000006399 -0.4596404297 +0.0003504588 +0.2137257515 +0.0003238941 +0.2393652763 +0.1138696758 +0.0131606616
+4.8000000000 +0.0432622070 +0.0002314507 +0.0006110352 +0.0003835775 +0.0029430067 +0.0000291565 +0.0000256633 +0.0000005650 -0.4488121094 +0.0003502036 +0.2038851608 +0.0003162132 +0.2285628051 +0.1090156136 +0.0123354835
+4.9000000000 +0.0427557617 +0.0002286106 -0.0003088867 +0.0003790261 +0.0028733114 +0.0000286221 +0.0000246404 +0.0000005496 -0.4380169922 +0.0003471100 +0.1942685921 +0.0003057679 +0.2184372274 +0.1027713280 +0.0051420608
+5.0000000000 +0.0421797852 +0.0002232139 +0.0003538086 +0.0003725250 +0.0027756231 +0.0000273057 +0.0000226161 +0.0000005092 -0.4283542969 +0.0003471932 +0.1858982666 +0.0002990066 +0.2040809175 +0.0987489464 +0.0214663431
