# T, am1a, am1e, m1a, m1e, m2a, m2e, m4a, m4e, e1a, e1e, e2a, e2e, susc, spec, bind
+0.5000000000 +1.0000000000 +0.0000000000 -0.0033000000 +0.0070710293 +1.0000000000 +0.0000000000 +1.0000000000 +0.0000000000 -2.0000000000 +0.0000000000 +4.0000000000 +0.0000000000 +0.0000000000 +0.0000000000 +0.6666666667
+0.6000000000 +1.0000000000 +0.0000000000 -0.0033000000 +0.0070710293 +1.0000000000 +0.0000000000 +1.0000000000 +0.0000000000 -2.0000000000 +0.0000000000 +4.0000000000 +0.0000000000 +0.0000000000 +0.0000000000 +0.6666666667
+0.7000000000 +0.9999500000 +0.0000353536 -0.0031000000 +0.0070707687 +0.9999250000 +0.0000530304 +0.9999062500 +0.0000662879 -1.9998000000 +0.0001414143 +3.9996000000 +0.0002828286 +0.0001428429 +0.0032649796 +0.6666479157
+0.8000000000 +0.9998250000 +0.0000749898 -0.0027750000 +0.0070702008 +0.9997625000 +0.0000976137 +0.9997156250 +0.0001161132 -1.9994000000 +0.0002449122 +3.9988000000 +0.0004898245 +0.0005623469 +0.0074977500 +0.6666031136
+0.9000000000 +0.9994000000 +0.0001457120 -0.0027500000 +0.0070683005 +0.9992250000 +0.0001793250 +0.9990937500 +0.0002078958 -1.9981000000 +0.0004356828 +3.9962000000 +0.0008713656 +0.0018872889 +0.0187476049 +0.6664519509
+1.0000000000 +0.9984750000 +0.0002329350 -0.0032750000 +0.0070640880 +0.9980375000 +0.0002855279 +0.9977093750 +0.0003303664 -1.9952000000 +0.0006919884 +3.9904000000 +0.0013839769 +0.0043406975 +0.0383078400 +0.6661210192
+1.1000000000 +0.9969500000 +0.0003328436 -0.0034500000 +0.0070573122 +0.9961250000 +0.0004025689 +0.9955062500 +0.0004626120 -1.9906000000 +0.0009672549 +3.9812000000 +0.0019345098 +0.0080570818 +0.0618566612 +0.6655778331
+1.2000000000 +0.9955750000 +0.0004073033 -0.0036750000 +0.0070515034 +0.9944875000 +0.0004830366 +0.9936718750 +0.0005492357 -1.9868000000 +0.0011451148 +3.9736000000 +0.0022902297 +0.0110597313 +0.0728493333 +0.6650938787
+1.3000000000 +0.9916250000 +0.0005541823 -0.0033250000 +0.0070336742 +0.9894625000 +0.0006634978 +0.9878406250 +0.0007584421 -1.9746000000 +0.0015835852 +3.9492000000 +0.0031671703 +0.0188995673 +0.1187096805 +0.6636689608
+1.4000000000 +0.9879750000 +0.0006724173 -0.0042250000 +0.0070182606 +0.9851375000 +0.0007909956 +0.9830093750 +0.0008954581 -1.9646000000 +0.0018647633 +3.9292000000 +0.0037295265 +0.0258368554 +0.1419323265 +0.6623686986
+1.5000000000 +0.9812750000 +0.0008211843 -0.0054750000 +0.0069869790 +0.9763875000 +0.0009846148 +0.9727218750 +0.0011266881 -1.9430000000 +0.0023531999 +3.8860000000 +0.0047063999 +0.0359649983 +0.1968906667 +0.6598871769
+1.6000000000 +0.9743250000 +0.0009527144 -0.0063750000 +0.0069549330 +0.9674625000 +0.0011474305 +0.9623156250 +0.0013163560 -1.9210000000 +0.0027618744 +3.8428000000 +0.0054958537 +0.0453832359 +0.2383734375 +0.6572890331
+1.7000000000 +0.9664750000 +0.0010940424 -0.0060750000 +0.0069208944 +0.9580125000 +0.0013014929 +0.9516656250 +0.0014834885 -1.8989000000 +0.0031046642 +3.7986000000 +0.0061848122 +0.0563260574 +0.2668218547 +0.6543625628
+1.8000000000 +0.9542250000 +0.0012770503 -0.0078750000 +0.0068669516 +0.9431625000 +0.0015051599 +0.9348656250 +0.0017073241 -1.8642000000 +0.0035577968 +3.7284000000 +0.0071155936 +0.0724825542 +0.3125411852 +0.6496881032
+1.9000000000 +0.9445000000 +0.0013949866 -0.0070500000 +0.0068225739 +0.9310000000 +0.0016449012 +0.9208750000 +0.0018668178 -1.8346000000 +0.0039053991 +3.6708000000 +0.0077731183 +0.0819363158 +0.3379976066 +0.6458558549
+2.0000000000 +0.9311000000 +0.0015435801 -0.0041000000 +0.0067623339 +0.9146000000 +0.0018128960 +0.9022250000 +0.0020536292 -1.7959000000 +0.0042880251 +3.5930000000 +0.0085508801 +0.0953055800 +0.3677431900 +0.6404732507
+2.1000000000 +0.9206500000 +0.0016382701 -0.0042000000 +0.0067128882 +0.9012750000 +0.0019293409 +0.8867437500 +0.0021896148 -1.7632000000 +0.0045821707 +3.5288000000 +0.0091180331 +0.1022449095 +0.3808850431 +0.6361166098
+2.2000000000 +0.9116500000 +0.0017149239 -0.0030500000 +0.0066705161 +0.8899250000 +0.0020207022 +0.8736312500 +0.0022946448 -1.7360000000 +0.0047953311 +3.4736000000 +0.0095616501 +0.1069441409 +0.3800859504 +0.6322945294
+2.3000000000 +0.8962750000 +0.0018320566 -0.0011250000 +0.0065971063 +0.8704375000 +0.0021609944 +0.8510593750 +0.0024566405 -1.6875000000 +0.0051678997 +3.3818000000 +0.0102240617 +0.1167454337 +0.4038894140 +0.6255762233
+2.4000000000 +0.8854250000 +0.0018978286 -0.0020750000 +0.0065422022 +0.8560125000 +0.0022493969 +0.8339531250 +0.0025649733 -1.6518000000 +0.0053886768 +3.3092000000 +0.0106911070 +0.1200584490 +0.4033033056 +0.6206324563
+2.5000000000 +0.8687500000 +0.0020239002 -0.0032500000 +0.0064677641 +0.8366500000 +0.0023726755 +0.8125750000 +0.0026904779 -1.6059000000 +0.0056819239 +3.2246000000 +0.0111811333 +0.1310775000 +0.4132385216 +0.6130502495
+2.6000000000 +0.8550250000 +0.0021005327 +0.0053750000 +0.0064003266 +0.8193125000 +0.0024622668 +0.7925281250 +0.0027933598 -1.5639000000 +0.0058958324 +3.1410000000 +0.0116149021 +0.1357611529 +0.4113708817 +0.6064551197
+2.7000000000 +0.8400750000 +0.0021790077 +0.0036750000 +0.0063272190 +0.8006875000 +0.0025499647 +0.7711468750 +0.0028917808 -1.5194000000 +0.0060951769 +3.0516000000 +0.0120294169 +0.1406836954 +0.4076947270 +0.5990504308
+2.8000000000 +0.8253500000 +0.0022593957 -0.0003500000 +0.0062581941 +0.7833000000 +0.0026287222 +0.7517625000 +0.0029728789 -1.4760000000 +0.0063222781 +2.9780000000 +0.0123359556 +0.1458533964 +0.4078693878 +0.5915836213
+2.9000000000 +0.8108750000 +0.0023172638 -0.0024750000 +0.0061842800 +0.7649125000 +0.0026958254 +0.7304406250 +0.0030506119 -1.4327000000 +0.0064558915 +2.8862000000 +0.0126780313 +0.1481299784 +0.3964664495 +0.5838593430
+3.0000000000 +0.7995500000 +0.0023605592 -0.0014500000 +0.0061266749 +0.7507250000 +0.0027433394 +0.7141062500 +0.0031041517 -1.3967000000 +0.0065993527 +2.8218000000 +0.0128931082 +0.1485930633 +0.3871240489 +0.5776428777
+3.1000000000 +0.7880750000 +0.0023976582 +0.0000250000 +0.0060664549 +0.7360375000 +0.0027861997 +0.6970093750 +0.0031542909 -1.3604000000 +0.0067101112 +2.7512000000 +0.0131066749 +0.1483552185 +0.3748228262 +0.5711380838
+3.2000000000 +0.7778750000 +0.0024364214 +0.0028750000 +0.0060158301 +0.7238125000 +0.0028227743 +0.6832656250 +0.0031917300 -1.3301000000 +0.0068140810 +2.6978000000 +0.0132534433 +0.1484037305 +0.3627476523 +0.5652734553
+3.3000000000 +0.7683750000 +0.0024633550 -0.0002250000 +0.0059655781 +0.7117625000 +0.0028521682 +0.6693031250 +0.0032254294 -1.2993000000 +0.0069080370 +2.6426000000 +0.0133922837 +0.1471058902 +0.3505673131 +0.5596161417
+3.4000000000 +0.7549750000 +0.0025079897 +0.0042750000 +0.0058981744 +0.6957875000 +0.0028920290 +0.6513968750 +0.0032650185 -1.2590000000 +0.0070346251 +2.5748000000 +0.0135454881 +0.1480002934 +0.3424633218 +0.5514909904
+3.5000000000 +0.7415000000 +0.0025226747 +0.0106500000 +0.0058180176 +0.6771000000 +0.0029183522 +0.6288000000 +0.0033039129 -1.2143000000 +0.0070656759 +2.4730000000 +0.0137409443 +0.1454602857 +0.3260328196 +0.5428216554
+3.6000000000 +0.7326250000 +0.0025509617 +0.0130250000 +0.0057737243 +0.6668875000 +0.0029397741 +0.6175843750 +0.0033223989 -1.1880000000 +0.0071479228 +2.4332000000 +0.0138064075 +0.1446090104 +0.3153876543 +0.5371184286
+3.7000000000 +0.7189500000 +0.0025890239 +0.0057500000 +0.0057048967 +0.6509500000 +0.0029682832 +0.5999500000 +0.0033471816 -1.1502000000 +0.0072119344 +2.3632000000 +0.0139069870 +0.1449307000 +0.3039415515 +0.5280472291
+3.8000000000 +0.7114000000 +0.0026020188 +0.0059000000 +0.0056633258 +0.6415000000 +0.0029795365 +0.5890750000 +0.0033591876 -1.1248000000 +0.0072733244 +2.3232000000 +0.0139562562 +0.1425368842 +0.2930817064 +0.5228488051
+3.9000000000 +0.7022750000 +0.0026277112 +0.0015750000 +0.0056182071 +0.6312875000 +0.0029960221 +0.5780468750 +0.0033709864 -1.1021000000 +0.0072923782 +2.2782000000 +0.0140046506 +0.1416382814 +0.2797042972 +0.5165100814
+4.0000000000 +0.6930500000 +0.0026344515 -0.0007500000 +0.0055638316 +0.6191250000 +0.0030030442 +0.5636812500 +0.0033809653 -1.0697000000 +0.0073414641 +2.2222000000 +0.0140545849 +0.1388066975 +0.2694854775 +0.5098199269
+4.1000000000 +0.6862500000 +0.0026453822 -0.0011000000 +0.0055267476 +0.6109000000 +0.0030098894 +0.5543875000 +0.0033866048 -1.0497000000 +0.0073591097 +2.1850000000 +0.0140815038 +0.1365472561 +0.2577346603 +0.5048327369
+4.2000000000 +0.6730000000 +0.0026631372 +0.0007500000 +0.0054533221 +0.5947750000 +0.0030195111 +0.5361062500 +0.0033938353 -1.0068000000 +0.0074335515 +2.1188000000 +0.0141171643 +0.1350914286 +0.2506017596 +0.4948455254
+4.3000000000 +0.6701250000 +0.0026722648 -0.0043750000 +0.0054399833 +0.5918875000 +0.0030238929 +0.5332093750 +0.0033952925 -1.0041000000 +0.0073918306 +2.1010000000 +0.0141240911 +0.1328557994 +0.2364052331 +0.4926610737
+4.4000000000 +0.6617750000 +0.0026703591 +0.0039750000 +0.0053877022 +0.5805625000 +0.0030215915 +0.5196531250 +0.0033954350 -0.9728000000 +0.0074258338 +2.0492000000 +0.0141378558 +0.1296512267 +0.2278636694 +0.4860814095
+4.5000000000 +0.6491000000 +0.0026960081 +0.0062000000 +0.0053228825 +0.5667000000 +0.0030310981 +0.5049000000 +0.0033960528 -0.9432000000 +0.0074107144 +1.9880000000 +0.0141418811 +0.1292170578 +0.2169627180 +0.4759440084
+4.6000000000 +0.6452000000 +0.0026897208 +0.0030500000 +0.0052960631 +0.5609750000 +0.0030258329 +0.4978062500 +0.0033930440 -0.9219000000 +0.0074843182 +1.9702000000 +0.0141405657 +0.1258190957 +0.2117770113 +0.4727069153
+4.7000000000 +0.6409250000 +0.0026967818 +0.0057250000 +0.0052735411 +0.5562375000 +0.0030275544 +0.4927218750 +0.0033918903 -0.9116000000 +0.0074772503 +1.9492000000 +0.0141375729 +0.1237894846 +0.2024781240 +0.4691643763
+4.8000000000 +0.6343000000 +0.0026850373 +0.0010000000 +0.0052274468 +0.5465250000 +0.0030166552 +0.4806937500 +0.0033841912 -0.8860000000 +0.0074599062 +1.8980000000 +0.0141237318 +0.1201570917 +0.1932298611 +0.4635525874
+4.9000000000 +0.6315750000 +0.0026818885 +0.0030750000 +0.0052092612 +0.5427375000 +0.0030128507 +0.4761093750 +0.0033808871 -0.8754000000 +0.0074634940 +1.8804000000 +0.0141168266 +0.1174289954 +0.1856018059 +0.4612270057
+5.0000000000 +0.6209750000 +0.0026879597 +0.0019250000 +0.0051483434 +0.5301125000 +0.0030078760 +0.4619656250 +0.0033708863 -0.8456000000 +0.0074423136 +1.8228000000 +0.0140865187 +0.1156020395 +0.1772417024 +0.4520356355
