# T, am1a, am1e, m1a, m1e, m2a, m2e, m4a, m4e, e1a, e1e, e2a, e2e, susc, spec, bind
+0.5000000000 +0.9999997070 +0.0000001691 -0.3335997070 +0.0066659982 +0.9999994146 +0.0000003379 +0.9999988316 +0.0000006746 -1.9999988281 +0.0000006765 +3.9999953217 +0.0000027008 +0.0000011717 +0.0000374944 +0.6666666659
+0.6000000000 +0.9999975586 +0.0000004880 -0.3340991211 +0.0066647314 +0.9999951220 +0.0000009750 +0.9999902629 +0.0000019462 -1.9999902344 +0.0000019519 +3.9999610138 +0.0000077924 +0.0000081278 +0.0002167426 +0.6666666603
+0.7000000000 +0.9999801758 +0.0000014048 -0.3350924805 +0.0066621071 +0.9999603914 +0.0000028067 +0.9999209420 +0.0000056019 -1.9999210938 +0.0000055718 +3.9996850021 +0.0000222425 +0.0000577398 +0.0012975753 +0.6666666141
+0.8000000000 +0.9999094727 +0.0000030509 -0.3380686523 +0.0066540541 +0.9998191397 +0.0000060947 +0.9996390550 +0.0000121610 -1.9996410156 +0.0000120162 +3.9985670792 +0.0000479579 +0.0002382894 +0.0046204685 +0.6666664189
+0.9000000000 +0.9997171875 +0.0000053761 -0.3350085938 +0.0066603464 +0.9994350330 +0.0000107377 +0.9988726912 +0.0000214173 -1.9988824219 +0.0000210475 +3.9955397964 +0.0000839749 +0.0006576951 +0.0112007483 +0.6666658971
+1.0000000000 +0.9992800781 +0.0000086594 -0.3318595703 +0.0066649509 +0.9985621742 +0.0000172870 +0.9971323926 +0.0000344476 -1.9971759766 +0.0000334742 +3.9887342918 +0.0001334412 +0.0015356798 +0.0229483328 +0.6666646687
+1.1000000000 +0.9984523438 +0.0000130991 -0.3289816406 +0.0066658893 +0.9969105145 +0.0000261232 +0.9938442223 +0.0000519492 -1.9940042969 +0.0000493711 +3.9761018860 +0.0001964767 +0.0031946102 +0.0412562240 +0.6666620889
+1.2000000000 +0.9970112305 +0.0000186505 -0.3169100586 +0.0066843338 +0.9940383505 +0.0000371375 +0.9881398262 +0.0000736286 -1.9885519531 +0.0000690434 +3.9544342102 +0.0002739995 +0.0059364744 +0.0677972820 +0.6666573614
+1.3000000000 +0.9947603516 +0.0000255136 -0.3126537109 +0.0066776075 +0.9895611759 +0.0000506797 +0.9792826895 +0.0000999906 -1.9802363281 +0.0000913994 +3.9215029922 +0.0003612177 +0.0102548699 +0.1012348350 +0.6666491806
+1.4000000000 +0.9913184570 +0.0000340367 -0.3157887695 +0.0066445952 +0.9827354532 +0.0000673484 +0.9658596872 +0.0001318608 -1.9678447266 +0.0001173594 +3.8726883324 +0.0004608283 +0.0169471805 +0.1439161506 +0.6666353562
+1.5000000000 +0.9864064453 +0.0000445595 -0.3213429688 +0.0065946042 +0.9730373863 +0.0000877124 +0.9469556245 +0.0001699675 -1.9508470703 +0.0001468412 +3.8062355385 +0.0005716548 +0.0271093541 +0.1962651811 +0.6666124951
+1.6000000000 +0.9796940430 +0.0000576632 -0.3257905273 +0.0065334809 +0.9598669188 +0.0001126389 +0.9215982524 +0.0002149842 -1.9284181641 +0.0001800583 +3.7194450356 +0.0006925357 +0.0425605927 +0.2593680267 +0.6665748622
+1.7000000000 +0.9700037109 +0.0000757899 -0.3201705078 +0.0064750016 +0.9410220814 +0.0001464690 +0.8859516212 +0.0002737057 -1.8979525391 +0.0002196810 +3.6031890358 +0.0008317953 +0.0691995965 +0.3419930622 +0.6665051562
+1.8000000000 +0.9568301758 +0.0000993837 -0.3262182617 +0.0063612230 +0.9157215277 +0.0001891105 +0.8392611721 +0.0003427964 -1.8591605469 +0.0002616813 +3.4578474808 +0.0009704916 +0.1123796686 +0.4328428144 +0.6663823428
+1.9000000000 +0.9383026367 +0.0001344420 -0.3333442383 +0.0062034464 +0.8807733309 +0.0002500901 +0.7770125620 +0.0004338449 -1.8091425781 +0.0003150351 +3.2749818100 +0.0011359849 +0.1948255964 +0.5630417233 +0.6661291727
+2.0000000000 +0.9113508789 +0.0001908645 -0.3362903320 +0.0059924862 +0.8312890093 +0.0003424043 +0.6933862315 +0.0005544607 -1.7454966797 +0.0003712578 +3.0495153053 +0.0012909943 +0.3730354185 +0.7057015112 +0.6655356131
+2.1000000000 +0.8676606445 +0.0003385368 -0.3033428711 +0.0057580823 +0.7551271376 +0.0005522196 +0.5763159240 +0.0007699502 -1.6616089844 +0.0004659174 +2.7652859970 +0.0015400098 +1.1176928291 +1.0081129195 +0.6631013981
+2.2000000000 +0.7815916992 +0.0007296069 -0.2613383789 +0.0052594409 +0.6215321096 +0.0009681817 +0.4050496813 +0.0010352055 -1.5461412109 +0.0005834427 +2.3973607521 +0.0017908897 +4.9554736195 +1.4403930862 +0.6504897636
+2.3000000000 +0.5473521484 +0.0015322148 -0.0693599609 +0.0041336256 +0.3465480213 +0.0014402178 +0.1615800748 +0.0009912233 -1.3708064453 +0.0007034305 +1.8890065987 +0.0019333989 +20.9045801928 +1.9156519979 +0.5515234877
+2.4000000000 +0.3099592773 +0.0013721198 -0.0037899414 +0.0025856783 +0.1337290064 +0.0009593953 +0.0362922344 +0.0004295232 -1.2131248047 +0.0005968963 +1.4787974953 +0.0014629899 +16.0658145171 +1.2667917372 +0.3235414087
+2.5000000000 +0.1989621094 +0.0009964639 -0.0074560547 +0.0017232112 +0.0594447289 +0.0005255502 +0.0090577359 +0.0001529087 -1.1072414063 +0.0005206437 +1.2314049286 +0.0011606318 +8.1341677094 +0.8882416639 +0.1455794227
+2.6000000000 +0.1493152344 +0.0007734896 -0.0075115234 +0.0013077527 +0.0342607639 +0.0003231437 +0.0032622376 +0.0000635578 -1.0279759766 +0.0004873077 +1.0614839836 +0.0010064033 +4.7126546569 +0.7194319864 +0.0735963751
+2.7000000000 +0.1216132812 +0.0006399661 -0.0055384766 +0.0010712200 +0.0229809216 +0.0002204841 +0.0015003875 +0.0000303822 -0.9631345703 +0.0004604278 +0.9318680748 +0.0008905206 +3.1065624190 +0.5955598422 +0.0530058567
+2.8000000000 +0.1047144531 +0.0005585348 -0.0028705078 +0.0009272567 +0.0172043400 +0.0001689409 +0.0008668099 +0.0000181403 -0.9082673828 +0.0004447400 +0.8289055122 +0.0008117555 +2.2817730881 +0.5166855257 +0.0238275290
+2.9000000000 +0.0935206055 +0.0004996696 -0.0014073242 +0.0008287797 +0.0137394972 +0.0001363944 +0.0005608424 +0.0000126652 -0.8594425781 +0.0004296571 +0.7423336502 +0.0007415015 +1.7631844767 +0.4495500162 +0.0096746008
+3.0000000000 +0.0848375000 +0.0004526270 -0.0017841797 +0.0007513868 +0.0112948254 +0.0001125261 +0.0003808156 +0.0000087887 -0.8165767578 +0.0004210396 +0.6703430885 +0.0006905090 +1.3985873773 +0.4033976470 +0.0049738805
+3.1000000000 +0.0774036133 +0.0004135442 -0.0012120117 +0.0006859383 +0.0094116949 +0.0000945610 +0.0002674155 +0.0000062028 -0.7791517578 +0.0004146601 +0.6105163216 +0.0006490191 +1.1298272815 +0.3664300206 -0.0063050447
+3.2000000000 +0.0722270508 +0.0003877601 -0.0016967773 +0.0006411328 +0.0082239042 +0.0000838310 +0.0002081855 +0.0000050873 -0.7450888672 +0.0004040191 +0.5584220482 +0.0006044954 +0.9622903564 +0.3264628181 -0.0260608031
+3.3000000000 +0.0681300781 +0.0003643197 -0.0011591797 +0.0006039429 +0.0072962841 +0.0000728886 +0.0001594907 +0.0000036716 -0.7137681641 +0.0003971381 +0.5126193657 +0.0005686783 +0.8237231501 +0.2966096080 +0.0013561484
+3.4000000000 +0.0643894531 +0.0003449139 +0.0000255859 +0.0005711967 +0.0065253143 +0.0000648446 +0.0001266760 +0.0000028409 -0.6852810547 +0.0003940640 +0.4727158531 +0.0005423645 +0.7165929886 +0.2751095767 +0.0083227418
+3.5000000000 +0.0612507812 +0.0003248638 +0.0000564453 +0.0005414049 +0.0058623882 +0.0000578420 +0.0001012816 +0.0000022868 -0.6598755859 +0.0003878494 +0.4384443321 +0.0005140106 +0.6175392989 +0.2514896525 +0.0176637700
+3.6000000000 +0.0586786133 +0.0003096718 +0.0002325195 +0.0005177383 +0.0053611120 +0.0000524880 +0.0000838412 +0.0000019200 -0.6357867188 +0.0003791864 +0.4071003983 +0.0004842704 +0.5455452063 +0.2272115765 +0.0276409727
+3.7000000000 +0.0566358398 +0.0003028427 +0.0005229492 +0.0005020766 +0.0050418924 +0.0000499353 +0.0000752915 +0.0000016384 -0.6140685547 +0.0003762923 +0.3799121071 +0.0004646344 +0.5076477449 +0.2118249265 +0.0127268781
+3.8000000000 +0.0543185547 +0.0002896965 -0.0002097656 +0.0004810896 +0.0046289871 +0.0000462161 +0.0000641462 +0.0000015052 -0.5941593750 +0.0003734142 +0.3558141266 +0.0004452763 +0.4523066579 +0.1977627434 +0.0021219888
+3.9000000000 +0.0527890625 +0.0002830072 -0.0003464844 +0.0004684243 +0.0043885464 +0.0000443875 +0.0000586643 +0.0000014159 -0.5745642578 +0.0003692203 +0.3328505592 +0.0004259553 +0.4205912620 +0.1835574114 -0.0153388954
+4.0000000000 +0.0519456055 +0.0002755991 +0.0001604492 +0.0004592068 +0.0042174437 +0.0000418375 +0.0000527943 +0.0000011847 -0.5571408203 +0.0003668006 +0.3130967476 +0.0004105289 +0.3888890187 +0.1722146516 +0.0106104779
+4.1000000000 +0.0502757812 +0.0002693742 -0.0004042969 +0.0004460235 +0.0039789036 +0.0000395605 +0.0000471323 +0.0000010327 -0.5402587891 +0.0003634920 +0.2945220879 +0.0003944074 +0.3624583866 +0.1609725990 +0.0076367464
+4.2000000000 +0.0490076172 +0.0002619537 +0.0002160156 +0.0004344016 +0.0037741417 +0.0000375515 +0.0000424464 +0.0000009444 -0.5244382813 +0.0003609685 +0.2776414764 +0.0003804927 +0.3346030082 +0.1512760076 +0.0066929258
+4.3000000000 +0.0476914062 +0.0002547783 +0.0001861328 +0.0004226509 +0.0035727097 +0.0000354359 +0.0000378782 +0.0000008353 -0.5105601562 +0.0003589713 +0.2632488815 +0.0003683892 +0.3091621330 +0.1427291175 +0.0108249470
+4.4000000000 +0.0468629883 +0.0002488131 -0.0001116211 +0.0004143842 +0.0034342985 +0.0000340776 +0.0000350201 +0.0000007933 -0.4970748047 +0.0003533812 +0.2495809273 +0.0003522399 +0.2881533311 +0.1321026550 +0.0102622894
+4.5000000000 +0.0459221680 +0.0002452549 -0.0002500977 +0.0004069264 +0.0033118448 +0.0000329220 +0.0000326455 +0.0000007233 -0.4833195312 +0.0003543755 +0.2361094086 +0.0003445692 +0.2737491774 +0.1270083271 +0.0078855042
+4.6000000000 +0.0450161133 +0.0002385854 -0.0001586914 +0.0003977993 +0.0031649103 +0.0000312322 +0.0000295256 +0.0000006733 -0.4720357422 +0.0003530222 +0.2253102348 +0.0003345502 +0.2534310648 +0.1206196957 +0.0174497885
+4.7000000000 +0.0438959961 +0.0002376006 -0.0001543945 +0.0003908910 +0.0030559393 +0.0000309604 +0.0000285097 +0.0000006749 -0.4597361328 +0.0003501512 +0.2138094292 +0.0003241995 +0.2459954807 +0.1136699037 -0.0176106772
+4.8000000000 +0.0434124023 +0.0002315015 -0.0002823242 +0.0003844747 +0.0029564959 +0.0000296258 +0.0000262946 +0.0000005988 -0.4482361328 +0.0003476117 +0.2033323082 +0.0003129454 +0.2286632917 +0.1074078861 -0.0027447357
+4.9000000000 +0.0426422852 +0.0002287544 -0.0001165039 +0.0003784787 +0.0028649363 +0.0000287160 +0.0000247001 +0.0000005660 -0.4385013672 +0.0003469461 +0.1946908806 +0.0003056793 +0.2187121420 +0.1026742989 -0.0031068628
+5.0000000000 +0.0420383789 +0.0002244892 -0.0003657227 +0.0003724916 +0.0027751329 +0.0000277163 +0.0000230652 +0.0000005304 -0.4288349609 +0.0003462856 +0.1862976982 +0.0002979846 +0.2064194849 +0.0982333231 +0.0016833881
