# T, am1a, am1e, m1a, m1e, m2a, m2e, m4a, m4e, e1a, e1e, e2a, e2e, susc, spec, bind
+0.5000000000 +0.9999937500 +0.0000062498 +0.0188062500 +0.0070697758 +0.9999882813 +0.0000117185 +0.9999793091 +0.0000206904 -1.9999750000 +0.0000249994 +3.9999125000 +0.0000874978 +0.0000249987 +0.0007999600 +0.6666657512
+0.6000000000 +0.9999750000 +0.0000124987 +0.0190875000 +0.0070696138 +0.9999531250 +0.0000234352 +0.9999172363 +0.0000413777 -1.9999000000 +0.0000499950 +3.9996500000 +0.0001749825 +0.0000833167 +0.0022217778 +0.6666630049
+0.7000000000 +0.9999812500 +0.0000108245 +0.0188062500 +0.0070696930 +0.9999648438 +0.0000202959 +0.9999379272 +0.0000358350 -1.9999250000 +0.0000432980 +3.9997375000 +0.0001515431 +0.0000535634 +0.0012243061 +0.6666639203
+0.8000000000 +0.9999125000 +0.0000233772 +0.0187875000 +0.0070692396 +0.9998359375 +0.0000438322 +0.9997103271 +0.0000773912 -1.9996500000 +0.0000935087 +3.9987750000 +0.0003272804 +0.0002185969 +0.0043719375 +0.6666538541
+0.9000000000 +0.9998000000 +0.0000364160 +0.0186625000 +0.0070685157 +0.9996265625 +0.0000677600 +0.9993450928 +0.0001182803 -1.9992125000 +0.0001418635 +3.9972531250 +0.0004941293 +0.0004715111 +0.0079507130 +0.6666360344
+1.0000000000 +0.9992750000 +0.0000688429 +0.0179250000 +0.0070651398 +0.9986453125 +0.0001282575 +0.9976214600 +0.0002243088 -1.9971375000 +0.0002693679 +3.9900093750 +0.0009390194 +0.0015165900 +0.0232188975 +0.6665567023
+1.1000000000 +0.9983750000 +0.0001054418 +0.0182000000 +0.0070591917 +0.9969750000 +0.0001951974 +0.9947211914 +0.0003380602 -1.9936375000 +0.0004073631 +3.9779093750 +0.0014080976 +0.0032343182 +0.0438861963 +0.6664111093
+1.2000000000 +0.9970562500 +0.0001452245 +0.0187562500 +0.0070505006 +0.9945429688 +0.0002667525 +0.9905388550 +0.0004569428 -1.9886500000 +0.0005469770 +3.9607125000 +0.0018821147 +0.0056240411 +0.0664853056 +0.6661870671
+1.3000000000 +0.9942187500 +0.0002229261 +0.0196687500 +0.0070323466 +0.9894648437 +0.0003884272 +0.9820581909 +0.0006402781 -1.9785375000 +0.0007631755 +3.9262593750 +0.0025935129 +0.0122328726 +0.1102838920 +0.6656392957
+1.4000000000 +0.9914562500 +0.0002700959 +0.0182687500 +0.0070146660 +0.9844445312 +0.0004742790 +0.9736298462 +0.0007778654 -1.9683500000 +0.0009338637 +3.8918437500 +0.0031443610 +0.0166746924 +0.1423838980 +0.6651192973
+1.5000000000 +0.9861062500 +0.0003760357 +0.0149937500 +0.0069821515 +0.9752335937 +0.0006233256 +0.9588512573 +0.0009816730 -1.9503375000 +0.0011920153 +3.8322343750 +0.0039320287 +0.0301659463 +0.2020836344 +0.6639432048
+1.6000000000 +0.9790437500 +0.0004885753 +0.0149562500 +0.0069392978 +0.9633007812 +0.0007819499 +0.9401773071 +0.0011984125 -1.9280375000 +0.0014506382 +3.7594156250 +0.0047169606 +0.0477411684 +0.2630438975 +0.6622738534
+1.7000000000 +0.9692000000 +0.0006137023 +0.0118875000 +0.0068801887 +0.9468812500 +0.0009603118 +0.9150280762 +0.0014298725 -1.8967250000 +0.0017660411 +3.6599437500 +0.0055967643 +0.0708951529 +0.3453454637 +0.6598095391
+1.8000000000 +0.9576375000 +0.0007504409 +0.0088750000 +0.0068126869 +0.9283328125 +0.0011383404 +0.8877181885 +0.0016420619 -1.8627000000 +0.0020496794 +3.5536750000 +0.0063736068 +0.1001176097 +0.4149319012 +0.6566425608
+1.9000000000 +0.9398625000 +0.0009270428 +0.0067125000 +0.0067100098 +0.9005296875 +0.0013577112 +0.8478213135 +0.0018917484 -1.8121375000 +0.0024051851 +3.3995406250 +0.0072808084 +0.1447424724 +0.5127902763 +0.6515126595
+2.0000000000 +0.9185687500 +0.0011137503 +0.0081437500 +0.0065898066 +0.8685773437 +0.0015760537 +0.8041055054 +0.0021157909 -1.7549500000 +0.0027517653 +3.2312937500 +0.0080926655 +0.1984703622 +0.6057769900 +0.6447167057
+2.1000000000 +0.8942250000 +0.0012963427 +0.0117375000 +0.0064541098 +0.8332484375 +0.0017767562 +0.7574402100 +0.0023058126 -1.6922000000 +0.0030714138 +3.0522125000 +0.0087761429 +0.2560768524 +0.6845230295 +0.6363546102
+2.2000000000 +0.8657437500 +0.0014631320 +0.0077062500 +0.0062939175 +0.7923273438 +0.0019677774 +0.7052255737 +0.0024806405 -1.6203250000 +0.0033794185 +2.8538625000 +0.0094012323 +0.3113825679 +0.7550723781 +0.6255468312
+2.3000000000 +0.8331687500 +0.0016229938 +0.0095562500 +0.0061104870 +0.7468523437 +0.0021278335 +0.6483419312 +0.0026060590 -1.5405500000 +0.0036364436 +2.6377687500 +0.0098472609 +0.3664847149 +0.7999227146 +0.6125520574
+2.4000000000 +0.8001687500 +0.0017520230 +0.0066562500 +0.0059229107 +0.7016617188 +0.0022486777 +0.5934601929 +0.0026805767 -1.4617125000 +0.0038279789 +2.4296718750 +0.0101000190 +0.4092779352 +0.8140790065 +0.5981955218
+2.5000000000 +0.7665375000 +0.0018613454 +0.0080375000 +0.0057306512 +0.6568718750 +0.0023351525 +0.5405394043 +0.0027121456 -1.3818500000 +0.0039791446 +2.2261812500 +0.0102131910 +0.4434696710 +0.8106798784 +0.5824151160
+2.6000000000 +0.7304312500 +0.0019663462 +0.0071437500 +0.0055263420 +0.6108601563 +0.0024066997 +0.4889942017 +0.0027256154 -1.3034250000 +0.0040876461 +2.0330937500 +0.0102454690 +0.4758790478 +0.7909515251 +0.5631836789
+2.7000000000 +0.6954937500 +0.0020392076 +0.0049187500 +0.0053237896 +0.5668789063 +0.0024386283 +0.4402898560 +0.0026807585 -1.2245500000 +0.0041558456 +1.8449437500 +0.0100767197 +0.4928435553 +0.7581257558 +0.5432938805
+2.8000000000 +0.6606062500 +0.0020614601 -0.0012937500 +0.0051058363 +0.5213929687 +0.0024195139 +0.3889315796 +0.0026052009 -1.1448000000 +0.0041378313 +1.6530000000 +0.0097785349 +0.4856705783 +0.6988427755 +0.5231062702
+2.9000000000 +0.6293625000 +0.0020896662 -0.0021000000 +0.0049164359 +0.4834312500 +0.0024038522 +0.3492758789 +0.0025234389 -1.0731375000 +0.0041460314 +1.4954156250 +0.0094980721 +0.4818432750 +0.6540623659 +0.5018296243
+3.0000000000 +0.6018375000 +0.0021115871 -0.0030250000 +0.0047506590 +0.4513843750 +0.0023806024 +0.3170932129 +0.0024550200 -1.0171875000 +0.0041252361 +1.3750218750 +0.0092503901 +0.4756053258 +0.6050692708 +0.4812326336
+3.1000000000 +0.5734812500 +0.0021191247 -0.0071937500 +0.0045751655 +0.4186945313 +0.0023438800 +0.2851805786 +0.0023597217 -0.9579625000 +0.0040752590 +1.2498468750 +0.0088911379 +0.4635550304 +0.5530151485 +0.4577443145
+3.2000000000 +0.5504875000 +0.0020999748 -0.0067500000 +0.0044226056 +0.3912343750 +0.0022820287 +0.2572174316 +0.0022501366 -0.9087375000 +0.0039905703 +1.1442968750 +0.0084808450 +0.4409894367 +0.4976453611 +0.4398489810
+3.3000000000 +0.5294687500 +0.0020885611 -0.0069312500 +0.0042867870 +0.3675789063 +0.0022298700 +0.2345606567 +0.0021528409 -0.8626625000 +0.0039219991 +1.0518281250 +0.0081279561 +0.4229902983 +0.4519985838 +0.4213276228
+3.4000000000 +0.5055375000 +0.0020654028 -0.0055250000 +0.0041282891 +0.3408859375 +0.0021678011 +0.2101904541 +0.0020562632 -0.8128250000 +0.0038637936 +0.9592625000 +0.0077765367 +0.4014954051 +0.4132567742 +0.3970607418
+3.5000000000 +0.4919812500 +0.0020436706 -0.0074187500 +0.0040343668 +0.3255773438 +0.0021146227 +0.1954331909 +0.0019701590 -0.7836250000 +0.0037837274 +0.9004000000 +0.0074642617 +0.3818596270 +0.3739844694 +0.3854337351
+3.6000000000 +0.4726000000 +0.0020185568 -0.0059750000 +0.0039038858 +0.3048421875 +0.0020501510 +0.1769911377 +0.0018706148 -0.7422250000 +0.0037119035 +0.8264625000 +0.0071003974 +0.3621841222 +0.3402031474 +0.3651368386
+3.7000000000 +0.4581062500 +0.0019979725 -0.0069062500 +0.0038055980 +0.2896992187 +0.0020027969 +0.1641495483 +0.0018000423 -0.7108375000 +0.0036768749 +0.7756781250 +0.0068527460 +0.3452448971 +0.3160124746 +0.3480357392
+3.8000000000 +0.4448500000 +0.0019746722 -0.0067750000 +0.0037137059 +0.2758781250 +0.0019554892 +0.1525875000 +0.0017294024 -0.6828000000 +0.0036151360 +0.7276000000 +0.0065975367 +0.3283646421 +0.2896223380 +0.3317127560
+3.9000000000 +0.4292500000 +0.0019367023 -0.0040250000 +0.0036003866 +0.2592718750 +0.0018815299 +0.1380250000 +0.0016251642 -0.6493125000 +0.0035190297 +0.6692781250 +0.0062120087 +0.3077592308 +0.2605353345 +0.3155752843
+4.0000000000 +0.4185750000 +0.0019063582 -0.0020125000 +0.0035205469 +0.2478890625 +0.0018300746 +0.1284324463 +0.0015608782 -0.6267125000 +0.0034637196 +0.6327156250 +0.0059786863 +0.2907361275 +0.2399470673 +0.3033112944
+4.1000000000 +0.4067625000 +0.0018843171 -0.0018000000 +0.0034384990 +0.2364687500 +0.0017739022 +0.1188520508 +0.0014784558 -0.5999875000 +0.0033948905 +0.5904906250 +0.0056843704 +0.2771239750 +0.2193985721 +0.2915031661
+4.2000000000 +0.3994562500 +0.0018726175 -0.0020312500 +0.0033889164 +0.2296992187 +0.0017440303 +0.1135945679 +0.0014331627 -0.5830250000 +0.0033533144 +0.5648125000 +0.0054994679 +0.2671768499 +0.2039858044 +0.2823424256
+4.3000000000 +0.3873875000 +0.0018414666 -0.0025875000 +0.0033006239 +0.2178890625 +0.0016940046 +0.1048686768 +0.0013772208 -0.5592250000 +0.0032995636 +0.5304750000 +0.0053043328 +0.2523534413 +0.1884195992 +0.2637019118
+4.4000000000 +0.3775250000 +0.0018185442 -0.0029750000 +0.0032300026 +0.2086671875 +0.0016529097 +0.0981842041 +0.0013244375 -0.5384250000 +0.0032539766 +0.5016687500 +0.0051178339 +0.2405165886 +0.1750142722 +0.2483562609
+4.5000000000 +0.3714250000 +0.0018000612 +0.0024375000 +0.0031839833 +0.2027609375 +0.0016199974 +0.0935998291 +0.0012796325 -0.5242500000 +0.0032319649 +0.4837500000 +0.0049614569 +0.2304156689 +0.1650662222 +0.2410988344
+4.6000000000 +0.3673750000 +0.0017735423 -0.0006625000 +0.0031454173 +0.1978734375 +0.0015759272 +0.0888248291 +0.0012206979 -0.5097625000 +0.0031795367 +0.4620468750 +0.0047450755 +0.2188140761 +0.1528839838 +0.2437974651
+4.7000000000 +0.3583125000 +0.0017578346 -0.0013750000 +0.0030837121 +0.1901875000 +0.0015503497 +0.0842429687 +0.0012004103 -0.4950625000 +0.0031530045 +0.4439156250 +0.0046712387 +0.2103817952 +0.1440135780 +0.2236662462
+4.8000000000 +0.3524812500 +0.0017284829 +0.0011562500 +0.0030331070 +0.1839960938 +0.0015011359 +0.0789227417 +0.0011261826 -0.4777375000 +0.0031066562 +0.4212593750 +0.0043927526 +0.1991768738 +0.1340460112 +0.2229236294
+4.9000000000 +0.3479562500 +0.0017275440 -0.0009812500 +0.0030063329 +0.1807617187 +0.0014943504 +0.0773364624 +0.0011233850 -0.4720625000 +0.0030998800 +0.4150281250 +0.0043821654 +0.1949001366 +0.1280700515 +0.2110488322
+5.0000000000 +0.3441500000 +0.0017024545 +0.0000625000 +0.0029699011 +0.1764062500 +0.0014613991 +0.0738329102 +0.0010838569 -0.4577750000 +0.0030619504 +0.3970687500 +0.0042479090 +0.1854944880 +0.1200069116 +0.2091378409
