# T, am1a, am1e, m1a, m1e, m2a, m2e, m4a, m4e, e1a, e1e, e2a, e2e, susc, spec, bind
+0.5000000000 +0.9999984375 +0.0000015625 +0.0574015625 +0.0070593979 +0.9999969238 +0.0000030761 +0.9999940369 +0.0000059629 -1.9999937500 +0.0000062498 +3.9999757812 +0.0000242181 +0.0000062497 +0.0001999900 +0.6666666036
+0.6000000000 +0.9999906250 +0.0000038268 +0.0575000000 +0.0070593034 +0.9999815430 +0.0000075339 +0.9999642215 +0.0000146043 -1.9999625000 +0.0000153070 +3.9998546875 +0.0000593147 +0.0000312406 +0.0008330833 +0.6666662883
+0.7000000000 +0.9999750000 +0.0000062475 +0.0573000000 +0.0070592758 +0.9999507813 +0.0000122998 +0.9999045906 +0.0000238428 -1.9999000000 +0.0000249900 +3.9996125000 +0.0000968362 +0.0000713714 +0.0016313469 +0.6666656580
+0.8000000000 +0.9999203125 +0.0000113612 +0.0572921875 +0.0070588980 +0.9998432129 +0.0000223407 +0.9996964325 +0.0000432108 -1.9996843750 +0.0000446875 +3.9987775391 +0.0001730423 +0.0002065232 +0.0039939443 +0.6666633382
+0.9000000000 +0.9997078125 +0.0000216084 +0.0568953125 +0.0070575774 +0.9994250488 +0.0000424997 +0.9988865527 +0.0000822334 -1.9988406250 +0.0000852454 +3.9955091797 +0.0003301353 +0.0006640679 +0.0114833017 +0.6666546113
+1.0000000000 +0.9992718750 +0.0000352565 +0.0571718750 +0.0070544331 +0.9985691406 +0.0000691317 +0.9972359125 +0.0001330354 -1.9971500000 +0.0001354396 +3.9889750000 +0.0005233510 +0.0015910694 +0.0234801600 +0.6666347140
+1.1000000000 +0.9983953125 +0.0000535430 +0.0563234375 +0.0070486815 +0.9968505371 +0.0001047031 +0.9939302482 +0.0002004934 -1.9937687500 +0.0002023591 +3.9759328125 +0.0007796314 +0.0033359760 +0.0433181632 +0.6665931192
+1.2000000000 +0.9969578125 +0.0000742715 +0.0575328125 +0.0070382000 +0.9940352051 +0.0001449946 +0.9885264575 +0.0002767699 -1.9883187500 +0.0002763703 +3.9549390625 +0.0010622725 +0.0058840092 +0.0678938177 +0.6665248234
+1.3000000000 +0.9949640625 +0.0000986928 +0.0553484375 +0.0070252574 +0.9901482910 +0.0001917661 +0.9811291232 +0.0003630191 -1.9809812500 +0.0003566066 +3.9268300781 +0.0013641656 +0.0095904172 +0.0963167914 +0.6664166022
+1.4000000000 +0.9915593750 +0.0001356671 +0.0573218750 +0.0070009725 +0.9835581055 +0.0002609613 +0.9687485623 +0.0004854887 -1.9687093750 +0.0004708701 +3.8802509766 +0.0017823165 +0.0168279460 +0.1447958645 +0.6661973556
+1.5000000000 +0.9862375000 +0.0001824111 +0.0573968750 +0.0069643215 +0.9733298828 +0.0003459172 +0.9497642347 +0.0006292913 -1.9503625000 +0.0005952032 +3.8109992188 +0.0022308531 +0.0283936600 +0.2015384844 +0.6658246263
+1.6000000000 +0.9794078125 +0.0002390712 +0.0533140625 +0.0069193221 +0.9603827637 +0.0004447828 +0.9262916870 +0.0007866589 -1.9278843750 +0.0007340731 +3.7275154297 +0.0027113135 +0.0457240194 +0.2694316580 +0.6652367329
+1.7000000000 +0.9698828125 +0.0003146982 +0.0580359375 +0.0068530475 +0.9426533691 +0.0005667559 +0.8950196194 +0.0009637432 -1.8986281250 +0.0008797225 +3.6202669922 +0.0031954942 +0.0745674977 +0.3427706053 +0.6642567790
+1.8000000000 +0.9564921875 +0.0004110349 +0.0501609375 +0.0067666099 +0.9182562988 +0.0007110191 +0.8533055943 +0.0011562776 -1.8590437500 +0.0010551142 +3.4783089844 +0.0037353064 +0.1201420117 +0.4398087894 +0.6626695808
+1.9000000000 +0.9380421875 +0.0005427410 +0.0436515625 +0.0066479660 +0.8858145020 +0.0008948330 +0.8006818543 +0.0013746315 -1.8096468750 +0.0012559597 +3.3063705078 +0.0043166533 +0.1984456900 +0.5593120552 +0.6598635618
+2.0000000000 +0.9121250000 +0.0007285492 +0.0331843750 +0.0064864724 +0.8425876953 +0.0011236974 +0.7352079416 +0.0015953282 -1.7468281250 +0.0014866972 +3.0956138672 +0.0048903276 +0.3397017500 +0.7072859023 +0.6548095996
+2.1000000000 +0.8716218750 +0.0010135848 +0.0347437500 +0.0062412525 +0.7802717773 +0.0014352747 +0.6500243144 +0.0018538393 -1.6636687500 +0.0017806419 +2.8312074219 +0.0055781093 +0.6261968568 +0.9202897001 +0.6441093733
+2.2000000000 +0.8196140625 +0.0013023102 +0.0296171875 +0.0059363721 +0.7056874512 +0.0017071798 +0.5562840353 +0.0020175186 -1.5674750000 +0.0020335162 +2.5396816406 +0.0060475471 +0.9867706102 +1.0936035041 +0.6276506910
+2.3000000000 +0.7521437500 +0.0015643488 +0.0275375000 +0.0055403323 +0.6146639648 +0.0019146486 +0.4511293742 +0.0020707181 -1.4525437500 +0.0022174628 +2.2082261719 +0.0062428156 +1.3619128815 +1.1897808842 +0.6019805041
+2.4000000000 +0.6760765625 +0.0017572231 +0.0243640625 +0.0050903957 +0.5188361816 +0.0020141939 +0.3503305272 +0.0019976827 -1.3348218750 +0.0023047248 +1.8879845703 +0.0061315449 +1.6468443541 +1.1803903593 +0.5661933363
+2.5000000000 +0.6004484375 +0.0018551041 +0.0159203125 +0.0046320249 +0.4293665527 +0.0019939545 +0.2638727272 +0.0018105139 -1.2195000000 +0.0023071414 +1.5936382813 +0.0057415458 +1.7620026019 +1.0901302400 +0.5228918555
+2.6000000000 +0.5296828125 +0.0018785921 +0.0082765625 +0.0041897347 +0.3511460449 +0.0019059140 +0.1959537073 +0.0016072702 -1.1177625000 +0.0022585208 +1.3514113281 +0.0053193196 +1.7374070908 +0.9658539334 +0.4702674405
+2.7000000000 +0.4685984375 +0.0018326603 +0.0080015625 +0.0037861151 +0.2867573730 +0.0017533706 +0.1437159601 +0.0013639331 -1.0301750000 +0.0021450572 +1.1532859375 +0.0047448076 +1.5922459833 +0.8079048066 +0.4174213573
+2.8000000000 +0.4182984375 +0.0017511715 +0.0054734375 +0.0034371184 +0.2363056152 +0.0015862944 +0.1061669391 +0.0011512693 -0.9530218750 +0.0020335551 +0.9909576172 +0.0042354253 +1.4018750267 +0.6751585548 +0.3662471020
+2.9000000000 +0.3763125000 +0.0016776293 +0.0057406250 +0.0031453692 +0.1978999023 +0.0014361725 +0.0804162015 +0.0009624748 -0.8904718750 +0.0019405706 +0.8682564453 +0.0037910732 +1.2422356897 +0.5731560344 +0.3155666853
+3.0000000000 +0.3447515625 +0.0015888808 +0.0028796875 +0.0029097783 +0.1693444824 +0.0012901443 +0.0619670022 +0.0008020045 -0.8409781250 +0.0018269913 +0.7740021484 +0.0033697747 +1.0771379749 +0.4747231410 +0.2797270083
+3.1000000000 +0.3186578125 +0.0015174734 -0.0011796875 +0.0027165780 +0.1475973145 +0.0011807498 +0.0496683674 +0.0006916554 -0.7971187500 +0.0017740003 +0.6983398438 +0.0030996498 +0.9508028487 +0.4191736418 +0.2400207767
+3.2000000000 +0.2979484375 +0.0014420008 -0.0014390625 +0.0025530230 +0.1303605957 +0.0010752690 +0.0401179522 +0.0005953489 -0.7566750000 +0.0017128133 +0.6312316406 +0.0028497024 +0.8317464859 +0.3667161563 +0.2130904261
+3.3000000000 +0.2802328125 +0.0013753531 -0.0025921875 +0.0024120078 +0.1163623535 +0.0009828308 +0.0328593268 +0.0005088071 -0.7239187500 +0.0016705550 +0.5798734375 +0.0026478811 +0.7337100473 +0.3280225140 +0.1910672588
+3.4000000000 +0.2641812500 +0.0013120119 +0.0001843750 +0.0022827528 +0.1042192383 +0.0008996926 +0.0270505860 +0.0004416995 -0.6912312500 +0.0016155274 +0.5299992188 +0.0024394014 +0.6480471610 +0.2889886659 +0.1698441471
+3.5000000000 +0.2493875000 +0.0012586792 +0.0006250000 +0.0021665549 +0.0938795898 +0.0008292447 +0.0225663135 +0.0003782455 -0.6620281250 +0.0015654817 +0.4872958984 +0.0022429389 +0.5793913543 +0.2560765918 +0.1465128346
+3.6000000000 +0.2396000000 +0.0012098078 +0.0017093750 +0.0020818014 +0.0866808594 +0.0007723316 +0.0194434938 +0.0003341305 -0.6371031250 +0.0015470265 +0.4537662109 +0.0021328863 +0.5204035444 +0.2363744151 +0.1374055978
+3.7000000000 +0.2295828125 +0.0011752095 +0.0006640625 +0.0020041229 +0.0803306152 +0.0007266698 +0.0170139883 +0.0003057014 -0.6150031250 +0.0015218632 +0.4245501953 +0.0020226879 +0.4777919557 +0.2165497808 +0.1211339512
+3.8000000000 +0.2211046875 +0.0011389558 +0.0032765625 +0.0019341788 +0.0748316895 +0.0006875123 +0.0150532441 +0.0002794924 -0.5964406250 +0.0015072965 +0.4011802734 +0.0019460626 +0.4369584273 +0.2013910439 +0.1039386445
+3.9000000000 +0.2154859375 +0.0010952677 +0.0010734375 +0.0018765029 +0.0704264160 +0.0006344960 +0.0130115841 +0.0002346535 -0.5770437500 +0.0014778674 +0.3766613281 +0.0018256691 +0.3937185929 +0.1838026086 +0.1255444387
+4.0000000000 +0.2099265625 +0.0010776659 -0.0011421875 +0.0018343273 +0.0672964355 +0.0006176715 +0.0121591722 +0.0002233335 -0.5635406250 +0.0014613158 +0.3602869141 +0.0017746823 +0.3716363825 +0.1708355121 +0.1050502918
+4.1000000000 +0.2027984375 +0.0010526889 -0.0027796875 +0.0017787995 +0.0632902832 +0.0005908990 +0.0109888924 +0.0002103027 -0.5434656250 +0.0014599135 +0.3379818359 +0.0017268295 +0.3459602256 +0.1622917802 +0.0855528964
+4.2000000000 +0.1975640625 +0.0010214433 +0.0004703125 +0.0017305818 +0.0598984863 +0.0005575817 +0.0098057755 +0.0001890053 -0.5271562500 +0.0014465550 +0.3197441406 +0.0016518883 +0.3179722291 +0.1518382901 +0.0889777247
+4.3000000000 +0.1929125000 +0.0010077580 -0.0001187500 +0.0016959768 +0.0575267578 +0.0005408345 +0.0091593664 +0.0001790777 -0.5121500000 +0.0014462444 +0.3041300781 +0.0016005519 +0.3023110721 +0.1447959524 +0.0774192633
+4.4000000000 +0.1880828125 +0.0009861889 +0.0003890625 +0.0016556926 +0.0548265137 +0.0005175881 +0.0083638954 +0.0001619101 -0.4985406250 +0.0014356445 +0.2897642578 +0.0015459071 +0.2829290082 +0.1362694315 +0.0725167501
+4.5000000000 +0.1856562500 +0.0009638895 +0.0032531250 +0.0016284858 +0.0530499023 +0.0004999129 +0.0078125493 +0.0001557703 -0.4835125000 +0.0014164153 +0.2739089844 +0.0014842972 +0.2642724861 +0.1268136983 +0.0746578630
+4.6000000000 +0.1813203125 +0.0009508463 +0.0008890625 +0.0015962211 +0.0509592285 +0.0004819693 +0.0072427308 +0.0001401176 -0.4718500000 +0.0014129590 +0.2625714844 +0.0014413282 +0.2515780562 +0.1207684291 +0.0703159129
+4.7000000000 +0.1777312500 +0.0009326641 +0.0021468750 +0.0015649447 +0.0489856445 +0.0004691794 +0.0068021800 +0.0001371943 -0.4595218750 +0.0014018472 +0.2504638672 +0.0013992089 +0.2368986867 +0.1138716555 +0.0550926824
+4.8000000000 +0.1753078125 +0.0009187615 -0.0004515625 +0.0015429692 +0.0476152832 +0.0004498521 +0.0063145525 +0.0001252810 -0.4482031250 +0.0013936255 +0.2397298828 +0.0013471743 +0.2250993877 +0.1078995599 +0.0716139987
+4.9000000000 +0.1715546875 +0.0009037707 -0.0009265625 +0.0015127158 +0.0457670410 +0.0004393881 +0.0059558596 +0.0001216664 -0.4350687500 +0.0013882871 +0.2278316406 +0.0013146846 +0.2133685579 +0.1027487171 +0.0521982025
+5.0000000000 +0.1686421875 +0.0008868753 -0.0002734375 +0.0014861202 +0.0441711426 +0.0004224519 +0.0055204024 +0.0001125125 -0.4264906250 +0.0013784631 +0.2198974609 +0.0012719397 +0.2013562262 +0.0972882118 +0.0568685801
