# T, am1a, am1e, m1a, m1e, m2a, m2e, m4a, m4e, e1a, e1e, e2a, e2e, susc, spec, bind
+0.5000000000 +1.0000000000 +0.0000000000 -0.0789000000 +0.0070490240 +1.0000000000 +0.0000000000 +1.0000000000 +0.0000000000 -2.0000000000 +0.0000000000 +4.0000000000 +0.0000000000 +0.0000000000 +0.0000000000 +0.6666666667
+0.6000000000 +0.9999964844 +0.0000011716 -0.0787980469 +0.0070490562 +0.9999929962 +0.0000023341 +0.9999861014 +0.0000046318 -1.9999859375 +0.0000046864 +3.9999441895 +0.0000185993 +0.0000117135 +0.0003123594 +0.6666666303
+0.7000000000 +0.9999773438 +0.0000029706 -0.0785992188 +0.0070490319 +0.9999548645 +0.0000059180 +0.9999104315 +0.0000117439 -1.9999093750 +0.0000118824 +3.9996403320 +0.0000471582 +0.0000645444 +0.0014753010 +0.6666664332
+0.8000000000 +0.9999031250 +0.0000061630 -0.0787890625 +0.0070484016 +0.9998070190 +0.0000122764 +0.9996170895 +0.0000243557 -1.9996132813 +0.0000245659 +3.9984653442 +0.0000974802 +0.0002430906 +0.0048278748 +0.6666656616
+0.9000000000 +0.9997234375 +0.0000106472 -0.0797781250 +0.0070465760 +0.9994492188 +0.0000211974 +0.9989077275 +0.0000420110 -1.9989085937 +0.0000416005 +3.9956701782 +0.0001649888 +0.0006449104 +0.0109391186 +0.6666636678
+1.0000000000 +0.9992687500 +0.0000179296 -0.0776585938 +0.0070445497 +0.9985444641 +0.0000356545 +0.9971164716 +0.0000705039 -1.9971468750 +0.0000685684 +3.9886896729 +0.0002715272 +0.0016459225 +0.0240723275 +0.6666581670
+1.1000000000 +0.9984496094 +0.0000263066 -0.0792761719 +0.0070378646 +0.9969154633 +0.0000522620 +0.9938950672 +0.0001031471 -1.9940000000 +0.0000990768 +3.9762323242 +0.0003918100 +0.0032211306 +0.0415363636 +0.6666483450
+1.2000000000 +0.9970324219 +0.0000366882 -0.0751175781 +0.0070301420 +0.9941005707 +0.0000727673 +0.9883418462 +0.0001431588 -1.9885781250 +0.0001368209 +3.9548173584 +0.0005395298 +0.0057430205 +0.0665598524 +0.6666309459
+1.3000000000 +0.9947378906 +0.0000507175 -0.0705480469 +0.0070163306 +0.9895549164 +0.0001002724 +0.9794200236 +0.0001960527 -1.9801539062 +0.0001822430 +3.9216737427 +0.0007154376 +0.0101307740 +0.1006201545 +0.6665982138
+1.4000000000 +0.9913339844 +0.0000677667 -0.0801832031 +0.0069871510 +0.9828349152 +0.0001333956 +0.9663203583 +0.0002586107 -1.9679109375 +0.0002349918 +3.8737778809 +0.0009166158 +0.0167948040 +0.1442511578 +0.6665438575
+1.5000000000 +0.9865367188 +0.0000887439 -0.0761250000 +0.0069556351 +0.9734122070 +0.0001734480 +0.9481330093 +0.0003317324 -1.9511632812 +0.0002935356 +3.8087614136 +0.0011344389 +0.0268816366 +0.1960690888 +0.6664549993
+1.6000000000 +0.9797105469 +0.0001152255 -0.0812425781 +0.0069047011 +0.9600982941 +0.0002229081 +0.9227824946 +0.0004184076 -1.9285343750 +0.0003578595 +3.7218061035 +0.0013666345 +0.0424861455 +0.2561267959 +0.6663073073
+1.7000000000 +0.9700511719 +0.0001532665 -0.0725644531 +0.0068417961 +0.9414690887 +0.0002920913 +0.8880703916 +0.0005334820 -1.8981343750 +0.0004403662 +3.6067925537 +0.0016542742 +0.0707482638 +0.3435580372 +0.6660249640
+1.8000000000 +0.9568886719 +0.0002001637 -0.0662886719 +0.0067529366 +0.9164372406 +0.0003744023 +0.8426607571 +0.0006603942 -1.8593054687 +0.0005280618 +3.4625938110 +0.0019398323 +0.1139641227 +0.4406506597 +0.6655539612
+1.9000000000 +0.9384769531 +0.0002728113 -0.0652566406 +0.0066255909 +0.8822275116 +0.0004935936 +0.7831980742 +0.0008248668 -1.8102750000 +0.0006320860 +3.2850862305 +0.0022580082 +0.2005584909 +0.5666503158 +0.6645798394
+2.0000000000 +0.9118195313 +0.0003819752 -0.0655156250 +0.0064422072 +0.8343329590 +0.0006528624 +0.7046360719 +0.0010049081 -1.7464015625 +0.0007490380 +3.0611395752 +0.0025769777 +0.3735169812 +0.7181540923 +0.6625846647
+2.1000000000 +0.8700757812 +0.0006106388 -0.0609976562 +0.0061675309 +0.7644894592 +0.0009212314 +0.6014174800 +0.0012288054 -1.6645453125 +0.0008993952 +2.7868893311 +0.0029364097 +0.9091162344 +0.9391446314 +0.6569860455
+2.2000000000 +0.7924066406 +0.0010492121 -0.0591824219 +0.0056851677 +0.6499252045 +0.0013483733 +0.4587649849 +0.0014837486 -1.5494804687 +0.0011204190 +2.4259964966 +0.0034048229 +2.5619689148 +1.3279615759 +0.6379719263
+2.3000000000 +0.6645136719 +0.0014902100 -0.0485464844 +0.0049175002 +0.4859929352 +0.0016558555 +0.2910262794 +0.0014862100 -1.4030281250 +0.0012656746 +2.0005265625 +0.0035309992 +4.9435286341 +1.5504522869 +0.5892750926
+2.4000000000 +0.5137937500 +0.0016749020 -0.0292984375 +0.0039951943 +0.3200899536 +0.0016009690 +0.1537196101 +0.0011708969 -1.2545421875 +0.0012481368 +1.6050330078 +0.0031789383 +5.9846331812 +1.3847514487 +0.4998918496
+2.5000000000 +0.3888273437 +0.0015844503 -0.0135406250 +0.0031718528 +0.2013963562 +0.0013102846 +0.0748974045 +0.0007871893 -1.1315593750 +0.0011350359 +1.3061927490 +0.0026452899 +5.1414684624 +1.0553806796 +0.3844798201
+2.6000000000 +0.3050441406 +0.0013977944 -0.0038386719 +0.0025701535 +0.1321285126 +0.0010070338 +0.0377402841 +0.0004955110 -1.0396687500 +0.0010262229 +1.1019737793 +0.0021915422 +3.8475406615 +0.7976395577 +0.2794057061
+2.7000000000 +0.2529035156 +0.0012228954 +0.0002582031 +0.0021664439 +0.0938696503 +0.0007806978 +0.0210012910 +0.0003222233 -0.9676687500 +0.0009522153 +0.9545170898 +0.0018885005 +2.8358601058 +0.6368142263 +0.2055357881
+2.8000000000 +0.2168308594 +0.0010799091 +0.0005863281 +0.0018753580 +0.0703396942 +0.0006159099 +0.0125345726 +0.0002133977 -0.9088007812 +0.0009007565 +0.8421461060 +0.0016701000 +2.1324866411 +0.5298692557 +0.1555239791
+2.9000000000 +0.1915882812 +0.0009715778 +0.0015929687 +0.0016670753 +0.0555853394 +0.0005014850 +0.0081194740 +0.0001450704 -0.8604289063 +0.0008661227 +0.7553412720 +0.0015169745 +1.6665838206 +0.4567018467 +0.1240362827
+3.0000000000 +0.1723078125 +0.0008886701 +0.0002125000 +0.0015080555 +0.0454846741 +0.0004234110 +0.0056543924 +0.0001062807 -0.8178757813 +0.0008480322 +0.6833039673 +0.0014105346 +1.3478137023 +0.4091213861 +0.0889661483
+3.1000000000 +0.1587777344 +0.0008192327 +0.0005996094 +0.0013898355 +0.0386332123 +0.0003619795 +0.0041131079 +0.0000804392 -0.7794500000 +0.0008236126 +0.6211090576 +0.0013053426 +1.1084670635 +0.3614036743 +0.0813983771
+3.2000000000 +0.1481832031 +0.0007683793 +0.0007472656 +0.0012993429 +0.0337663971 +0.0003175375 +0.0031567712 +0.0000622604 -0.7470414063 +0.0008074958 +0.5711118530 +0.0012255541 +0.9446508325 +0.3260247594 +0.0771047602
+3.3000000000 +0.1389304688 +0.0007272325 -0.0000921875 +0.0012222726 +0.0298790161 +0.0002861788 +0.0025307212 +0.0000523319 -0.7148039063 +0.0007936682 +0.5235428101 +0.0011548310 +0.8205452386 +0.2961556962 +0.0550899564
+3.4000000000 +0.1314574219 +0.0006844139 -0.0002433594 +0.0011543276 +0.0266495026 +0.0002532042 +0.0019924432 +0.0000408308 -0.6867578125 +0.0007886752 +0.4840764648 +0.0010999298 +0.7053890859 +0.2754916942 +0.0648387984
+3.5000000000 +0.1250078125 +0.0006518360 -0.0012929688 +0.0010982505 +0.0241247559 +0.0002310167 +0.0016493785 +0.0000347183 -0.6595179688 +0.0007680320 +0.4467614136 +0.0010305454 +0.6215535670 +0.2465428892 +0.0553450054
+3.6000000000 +0.1195253906 +0.0006286027 -0.0027699219 +0.0010531256 +0.0221891449 +0.0002155945 +0.0014219775 +0.0000305851 -0.6376359375 +0.0007669822 +0.4183448242 +0.0009973246 +0.5619787302 +0.2323997121 +0.0373013921
+3.7000000000 +0.1141992187 +0.0005995530 -0.0020515625 +0.0010056473 +0.0202307373 +0.0001957669 +0.0011757763 +0.0000254917 -0.6143265625 +0.0007530794 +0.3887396973 +0.0009416917 +0.4974201594 +0.2121036084 +0.0424090447
+3.8000000000 +0.1104445313 +0.0005814643 -0.0014617187 +0.0009735983 +0.0189600098 +0.0001819554 +0.0010216371 +0.0000203855 -0.5940875000 +0.0007477965 +0.3641239502 +0.0009064320 +0.4555462927 +0.1982757680 +0.0526765254
+3.9000000000 +0.1059312500 +0.0005643589 -0.0010695312 +0.0009378247 +0.0175914490 +0.0001721941 +0.0009024752 +0.0000187976 -0.5745570313 +0.0007362924 +0.3409583130 +0.0008609079 +0.4181345968 +0.1824909857 +0.0279003562
+4.0000000000 +0.1038363281 +0.0005468508 -0.0007347656 +0.0009154878 +0.0167628998 +0.0001618919 +0.0008051745 +0.0000161844 -0.5578125000 +0.0007253022 +0.3216760498 +0.0008233468 +0.3827786715 +0.1683402344 +0.0448525113
+4.1000000000 +0.1003707031 +0.0005386382 -0.0009261719 +0.0008909558 +0.0158769012 +0.0001566298 +0.0007427339 +0.0000157377 -0.5414851563 +0.0007240342 +0.3036906860 +0.0007948328 +0.3623101315 +0.1596689452 +0.0178438880
+4.2000000000 +0.0981679688 +0.0005264611 -0.0003335938 +0.0008712079 +0.0151801758 +0.0001521513 +0.0006934378 +0.0000159791 -0.5262375000 +0.0007203742 +0.2873046875 +0.0007691942 +0.3378728041 +0.1506217664 -0.0030732792
+4.3000000000 +0.0961414063 +0.0005112226 +0.0001046875 +0.0008505919 +0.0144701416 +0.0001420306 +0.0006128389 +0.0000131434 -0.5100984375 +0.0007167107 +0.2704739014 +0.0007441524 +0.3111871468 +0.1422397117 +0.0243827426
+4.4000000000 +0.0942625000 +0.0004983068 -0.0002398438 +0.0008322125 +0.0138516113 +0.0001345657 +0.0005540259 +0.0000118050 -0.4948406250 +0.0007082674 +0.2549000977 +0.0007146413 +0.2889421045 +0.1326658315 +0.0374833866
+4.5000000000 +0.0916746094 +0.0004867974 -0.0000964844 +0.0008106682 +0.0131436676 +0.0001291793 +0.0005065021 +0.0000112845 -0.4834906250 +0.0007078849 +0.2437852051 +0.0006987733 +0.2696211114 +0.1266981372 +0.0227024045
+4.6000000000 +0.0905929688 +0.0004785410 -0.0003937500 +0.0007995924 +0.0127871155 +0.0001249305 +0.0004756629 +0.0000103383 -0.4711312500 +0.0007075811 +0.2319780762 +0.0006804057 +0.2548885978 +0.1211453634 +0.0303100654
+4.7000000000 +0.0886046875 +0.0004667047 -0.0000093750 +0.0007812508 +0.0122070557 +0.0001186460 +0.0004305498 +0.0000092798 -0.4601125000 +0.0007058213 +0.2216671875 +0.0006620215 +0.2372774137 +0.1154685722 +0.0368803325
+4.8000000000 +0.0866824219 +0.0004608814 -0.0011628906 +0.0007668352 +0.0117620758 +0.0001161495 +0.0004081607 +0.0000092841 -0.4480000000 +0.0006937457 +0.2103296631 +0.0006352253 +0.2265724557 +0.1069518121 +0.0165732515
+4.9000000000 +0.0858722656 +0.0004557323 -0.0014277344 +0.0007591392 +0.0115278839 +0.0001139098 +0.0003924009 +0.0000085857 -0.4394765625 +0.0006944095 +0.2027837402 +0.0006231776 +0.2170168376 +0.1028274619 +0.0157406325
+5.0000000000 +0.0847742188 +0.0004529678 -0.0005476562 +0.0007513310 +0.0112902649 +0.0001124206 +0.0003802380 +0.0000087611 -0.4295882812 +0.0006816831 +0.1938399292 +0.0006001150 +0.2101041525 +0.0951688992 +0.0056803440
