# T, am1a, am1e, m1a, m1e, m2a, m2e, m4a, m4e, e1a, e1e, e2a, e2e, susc, spec, bind
+0.5000000000 +1.0000000000 +0.0000000000 -0.0103000000 +0.0070706927 +1.0000000000 +0.0000000000 +1.0000000000 +0.0000000000 -2.0000000000 +0.0000000000 +4.0000000000 +0.0000000000 +0.0000000000 +0.0000000000 +0.6666666667
+0.6000000000 +0.9999984375 +0.0000015625 -0.0103984375 +0.0070706746 +0.9999969238 +0.0000030761 +0.9999940369 +0.0000059629 -1.9999937500 +0.0000062498 +3.9999757812 +0.0000242181 +0.0000052081 +0.0001388819 +0.6666666036
+0.7000000000 +0.9999796875 +0.0000056318 -0.0107921875 +0.0070705146 +0.9999600098 +0.0000110877 +0.9999224799 +0.0000214932 -1.9999187500 +0.0000225274 +3.9996851562 +0.0000872936 +0.0000579980 +0.0013256684 +0.6666658470
+0.8000000000 +0.9999312500 +0.0000103530 -0.0113781250 +0.0070701315 +0.9998646484 +0.0000203826 +0.9997376242 +0.0000395111 -1.9997250000 +0.0000414122 +3.9989343750 +0.0001604722 +0.0001714969 +0.0034299375 +0.6666638963
+0.9000000000 +0.9997343750 +0.0000208788 -0.0116937500 +0.0070687368 +0.9994775391 +0.0000410329 +0.9989890251 +0.0000792801 -1.9989500000 +0.0000818699 +3.9959351562 +0.0003167472 +0.0006199826 +0.0105919012 +0.6666554303
+1.0000000000 +0.9993234375 +0.0000331318 -0.0129890625 +0.0070657645 +0.9986692871 +0.0000651107 +0.9974251331 +0.0001257903 -1.9973187500 +0.0001304736 +3.9896226562 +0.0005045264 +0.0014050798 +0.0217898975 +0.6666383286
+1.1000000000 +0.9985453125 +0.0000504777 -0.0126296875 +0.0070603973 +0.9971437012 +0.0000988672 +0.9944910553 +0.0001898277 -1.9943312500 +0.0001930802 +3.9781027344 +0.0007440929 +0.0029649487 +0.0394366756 +0.6666011280
+1.2000000000 +0.9970828125 +0.0000729993 -0.0107359375 +0.0070504094 +0.9942807129 +0.0001425564 +0.9890005827 +0.0002722303 -1.9888156250 +0.0002713633 +3.9568603516 +0.0010433075 +0.0056841551 +0.0654560586 +0.6665296213
+1.3000000000 +0.9948125000 +0.0001018012 -0.0131250000 +0.0070345110 +0.9898591797 +0.0001973145 +0.9805998560 +0.0003720594 -1.9804812500 +0.0003631645 +3.9249437500 +0.0013882111 +0.0102040385 +0.0998918210 +0.6664017679
+1.4000000000 +0.9914937500 +0.0001332084 -0.0121187500 +0.0070116613 +0.9834147461 +0.0002569652 +0.9684251851 +0.0004802300 -1.9684250000 +0.0004656298 +3.8790332031 +0.0017668753 +0.0162235339 +0.1415909388 +0.6662114859
+1.5000000000 +0.9866390625 +0.0001775279 -0.0122015625 +0.0069783167 +0.9740869629 +0.0003378540 +0.9511283185 +0.0006178880 -1.9515625000 +0.0005893546 +3.8155429687 +0.0022105951 +0.0268937916 +0.1975972222 +0.6658646719
+1.6000000000 +0.9799796875 +0.0002241104 -0.0148484375 +0.0069323309 +0.9613646973 +0.0004224122 +0.9277907221 +0.0007593510 -1.9290687500 +0.0007165322 +3.7315746094 +0.0026552390 +0.0401803741 +0.2567091787 +0.6653795875
+1.7000000000 +0.9698546875 +0.0003152768 -0.0141296875 +0.0068644244 +0.9426061035 +0.0005631514 +0.8948490569 +0.0009591253 -1.8979875000 +0.0008858505 +3.6180511719 +0.0032094402 +0.0748419256 +0.3475625571 +0.6642870960
+1.8000000000 +0.9565640625 +0.0004086700 -0.0115234375 +0.0067757739 +0.9183550293 +0.0007075583 +0.8533887353 +0.0011538980 -1.8587718750 +0.0010583773 +3.4774361328 +0.0037502747 +0.1187635069 +0.4425333239 +0.6627092479
+1.9000000000 +0.9371734375 +0.0005593288 -0.0140140625 +0.0066496415 +0.8845510254 +0.0009117896 +0.7990577235 +0.0013894269 -1.8072500000 +0.0012788044 +3.2988593750 +0.0043735677 +0.2107612104 +0.5798437673 +0.6595830954
+2.0000000000 +0.9102062500 +0.0007572202 -0.0161593750 +0.0064795136 +0.8399430664 +0.0011498760 +0.7319486503 +0.0016205074 -1.7442062500 +0.0015004366 +3.0872816406 +0.0049416964 +0.3669647638 +0.7204191694 +0.6541723920
+2.1000000000 +0.8710187500 +0.0010070932 -0.0167593750 +0.0062397016 +0.7789583984 +0.0014245012 +0.6473602589 +0.0018440554 -1.6616250000 +0.0017575287 +2.8227757812 +0.0055218175 +0.6182014655 +0.8965535147 +0.6443717506
+2.2000000000 +0.8207609375 +0.0012696189 -0.0155484375 +0.0059398881 +0.7058871582 +0.0016823776 +0.5548845646 +0.0019987210 -1.5674000000 +0.0019957158 +2.5364003906 +0.0059538013 +0.9378513942 +1.0533240413 +0.6287975558
+2.3000000000 +0.7523437500 +0.0015510577 -0.0125093750 +0.0055406689 +0.6141367187 +0.0019050878 +0.4497511011 +0.0020657867 -1.4520437500 +0.0022105284 +2.2061597656 +0.0062150963 +1.3388688859 +1.1823511678 +0.6025149013
+2.4000000000 +0.6749312500 +0.0017584913 -0.0102781250 +0.0050856287 +0.5173780273 +0.0020157494 +0.3489449368 +0.0019979495 -1.3308437500 +0.0023290186 +1.8796316406 +0.0061625558 +1.6492222698 +1.2054061523 +0.5654700804
+2.5000000000 +0.5997968750 +0.0018525117 -0.0107500000 +0.0046275086 +0.4283922852 +0.0019924205 +0.2629147361 +0.0018132701 -1.2181375000 +0.0023087302 +1.5904636719 +0.0057532286 +1.7570814437 +1.0916321584 +0.5224593001
+2.6000000000 +0.5252640625 +0.0018715849 -0.0067796875 +0.0041588037 +0.3459589355 +0.0018893378 +0.1910795331 +0.0015770507 -1.1109937500 +0.0022372197 +1.3344101562 +0.0052275823 +1.7244701586 +0.9477211239 +0.4678380580
+2.7000000000 +0.4650468750 +0.0018328979 -0.0057843750 +0.0037644749 +0.2834588867 +0.0017510479 +0.1416723157 +0.0013613385 -1.0238562500 +0.0021433539 +1.1401609375 +0.0047308109 +1.5926587442 +0.8066222603 +0.4122622531
+2.8000000000 +0.4160671875 +0.0017568791 -0.0026765625 +0.0034266399 +0.2348443848 +0.0015897861 +0.1057002795 +0.0011500345 -0.9513156250 +0.0020382182 +0.9880880859 +0.0042353736 +1.4110281200 +0.6782585108 +0.3611564418
+2.9000000000 +0.3748468750 +0.0016738492 -0.0028250000 +0.0031347857 +0.1965456055 +0.0014327400 +0.0796850514 +0.0009573532 -0.8918343750 +0.0019189790 +0.8690181641 +0.0037518614 +1.2366438791 +0.5604726688 +0.3124109898
+3.0000000000 +0.3443390625 +0.0015865015 -0.0009671875 +0.0029060987 +0.1689091309 +0.0012934447 +0.0619902772 +0.0008111057 -0.8405718750 +0.0018345168 +0.7738701172 +0.0033928653 +1.0739144724 +0.4786420633 +0.2757373831
+3.1000000000 +0.3171750000 +0.0014994078 +0.0001968750 +0.0026978178 +0.1455644531 +0.0011622472 +0.0482053802 +0.0006795994 -0.7957593750 +0.0017444335 +0.6940939453 +0.0030491202 +0.9282987871 +0.4053175436 +0.2416606499
+3.2000000000 +0.2962671875 +0.0014265124 -0.0018515625 +0.0025344582 +0.1284729980 +0.0010516703 +0.0386255205 +0.0005677632 -0.7554437500 +0.0016916508 +0.6279289062 +0.0027843056 +0.8139750332 +0.3577102927 +0.2199375515
+3.3000000000 +0.2770937500 +0.0013610229 +0.0001250000 +0.0023856718 +0.1138286133 +0.0009665840 +0.0316426440 +0.0004979806 -0.7211968750 +0.0016444965 +0.5742123047 +0.0025888128 +0.7185002083 +0.3178688539 +0.1859546111
+3.4000000000 +0.2610640625 +0.0013047483 +0.0026453125 +0.0022604735 +0.1022018066 +0.0008835005 +0.0260566723 +0.0004196332 -0.6889156250 +0.0016026977 +0.5259775391 +0.0023935663 +0.6408915183 +0.2844168897 +0.1684649669
+3.5000000000 +0.2507250000 +0.0012670529 +0.0021187500 +0.0021790708 +0.0949714844 +0.0008344163 +0.0229445930 +0.0003792453 -0.6645875000 +0.0015954773 +0.4925875000 +0.0022987180 +0.5871261029 +0.2659837641 +0.1520452980
+3.6000000000 +0.2407562500 +0.0012194610 +0.0046437500 +0.0020938447 +0.0877052734 +0.0007808667 +0.0198872707 +0.0003440583 -0.6414062500 +0.0015598724 +0.4600660156 +0.0021722978 +0.5287413604 +0.2403162375 +0.1382078822
+3.7000000000 +0.2301406250 +0.0011766038 +0.0007250000 +0.0020081348 +0.0806526367 +0.0007324396 +0.0172342021 +0.0003092162 -0.6170312500 +0.0015437717 +0.4283921875 +0.0020692792 +0.4789263471 +0.2228295060 +0.1168534298
+3.8000000000 +0.2214140625 +0.0011352502 +0.0006515625 +0.0019339031 +0.0748000488 +0.0006828989 +0.0149220662 +0.0002726872 -0.5959250000 +0.0015016390 +0.4002250000 +0.0019396477 +0.4341197769 +0.1998820803 +0.1109955316
+3.9000000000 +0.2141156250 +0.0011020623 -0.0008093750 +0.0018726408 +0.0701363281 +0.0006458085 +0.0132604776 +0.0002434792 -0.5760468750 +0.0014918116 +0.3763400391 +0.0018566456 +0.3986187037 +0.1872874661 +0.1014301094
+4.0000000000 +0.2093250000 +0.0010767663 -0.0018125000 +0.0018303303 +0.0670054688 +0.0006158653 +0.0120755350 +0.0002204513 -0.5569625000 +0.0014807324 +0.3540585937 +0.0017807489 +0.3710162100 +0.1754054694 +0.1034704116
+4.1000000000 +0.2012312500 +0.0010495611 -0.0010812500 +0.0017681122 +0.0625255859 +0.0005880454 +0.0108253958 +0.0002084965 -0.5377156250 +0.0014471819 +0.3310248047 +0.0016842405 +0.3439074335 +0.1594734994 +0.0769887640
+4.2000000000 +0.1984031250 +0.0010362608 -0.0015968750 +0.0017441040 +0.0608405273 +0.0005703866 +0.0102083865 +0.0001951800 -0.5293625000 +0.0014570671 +0.3226855469 +0.0016633919 +0.3272644165 +0.1540531173 +0.0807155560
+4.3000000000 +0.1931062500 +0.0010043877 -0.0011093750 +0.0016950618 +0.0574659180 +0.0005401229 +0.0091369859 +0.0001794942 -0.5109937500 +0.0014363419 +0.3023761719 +0.0015845624 +0.3002923785 +0.1428198917 +0.0777237997
+4.4000000000 +0.1891531250 +0.0009894537 -0.0019281250 +0.0016636640 +0.0553592773 +0.0005243699 +0.0085639251 +0.0001665338 -0.4976375000 +0.0014301901 +0.2885519531 +0.0015433768 +0.2848054203 +0.1352359396 +0.0685259081
+4.5000000000 +0.1855468750 +0.0009624897 -0.0007781250 +0.0016271872 +0.0529553711 +0.0004962196 +0.0077289483 +0.0001506883 -0.4849531250 +0.0014213350 +0.2755833984 +0.0014952288 +0.2635054688 +0.1276961659 +0.0812885769
+4.6000000000 +0.1811359375 +0.0009456953 +0.0002046875 +0.0015921209 +0.0506970215 +0.0004795692 +0.0071699197 +0.0001434341 -0.4722062500 +0.0014059612 +0.2625132813 +0.0014330008 +0.2488597375 +0.1195751643 +0.0701173397
+4.7000000000 +0.1772781250 +0.0009390223 -0.0007312500 +0.0015662417 +0.0490627930 +0.0004726973 +0.0068760131 +0.0001402193 -0.4608343750 +0.0014053094 +0.2518662109 +0.0014067116 +0.2401397020 +0.1144348096 +0.0478378684
+4.8000000000 +0.1749921875 +0.0009173525 +0.0009515625 +0.0015403258 +0.0474529785 +0.0004537124 +0.0063688839 +0.0001297273 -0.4499375000 +0.0014041929 +0.2418789062 +0.0013743588 +0.2244095044 +0.1095420898 +0.0572096562
+4.9000000000 +0.1718546875 +0.0009048319 +0.0018296875 +0.0015150099 +0.0459084473 +0.0004373464 +0.0059330225 +0.0001200919 -0.4417437500 +0.0013916106 +0.2338691406 +0.0013401389 +0.2138698926 +0.1032412494 +0.0616398937
+5.0000000000 +0.1696640625 +0.0008897637 +0.0000140625 +0.0014936446 +0.0446194824 +0.0004236365 +0.0055802557 +0.0001113467 -0.4323125000 +0.0013823603 +0.2251125000 +0.0012942767 +0.2026699305 +0.0978391100 +0.0657055161
