# T, am1a, am1e, m1a, m1e, m2a, m2e, m4a, m4e, e1a, e1e, e2a, e2e, susc, spec, bind
+0.5000000000 +0.9999984375 +0.0000015625 +0.0261015625 +0.0070686478 +0.9999969238 +0.0000030761 +0.9999940369 +0.0000059629 -1.9999937500 +0.0000062498 +3.9999757812 +0.0000242181 +0.0000062497 +0.0001999900 +0.6666666036
+0.6000000000 +0.9999968750 +0.0000022096 +0.0259031250 +0.0070686734 +0.9999938477 +0.0000043501 +0.9999880738 +0.0000084327 -1.9999875000 +0.0000088384 +3.9999515625 +0.0000342488 +0.0000104156 +0.0002777500 +0.6666665405
+0.7000000000 +0.9999859375 +0.0000046864 +0.0257984375 +0.0070686164 +0.9999723145 +0.0000092264 +0.9999463322 +0.0000178852 -1.9999437500 +0.0000187458 +3.9997820313 +0.0000726399 +0.0000401605 +0.0009179541 +0.6666660991
+0.8000000000 +0.9999078125 +0.0000121861 +0.0257046875 +0.0070680898 +0.9998186035 +0.0000239665 +0.9996487278 +0.0000463689 -1.9996343750 +0.0000480392 +3.9985837891 +0.0001860388 +0.0002376014 +0.0046155381 +0.6666628360
+0.9000000000 +0.9997140625 +0.0000218373 +0.0251734375 +0.0070668382 +0.9994377441 +0.0000428955 +0.9989126050 +0.0000828020 -1.9988750000 +0.0000849816 +3.9956457031 +0.0003286957 +0.0006782137 +0.0114123457 +0.6666543860
+1.0000000000 +0.9992937500 +0.0000347910 +0.0239156250 +0.0070641357 +0.9986122070 +0.0000682237 +0.9973194295 +0.0001312900 -1.9972406250 +0.0001333909 +3.9893259766 +0.0005153417 +0.0015493275 +0.0227751944 +0.6666355505
+1.1000000000 +0.9984609375 +0.0000519279 +0.0234828125 +0.0070584231 +0.9969781738 +0.0001016777 +0.9941722460 +0.0001951399 -1.9940250000 +0.0001970786 +3.9769125000 +0.0007601032 +0.0031377521 +0.0410869091 +0.6665973259
+1.2000000000 +0.9969859375 +0.0000739666 +0.0246265625 +0.0070479923 +0.9940903809 +0.0001443089 +0.9886321867 +0.0002752403 -1.9884250000 +0.0002743604 +3.9553394531 +0.0010550419 +0.0058358020 +0.0669098889 +0.6665261773
+1.3000000000 +0.9946796875 +0.0001024993 +0.0248609375 +0.0070319974 +0.9895978027 +0.0001987693 +0.9800939956 +0.0003750565 -1.9799468750 +0.0003672122 +3.9228865234 +0.0014033812 +0.0103444681 +0.1021309582 +0.6663977054
+1.4000000000 +0.9910453125 +0.0001401971 +0.0250015625 +0.0070069210 +0.9825639160 +0.0002693215 +0.9668825306 +0.0005001905 -1.9670500000 +0.0004799211 +3.8738921875 +0.0018185039 +0.0179704954 +0.1504158367 +0.6661657918
+1.5000000000 +0.9863875000 +0.0001841965 +0.0239093750 +0.0069751961 +0.9736388672 +0.0003469640 +0.9503803236 +0.0006279573 -1.9510593750 +0.0005915721 +3.8136318359 +0.0022175574 +0.0289521933 +0.1990869664 +0.6658200600
+1.6000000000 +0.9796734375 +0.0002330551 +0.0225453125 +0.0069294229 +0.9608463379 +0.0004353508 +0.9270162909 +0.0007739874 -1.9286281250 +0.0007219359 +3.7300302734 +0.0026704926 +0.0434517499 +0.2605957224 +0.6652980573
+1.7000000000 +0.9699500000 +0.0002979770 +0.0207312500 +0.0068634868 +0.9425788086 +0.0005478485 +0.8944575707 +0.0009488241 -1.8976625000 +0.0008776435 +3.6165281250 +0.0031897821 +0.0668538765 +0.3411523564 +0.6644145317
+1.8000000000 +0.9563875000 +0.0003962409 +0.0119531250 +0.0067737520 +0.9178171875 +0.0007005175 +0.8522028843 +0.0011540323 -1.8576937500 +0.0010605981 +3.4735234375 +0.0037597748 +0.1116493278 +0.4443924684 +0.6627830683
+1.9000000000 +0.9376296875 +0.0005565279 +0.0102515625 +0.0066529648 +0.8853438965 +0.0009065366 +0.8002699859 +0.0013837515 -1.8088156250 +0.0012739253 +3.3042716797 +0.0043571966 +0.2086556835 +0.5754276245 +0.6596770172
+2.0000000000 +0.9119796875 +0.0007379545 +0.0021859375 +0.0064907384 +0.8425984863 +0.0011330136 +0.7356466059 +0.0016082640 -1.7474718750 +0.0014948488 +3.0983494141 +0.0049321321 +0.3485291493 +0.7150633623 +0.6546124874
+2.1000000000 +0.8729906250 +0.0010000260 +0.0002218750 +0.0062534535 +0.7821136719 +0.0014114405 +0.6515450817 +0.0018284147 -1.6652375000 +0.0017505257 +2.8343027344 +0.0054994469 +0.6095555211 +0.8894229909 +0.6449549512
+2.2000000000 +0.8204203125 +0.0012880861 +0.0003921875 +0.0059425274 +0.7062728027 +0.0016929727 +0.5561444065 +0.0020099788 -1.5679343750 +0.0020208140 +2.5400919922 +0.0060267249 +0.9653327585 +1.0799839720 +0.6283609395
+2.3000000000 +0.7527625000 +0.0015481022 -0.0008093750 +0.0055433886 +0.6145837891 +0.0019034526 +0.4501758720 +0.0020640535 -1.4513406250 +0.0022172799 +2.2047162109 +0.0062351074 +1.3337713435 +1.1895845887 +0.6027181189
+2.4000000000 +0.6759484375 +0.0017487287 -0.0041546875 +0.0050894502 +0.5180673340 +0.0020114054 +0.3493087986 +0.0020004830 -1.3317468750 +0.0023151723 +1.8807501953 +0.0061496489 +1.6309611687 +1.1911161804 +0.5661737252
+2.5000000000 +0.5961750000 +0.0018453803 -0.0060250000 +0.0046016133 +0.4235332031 +0.0019863235 +0.2582899956 +0.0018104220 -1.2121562500 +0.0023115315 +1.5761863281 +0.0057551495 +1.7435794560 +1.0942827900 +0.5200329713
+2.6000000000 +0.5271421875 +0.0018572095 -0.0045359375 +0.0041643898 +0.3468634277 +0.0018839842 +0.1913021663 +0.0015868675 -1.1128500000 +0.0022309965 +1.3379820312 +0.0052416976 +1.6980810312 +0.9424559408 +0.4699929942
+2.7000000000 +0.4669828125 +0.0018211828 -0.0017328125 +0.0037709686 +0.2844070801 +0.0017376994 +0.1412793698 +0.0013526148 -1.0254250000 +0.0021357318 +1.1427234375 +0.0047119790 +1.5723646319 +0.8008955336 +0.4177939863
+2.8000000000 +0.4172234375 +0.0017600235 -0.0009703125 +0.0034353174 +0.2360290527 +0.0015846976 +0.1059350412 +0.0011358036 -0.9534718750 +0.0020362076 +0.9920314453 +0.0042108807 +1.4160835642 +0.6769210522 +0.3661485937
+2.9000000000 +0.3754750000 +0.0016715240 -0.0009531250 +0.0031373589 +0.1968613281 +0.0014292968 +0.0796121668 +0.0009581398 -0.8929281250 +0.0019245265 +0.8713966797 +0.0037660127 +1.2332105379 +0.5637178085 +0.3152416008
+3.0000000000 +0.3421812500 +0.0015902701 -0.0018531250 +0.0028953735 +0.1676671875 +0.0012908907 +0.0614402601 +0.0008060459 -0.8396500000 +0.0018337811 +0.7722671875 +0.0033860893 +1.0790224992 +0.4782582400 +0.2714898077
+3.1000000000 +0.3153906250 +0.0015049924 +0.0018000000 +0.0026904279 +0.1447712891 +0.0011655576 +0.0481292160 +0.0006835509 -0.7936125000 +0.0017719425 +0.6926164062 +0.0030876474 +0.9352266885 +0.4182017471 +0.2345397379
+3.2000000000 +0.2947546875 +0.0014358924 +0.0022671875 +0.0025309181 +0.1281160645 +0.0010610448 +0.0389300494 +0.0005799807 -0.7580531250 +0.0017098376 +0.6331154297 +0.0028361678 +0.8247147730 +0.3654430585 +0.2094005257
+3.3000000000 +0.2796828125 +0.0013694461 +0.0056953125 +0.0024051787 +0.1157301270 +0.0009782899 +0.0325344862 +0.0005122857 -0.7251406250 +0.0016558752 +0.5806673828 +0.0026334429 +0.7274211170 +0.3222829416 +0.1902893727
+3.4000000000 +0.2643765625 +0.0013192165 +0.0032359375 +0.0022879154 +0.1047016113 +0.0009046613 +0.0273306683 +0.0004383673 -0.6938500000 +0.0016183444 +0.5338085938 +0.0024373546 +0.6551838970 +0.2899973495 +0.1689593532
+3.5000000000 +0.2503640625 +0.0012594644 +0.0001546875 +0.0021726384 +0.0944071777 +0.0008312618 +0.0227326387 +0.0003776921 -0.6646750000 +0.0015834119 +0.4919367188 +0.0022794147 +0.5801145407 +0.2619761012 +0.1498049635
+3.6000000000 +0.2399078125 +0.0012142254 +0.0023578125 +0.0020861096 +0.0870426270 +0.0007760156 +0.0196204232 +0.0003410159 -0.6380500000 +0.0015547623 +0.4554535156 +0.0021608368 +0.5242109947 +0.2387442623 +0.1367767360
+3.7000000000 +0.2306843750 +0.0011732940 +0.0015312500 +0.0020092948 +0.0807476562 +0.0007268190 +0.0170855022 +0.0003037595 -0.6165312500 +0.0015425311 +0.4276988281 +0.0020568426 +0.4762356823 +0.2224715075 +0.1265327139
+3.8000000000 +0.2228343750 +0.0011413507 +0.0017968750 +0.0019455791 +0.0757087891 +0.0006914596 +0.0152941490 +0.0002810554 -0.5958468750 +0.0015113099 +0.4007146484 +0.0019543697 +0.4387979854 +0.2024649307 +0.1105706367
+3.9000000000 +0.2155265625 +0.0011005683 -0.0004640625 +0.0018798470 +0.0706767090 +0.0006446981 +0.0133079095 +0.0002452077 -0.5776187500 +0.0014916227 +0.3781421875 +0.0018653204 +0.3975386230 +0.1872400459 +0.1119530072
+4.0000000000 +0.2095765625 +0.0010792154 -0.0011109375 +0.0018332379 +0.0672164551 +0.0006212376 +0.0122367749 +0.0002308323 -0.5569843750 +0.0014787005 +0.3539626953 +0.0017923481 +0.3727059125 +0.1749244053 +0.0971938551
+4.1000000000 +0.2016453125 +0.0010558352 -0.0011828125 +0.0017741927 +0.0629565918 +0.0005920190 +0.0109732624 +0.0002096695 -0.5412187500 +0.0014640590 +0.3357871094 +0.0017087286 +0.3480313716 +0.1632147494 +0.0771479319
+4.2000000000 +0.1984109375 +0.0010296494 +0.0000484375 +0.0017402652 +0.0605704590 +0.0005659357 +0.0100744438 +0.0001960574 -0.5264500000 +0.0014659016 +0.3201269531 +0.0016750021 +0.3231018494 +0.1559268957 +0.0846691641
+4.3000000000 +0.1928937500 +0.0010067839 -0.0005843750 +0.0016952866 +0.0574802734 +0.0005435264 +0.0092124010 +0.0001830112 -0.5105281250 +0.0014288650 +0.3014720703 +0.0015843220 +0.3017268785 +0.1413368658 +0.0705759020
+4.4000000000 +0.1875968750 +0.0009858865 +0.0009406250 +0.0016527424 +0.0546320312 +0.0005176325 +0.0083435261 +0.0001653972 -0.4979812500 +0.0014291986 +0.2888375000 +0.0015354684 +0.2827555453 +0.1350485112 +0.0681764618
+4.5000000000 +0.1826343750 +0.0009595062 +0.0004250000 +0.0016088533 +0.0517683594 +0.0004935388 +0.0075515747 +0.0001525572 -0.4854375000 +0.0014139726 +0.2756359375 +0.0014856374 +0.2618744099 +0.1263766790 +0.0607364585
+4.6000000000 +0.1795296875 +0.0009370155 +0.0008296875 +0.0015778178 +0.0497908691 +0.0004705739 +0.0069079264 +0.0001375818 -0.4704687500 +0.0014013347 +0.2606156250 +0.0014252479 +0.2443124932 +0.1187895056 +0.0711896773
+4.7000000000 +0.1767890625 +0.0009216783 +0.0017234375 +0.0015530811 +0.0482441895 +0.0004575999 +0.0065154555 +0.0001323451 -0.4596187500 +0.0013960571 +0.2502289062 +0.0013892690 +0.2313506973 +0.1129329424 +0.0668885928
+4.8000000000 +0.1738390625 +0.0009115805 -0.0011140625 +0.0015303326 +0.0468395996 +0.0004496921 +0.0062384077 +0.0001303380 -0.4494781250 +0.0013895762 +0.2406490234 +0.0013577267 +0.2215943994 +0.1072734405 +0.0521793894
+4.9000000000 +0.1733750000 +0.0009050638 +0.0004968750 +0.0015238348 +0.0464416992 +0.0004421772 +0.0060672452 +0.0001242563 -0.4389468750 +0.0013937860 +0.2315271484 +0.0013320310 +0.2139795408 +0.1035642865 +0.0623212176
+5.0000000000 +0.1712562500 +0.0009003989 +0.0000375000 +0.0015090239 +0.0455430664 +0.0004319396 +0.0058056066 +0.0001145619 -0.4290187500 +0.0013907679 +0.2227417969 +0.0012904871 +0.2075438495 +0.0990328551 +0.0669996443
