# T, am1a, am1e, m1a, m1e, m2a, m2e, m4a, m4e, e1a, e1e, e2a, e2e, susc, susce, spec, spece, bind, binde
+0.5000000000 +0.9999998828 +0.0000000791 -0.0206798828 +0.0149722964 +0.9999997665 +0.0000001576 +0.9999995367 +0.0000003127 -1.9999995313 +0.0000003164 +3.9999981396 +0.0000012556 +0.0000004687 +0.0000003164 +0.0000149988 +0.0000101233 +0.6666666655 +0.0000000008
+0.6000000000 +0.9999971484 +0.0000001996 -0.0207498828 +0.0149864078 +0.9999943198 +0.0000003978 +0.9999887303 +0.0000007906 -1.9999885937 +0.0000007983 +3.9999547412 +0.0000031725 +0.0000097620 +0.0000005891 +0.0002603196 +0.0000157104 +0.6666666364 +0.0000000018
+0.7000000000 +0.9999776953 +0.0000008898 -0.0206298047 +0.0150497813 +0.9999555673 +0.0000017725 +0.9999118358 +0.0000035167 -1.9999108594 +0.0000035432 +3.9996462561 +0.0000140606 +0.0000644357 +0.0000026153 +0.0014683595 +0.0000587651 +0.6666664336 +0.0000000095
+0.8000000000 +0.9999055469 +0.0000018536 -0.0210878125 +0.0152201889 +0.9998118616 +0.0000036904 +0.9996267685 +0.0000073149 -1.9996246875 +0.0000073647 +3.9985107471 +0.0000291989 +0.0002428373 +0.0000054660 +0.0047422674 +0.0001034493 +0.6666656630 +0.0000000225
+0.9000000000 +0.9997032813 +0.0000026449 -0.0209577344 +0.0151829140 +0.9994090686 +0.0000052666 +0.9988280712 +0.0000104420 -1.9988271094 +0.0000107154 +3.9953469397 +0.0000424802 +0.0006877843 +0.0000065808 +0.0117334524 +0.0001167747 +0.6666634680 +0.0000000306
+1.0000000000 +0.9992657031 +0.0000042100 -0.0196560937 +0.0149014042 +0.9985381781 +0.0000083707 +0.9971031593 +0.0000165480 -1.9971213281 +0.0000173884 +3.9885865564 +0.0000687597 +0.0015955152 +0.0000138601 +0.0237962550 +0.0001957279 +0.6666584207 +0.0000000710
+1.1000000000 +0.9984467969 +0.0000066426 -0.0197693750 +0.0147215352 +0.9969096075 +0.0000132120 +0.9938824742 +0.0000261341 -1.9939623438 +0.0000252811 +3.9760826221 +0.0001000526 +0.0031653033 +0.0000148148 +0.0416343560 +0.0001795618 +0.6666486532 +0.0000000843
+1.2000000000 +0.9970360937 +0.0000113697 -0.0184846094 +0.0142392459 +0.9941083350 +0.0000225703 +0.9883589734 +0.0000444842 -1.9886242188 +0.0000434033 +3.9550025293 +0.0001716791 +0.0058371046 +0.0000273973 +0.0668848105 +0.0002182247 +0.6666303780 +0.0000001672
+1.3000000000 +0.9947722656 +0.0000162240 -0.0193080469 +0.0145061205 +0.9896232068 +0.0000320920 +0.9795548178 +0.0000628081 -1.9802677344 +0.0000570430 +3.9221238562 +0.0002243063 +0.0101107590 +0.0000525824 +0.1005101225 +0.0003377000 +0.6665983507 +0.0000003501
+1.4000000000 +0.9913706641 +0.0000238262 -0.0193770703 +0.0143155017 +0.9829083884 +0.0000470117 +0.9664674480 +0.0000915387 -1.9680602344 +0.0000754597 +3.8743696057 +0.0002954412 +0.0169305831 +0.0000918460 +0.1447787942 +0.0004293394 +0.6665429653 +0.0000006497
+1.5000000000 +0.9864182812 +0.0000375901 -0.0204039062 +0.0134425559 +0.9731803033 +0.0000736588 +0.9476885199 +0.0001416302 -1.9508165625 +0.0001372218 +3.8074262964 +0.0005321225 +0.0271809929 +0.0001805498 +0.1980697673 +0.0006546781 +0.6664524765 +0.0000013551
+1.6000000000 +0.9796592578 +0.0000404591 -0.0224571484 +0.0137208620 +0.9599972836 +0.0000784411 +0.9225885750 +0.0001476344 -1.9283275000 +0.0001295197 +3.7210261133 +0.0004936042 +0.0424009349 +0.0001951722 +0.2578998271 +0.0009938140 +0.6663072412 +0.0000016157
+1.7000000000 +0.9700758984 +0.0000358339 -0.0202867578 +0.0131821907 +0.9415085727 +0.0000678691 +0.8881187401 +0.0001227693 -1.8981988281 +0.0001240259 +3.6070140808 +0.0004622574 +0.0694680279 +0.0004342357 +0.3414930063 +0.0013878414 +0.6660348087 +0.0000036428
+1.8000000000 +0.9568053516 +0.0000868434 -0.0167139453 +0.0135239857 +0.9162815469 +0.0001622253 +0.8423775194 +0.0002857216 -1.8591707813 +0.0002055531 +3.4620777661 +0.0007539902 +0.1144875719 +0.0008597609 +0.4394152880 +0.0018307957 +0.6655528342 +0.0000065779
+1.9000000000 +0.9382473047 +0.0000850252 -0.0162511328 +0.0135082982 +0.8817853708 +0.0001547906 +0.7823569726 +0.0002619112 -1.8093910156 +0.0001622050 +3.2818080994 +0.0005798449 +0.1990458937 +0.0011187687 +0.5610717845 +0.0020152955 +0.6646040483 +0.0000099270
+2.0000000000 +0.9112928516 +0.0002004968 -0.0188477734 +0.0128009758 +0.8335087936 +0.0003386806 +0.7035111260 +0.0005022080 -1.7455879688 +0.0002929556 +3.0583852734 +0.0010064265 +0.3908774837 +0.0046159411 +0.7236517480 +0.0034527157 +0.6624570898 +0.0000434909
+2.1000000000 +0.8685833203 +0.0003407148 -0.0163885547 +0.0118437891 +0.7620625760 +0.0005267306 +0.5982115200 +0.0007058141 -1.6621358594 +0.0004859584 +2.7792422351 +0.0015745285 +0.9294544210 +0.0118537472 +0.9603923320 +0.0040139237 +0.6566386090 +0.0000929274
+2.2000000000 +0.7937351953 +0.0008768822 -0.0140823047 +0.0098209487 +0.6508056522 +0.0010953974 +0.4585399573 +0.0011217282 -1.5497668750 +0.0008135595 +2.4261972559 +0.0024133018 +2.4183159457 +0.0381545391 +1.2912804084 +0.0082613654 +0.6391265948 +0.0003678942
+2.3000000000 +0.6689844531 +0.0015927603 -0.0101614062 +0.0080263589 +0.4913893127 +0.0018769902 +0.2954996278 +0.0016636739 -1.4060879688 +0.0012524098 +2.0089097778 +0.0034936337 +4.8777733976 +0.0349664689 +1.5394222053 +0.0039931598 +0.5920675055 +0.0008479597
+2.4000000000 +0.5175321484 +0.0015584114 -0.0090718359 +0.0058295189 +0.3247116037 +0.0015556660 +0.1575624449 +0.0011124752 -1.2563085937 +0.0010745532 +1.6099807153 +0.0027258556 +6.0637645410 +0.0238448424 +1.4070171536 +0.0060619305 +0.5018664528 +0.0014327866
+2.5000000000 +0.3889945312 +0.0012246754 -0.0055220313 +0.0035074320 +0.2022381116 +0.0011011520 +0.0757949116 +0.0006469961 -1.1316935156 +0.0007682620 +1.3067926477 +0.0017649300 +5.2128120762 +0.0230286949 +1.0672755561 +0.0034688649 +0.3822884723 +0.0019567201
+2.6000000000 +0.3041614063 +0.0009631091 -0.0025937500 +0.0018883196 +0.1315910321 +0.0008272307 +0.0376180294 +0.0004254125 -1.0388378906 +0.0005631725 +1.1002566833 +0.0012531363 +3.8466555334 +0.0246827393 +0.7978924958 +0.0036806114 +0.2760221091 +0.0014154576
+2.7000000000 +0.2508227344 +0.0005975494 -0.0006106250 +0.0012098224 +0.0926646844 +0.0004316062 +0.0206053063 +0.0001794849 -0.9678838281 +0.0001659454 +0.9548157385 +0.0003302399 +2.8206525361 +0.0141834528 +0.6326732168 +0.0027455988 +0.2002246333 +0.0015619964
+2.8000000000 +0.2153223437 +0.0005425843 -0.0005153906 +0.0008493430 +0.0696690729 +0.0003133899 +0.0123828270 +0.0000980747 -0.9097981250 +0.0002570298 +0.8439327295 +0.0004561878 +2.1305067136 +0.0089004419 +0.5289613256 +0.0015993440 +0.1496822491 +0.0018090676
+2.9000000000 +0.1905562109 +0.0004631020 -0.0006901172 +0.0007091587 +0.0552043600 +0.0002376013 +0.0081101631 +0.0000731774 -0.8608974219 +0.0001968262 +0.7562243665 +0.0003609814 +1.6675792229 +0.0080102479 +0.4590225521 +0.0015945254 +0.1130468147 +0.0034882438
+3.0000000000 +0.1716653516 +0.0004097718 -0.0006591016 +0.0006609434 +0.0451922348 +0.0001924338 +0.0055870098 +0.0000493739 -0.8174603906 +0.0002770595 +0.6824500671 +0.0004696509 +1.3415733544 +0.0058055795 +0.4041332417 +0.0011993511 +0.0882736449 +0.0029654712
+3.1000000000 +0.1577613672 +0.0002592804 -0.0000804297 +0.0005377668 +0.0383671280 +0.0001116211 +0.0040924125 +0.0000238504 -0.7792397656 +0.0002674562 +0.6207331091 +0.0004179449 +1.1130059768 +0.0038970887 +0.3600990694 +0.0006874481 +0.0733467439 +0.0023884096
+3.2000000000 +0.1468896875 +0.0002677862 -0.0004107031 +0.0004380220 +0.0333304504 +0.0001158312 +0.0031205429 +0.0000212868 -0.7454196094 +0.0003087241 +0.5686792029 +0.0004817624 +0.9402522441 +0.0036100195 +0.3256963934 +0.0012900482 +0.0637372885 +0.0029348396
+3.3000000000 +0.1379726953 +0.0002238952 -0.0002297266 +0.0003848307 +0.0294982376 +0.0001005742 +0.0024722840 +0.0000205953 -0.7140190625 +0.0002624110 +0.5223522583 +0.0003794858 +0.8115410748 +0.0033296369 +0.2945139680 +0.0007472333 +0.0530900995 +0.0033029587
+3.4000000000 +0.1306327734 +0.0001831439 -0.0001734766 +0.0002979439 +0.0265131662 +0.0000711398 +0.0020151702 +0.0000154694 -0.6861876563 +0.0002136278 +0.4830386206 +0.0003184773 +0.7113719933 +0.0024403775 +0.2698334039 +0.0009783199 +0.0445655807 +0.0035678509
+3.5000000000 +0.1242948047 +0.0001650156 -0.0002726953 +0.0002645921 +0.0240420206 +0.0000754655 +0.0016708354 +0.0000152773 -0.6599311719 +0.0002314700 +0.4473389954 +0.0003180772 +0.6284836422 +0.0033057098 +0.2472083950 +0.0004421440 +0.0366689082 +0.0043202943
+3.6000000000 +0.1188004297 +0.0001905866 -0.0001688672 +0.0003470260 +0.0219747141 +0.0000780814 +0.0014000282 +0.0000123845 -0.6365188281 +0.0002088414 +0.4167276086 +0.0002787853 +0.5589908426 +0.0028101539 +0.2285620531 +0.0008908309 +0.0337967728 +0.0025955154
+3.7000000000 +0.1143205469 +0.0001392763 +0.0000806250 +0.0003411265 +0.0203637677 +0.0000641574 +0.0012031703 +0.0000099046 -0.6143435156 +0.0002148174 +0.3887090417 +0.0002718775 +0.5046926726 +0.0024324210 +0.2111322150 +0.0005677064 +0.0330533969 +0.0027075780
+3.8000000000 +0.1105495703 +0.0002293304 +0.0003443359 +0.0003432866 +0.0189979056 +0.0000751267 +0.0010406652 +0.0000102570 -0.5939098437 +0.0001985992 +0.3638214160 +0.0002419206 +0.4565000191 +0.0020017456 +0.1966469867 +0.0004895161 +0.0391359261 +0.0033655098
+3.9000000000 +0.1068743750 +0.0001962413 +0.0003560156 +0.0002513767 +0.0177856128 +0.0000620337 +0.0009190140 +0.0000076949 -0.5752799219 +0.0002115972 +0.3418224524 +0.0002426075 +0.4176801250 +0.0017184532 +0.1830377471 +0.0003606458 +0.0317560425 +0.0028891134
+4.0000000000 +0.1035722656 +0.0001674613 +0.0005606250 +0.0002235337 +0.0167657434 +0.0000478784 +0.0008234064 +0.0000037537 -0.5577587500 +0.0001275914 +0.3217665186 +0.0001483942 +0.3864479212 +0.0011147225 +0.1707445209 +0.0004965135 +0.0235289778 +0.0030871351
+4.1000000000 +0.1005864063 +0.0001107804 +0.0001652344 +0.0002071271 +0.0158281952 +0.0000249563 +0.0007348262 +0.0000030895 -0.5413238281 +0.0001291102 +0.3035673376 +0.0001330157 +0.3565547611 +0.0010236132 +0.1604482521 +0.0003838004 +0.0223240695 +0.0031107944
+4.2000000000 +0.0982645703 +0.0001391074 +0.0000893359 +0.0001245723 +0.0150809641 +0.0000361931 +0.0006660466 +0.0000046600 -0.5255038281 +0.0001774138 +0.2865090295 +0.0001933813 +0.3306572046 +0.0011678047 +0.1502685375 +0.0003444985 +0.0239122082 +0.0043836544
+4.3000000000 +0.0959018359 +0.0000764728 +0.0001491797 +0.0002606038 +0.0143823953 +0.0000223901 +0.0006082827 +0.0000018331 -0.5107448437 +0.0001823334 +0.2710785156 +0.0001842277 +0.3086987733 +0.0008590986 +0.1414699440 +0.0003552271 +0.0197796929 +0.0022016313
+4.4000000000 +0.0938036328 +0.0001043340 +0.0000124609 +0.0001641461 +0.0137575089 +0.0000275614 +0.0005542893 +0.0000030248 -0.4967576562 +0.0002558545 +0.2568947803 +0.0002740661 +0.2884816562 +0.0008119638 +0.1338969470 +0.0004071884 +0.0238583875 +0.0032896839
+4.5000000000 +0.0917302344 +0.0000886268 -0.0002946875 +0.0002346152 +0.0131720502 +0.0000342338 +0.0005101050 +0.0000043661 -0.4835535156 +0.0002549824 +0.2438240442 +0.0002441194 +0.2706509213 +0.0012052588 +0.1264120612 +0.0002615138 +0.0202037811 +0.0038539764
+4.6000000000 +0.0899904297 +0.0001348237 -0.0000789453 +0.0002023792 +0.0126726572 +0.0000310496 +0.0004729609 +0.0000024656 -0.4716493750 +0.0001545805 +0.2322923340 +0.0001601551 +0.2545640601 +0.0007353438 +0.1190347021 +0.0003899023 +0.0183589191 +0.0027766177
+4.7000000000 +0.0883998437 +0.0001452893 +0.0001821875 +0.0002435427 +0.0122288794 +0.0000334341 +0.0004405332 +0.0000029470 -0.4596897656 +0.0001142319 +0.2210722717 +0.0001158603 +0.2404295315 +0.0006226353 +0.1130787650 +0.0003537248 +0.0181112507 +0.0043066511
+4.8000000000 +0.0868022266 +0.0001642592 +0.0000407422 +0.0002584336 +0.0118098282 +0.0000414063 +0.0004130751 +0.0000027407 -0.4486850000 +0.0002561211 +0.2110265039 +0.0002280170 +0.2279963647 +0.0007880715 +0.1078624300 +0.0002858681 +0.0127859872 +0.0038658803
+4.9000000000 +0.0858076172 +0.0001519553 -0.0000145703 +0.0002460813 +0.0115272672 +0.0000374641 +0.0003915702 +0.0000022195 -0.4382909375 +0.0002254329 +0.2016980469 +0.0002088191 +0.2175524090 +0.0007630947 +0.1023423470 +0.0003428865 +0.0177016227 +0.0037619834
+5.0000000000 +0.0844614063 +0.0001229899 +0.0002768750 +0.0001878889 +0.0111586572 +0.0000335379 +0.0003679719 +0.0000028772 -0.4286722656 +0.0001750539 +0.1933184778 +0.0001403872 +0.2060685730 +0.0008985164 +0.0978765827 +0.0003927736 +0.0150424868 +0.0042451086
