# T, am1a, am1e, m1a, m1e, m2a, m2e, m4a, m4e, e1a, e1e, e2a, e2e, susc, spec, bind
+0.5000000000 +0.9999984375 +0.0000015625 -0.0525015625 +0.0070613048 +0.9999969238 +0.0000030761 +0.9999940369 +0.0000059629 -1.9999937500 +0.0000062498 +3.9999757812 +0.0000242181 +0.0000062497 +0.0001999900 +0.6666666036
+0.6000000000 +0.9999953125 +0.0000027061 -0.0524015625 +0.0070613202 +0.9999907715 +0.0000053277 +0.9999821107 +0.0000103276 -1.9999812500 +0.0000108245 +3.9999273438 +0.0000419450 +0.0000156227 +0.0004166042 +0.6666664774
+0.7000000000 +0.9999765625 +0.0000060493 -0.0518140625 +0.0070614062 +0.9999538574 +0.0000119095 +0.9999105537 +0.0000230863 -1.9999062500 +0.0000241971 +3.9996367188 +0.0000937636 +0.0000669141 +0.0015294643 +0.6666657210
+0.8000000000 +0.9999000000 +0.0000128653 -0.0514031250 +0.0070610234 +0.9998033203 +0.0000252815 +0.9996194624 +0.0000488375 -1.9996062500 +0.0000501177 +3.9984753906 +0.0001939888 +0.0002648250 +0.0050235586 +0.6666624040
+0.9000000000 +0.9996875000 +0.0000235932 -0.0501906250 +0.0070599828 +0.9993862305 +0.0000461635 +0.9988154590 +0.0000885177 -1.9987812500 +0.0000892895 +3.9952859375 +0.0003448958 +0.0007916667 +0.0125986883 +0.6666524421
+1.0000000000 +0.9992625000 +0.0000353850 -0.0478437500 +0.0070578381 +0.9985505859 +0.0000694442 +0.9971997225 +0.0001338182 -1.9971156250 +0.0001364449 +3.9888431641 +0.0005272004 +0.0016026900 +0.0238300444 +0.6666344233
+1.1000000000 +0.9985015625 +0.0000507516 -0.0473328125 +0.0070527175 +0.9970568848 +0.0000994504 +0.9943202389 +0.0001911191 -1.9941593750 +0.0001939601 +3.9774240234 +0.0007483942 +0.0029972044 +0.0397969210 +0.6666003410
+1.2000000000 +0.9969359375 +0.0000763985 -0.0469765625 +0.0070419855 +0.9939979980 +0.0001486965 +0.9884742332 +0.0002824602 -1.9883437500 +0.0002781839 +3.9550585938 +0.0010683817 +0.0062258436 +0.0687878038 +0.6665174768
+1.3000000000 +0.9945015625 +0.0001059028 -0.0457484375 +0.0070255418 +0.9892576660 +0.0002049407 +0.9794707432 +0.0003853952 -1.9793062500 +0.0003774071 +3.9205019531 +0.0014394083 +0.0110428653 +0.1078805902 +0.6663805480
+1.4000000000 +0.9913171875 +0.0001355597 -0.0446765625 +0.0070038607 +0.9830772949 +0.0002608280 +0.9678015926 +0.0004859878 -1.9677812500 +0.0004706752 +3.8765937500 +0.0017855311 +0.0168013115 +0.1446759885 +0.6661973761
+1.5000000000 +0.9865234375 +0.0001775310 -0.0446484375 +0.0069708872 +0.9738588379 +0.0003378093 +0.9506833382 +0.0006176110 -1.9510968750 +0.0005892133 +3.8137224609 +0.0022109715 +0.0268947266 +0.1975024442 +0.6658645088
+1.6000000000 +0.9795359375 +0.0002298970 -0.0406984375 +0.0069242016 +0.9605477051 +0.0004312221 +0.9263709445 +0.0007707733 -1.9279093750 +0.0007219228 +3.7272580078 +0.0026743099 +0.0422820890 +0.2605862400 +0.6653230575
+1.7000000000 +0.9697984375 +0.0003052698 -0.0452890625 +0.0068568276 +0.9423728027 +0.0005545516 +0.8942170494 +0.0009499234 -1.8973437500 +0.0008757914 +3.6152535156 +0.0031803870 +0.0701663381 +0.3397139922 +0.6643580745
+1.8000000000 +0.9563250000 +0.0004064371 -0.0371687500 +0.0067693420 +0.9178613281 +0.0007112235 +0.8525861940 +0.0011603408 -1.8579468750 +0.0010651257 +3.4746564453 +0.0037675568 +0.1174692444 +0.4481946665 +0.6626638403
+1.9000000000 +0.9377359375 +0.0005430173 -0.0340171875 +0.0066486423 +0.8852460449 +0.0008960770 +0.7997196390 +0.0013781351 -1.8081531250 +0.0012677346 +3.3015607422 +0.0043464687 +0.1986477960 +0.5698485317 +0.6598358695
+2.0000000000 +0.9108781250 +0.0007273388 -0.0250437500 +0.0064793989 +0.8402793945 +0.0011254326 +0.7314014298 +0.0016056807 -1.7429375000 +0.0014972456 +3.0826660156 +0.0049359043 +0.3385739497 +0.7173581875 +0.6547075180
+2.1000000000 +0.8733843750 +0.0009759367 -0.0217343750 +0.0062505077 +0.7818493164 +0.0013949324 +0.6502050815 +0.0018206277 -1.6635125000 +0.0017460277 +2.8282460937 +0.0054876967 +0.5805424735 +0.8848581383 +0.6454455154
+2.2000000000 +0.8215234375 +0.0012545770 -0.0169828125 +0.0059417658 +0.7063800293 +0.0016612166 +0.5541655605 +0.0019744736 -1.5657812500 +0.0019843206 +2.5304214844 +0.0059128568 +0.9157606090 +1.0413297392 +0.6297957052
+2.3000000000 +0.7546468750 +0.0015432326 -0.0168656250 +0.0055535520 +0.6171232422 +0.0018932634 +0.4525300201 +0.0020535791 -1.4530375000 +0.0022062322 +2.2086671875 +0.0061996266 +1.3253937041 +1.1777598318 +0.6039205285
+2.4000000000 +0.6783546875 +0.0017508509 -0.0107109375 +0.0051056828 +0.5214746582 +0.0020063928 +0.3524480635 +0.0019930931 -1.3343718750 +0.0023177636 +1.8879888672 +0.0061435506 +1.6349220307 +1.1937840711 +0.5679764137
+2.5000000000 +0.6034625000 +0.0018469715 -0.0021750000 +0.0046496685 +0.4323930664 +0.0019942613 +0.2665053267 +0.0018309975 -1.2233812500 +0.0023148134 +1.6038289062 +0.0058056842 +1.7465875840 +1.0973923676 +0.5248538697
+2.6000000000 +0.5314671875 +0.0018649313 +0.0034484375 +0.0041952643 +0.3520167480 +0.0018976656 +0.1959384861 +0.0016021413 -1.1179031250 +0.0022454101 +1.3505447266 +0.0052822260 +1.7122308100 +0.9546729437 +0.4729257005
+2.7000000000 +0.4704765625 +0.0018301044 +0.0008984375 +0.0037969266 +0.2883338379 +0.0017519594 +0.1445236351 +0.0013689062 -1.0293218750 +0.0021469977 +1.1516955078 +0.0047475619 +1.5878078111 +0.8093672249 +0.4205360847
+2.8000000000 +0.4181312500 +0.0017613783 +0.0043000000 +0.0034413974 +0.2368828125 +0.0015881306 +0.1065566402 +0.0011469001 -0.9535562500 +0.0020293839 +0.9916375000 +0.0042165713 +1.4182644634 +0.6723916578 +0.3670168309
+2.9000000000 +0.3788968750 +0.0016705186 +0.0061343750 +0.0031570386 +0.1993754883 +0.0014313635 +0.0807266147 +0.0009562313 -0.8928250000 +0.0019254596 +0.8712843750 +0.0037553544 +1.2317273688 +0.5642645945 +0.3230572246
+3.0000000000 +0.3446781250 +0.0015859986 +0.0082562500 +0.0029072554 +0.1691108398 +0.0012871574 +0.0617339612 +0.0007985638 -0.8420062500 +0.0018288338 +0.7758671875 +0.0033743656 +1.0732337065 +0.4756811553 +0.2804516242
+3.1000000000 +0.3183828125 +0.0015107769 +0.0095265625 +0.0027104040 +0.1470165527 +0.0011733201 +0.0491474666 +0.0006830287 -0.7943312500 +0.0017730344 +0.6938351563 +0.0030867936 +0.9424296762 +0.4187173130 +0.2420380379
+3.2000000000 +0.2983625000 +0.0014290211 +0.0056375000 +0.0025478464 +0.1298622070 +0.0010586110 +0.0392773381 +0.0005745381 -0.7586656250 +0.0016985015 +0.6332716797 +0.0028184256 +0.8168405125 +0.3606134321 +0.2236541538
+3.3000000000 +0.2812468750 +0.0013717664 +0.0039593750 +0.0024157710 +0.1167346680 +0.0009776959 +0.0327447700 +0.0005029017 -0.7245093750 +0.0016541383 +0.5796373047 +0.0026127665 +0.7298882574 +0.3216071712 +0.1990212688
+3.4000000000 +0.2627562500 +0.0013226887 +0.0012500000 +0.0022806731 +0.1040309570 +0.0009077142 +0.0273013413 +0.0004432591 -0.6915718750 +0.0016133903 +0.5303322266 +0.0024348285 +0.6586373669 +0.2882245994 +0.1591131855
+3.5000000000 +0.2496171875 +0.0012630877 -0.0006078125 +0.0021704399 +0.0942165527 +0.0008339885 +0.0227874940 +0.0003842665 -0.6661718750 +0.0015789508 +0.4936466797 +0.0022817485 +0.5834571417 +0.2605020089 +0.1443012579
+3.6000000000 +0.2389843750 +0.0012091498 -0.0009000000 +0.0020779026 +0.0863543945 +0.0007727295 +0.0193992978 +0.0003421383 -0.6394343750 +0.0015492382 +0.4568791016 +0.0021575984 +0.5198375651 +0.2370507735 +0.1328467253
+3.7000000000 +0.2302265625 +0.0011717683 -0.0006265625 +0.0020058003 +0.0804650879 +0.0007260368 +0.0170172181 +0.0003024878 -0.6172906250 +0.0015480857 +0.4289791016 +0.0020620991 +0.4749979297 +0.2240766029 +0.1239027252
+3.8000000000 +0.2221515625 +0.0011429322 -0.0005328125 +0.0019426388 +0.0754771973 +0.0006883658 +0.0151737576 +0.0002756454 -0.5957718750 +0.0015151548 +0.4008580078 +0.0019544648 +0.4400148302 +0.2034964245 +0.1121484495
+3.9000000000 +0.2169906250 +0.0011071485 -0.0000312500 +0.0018920952 +0.0716004883 +0.0006454385 +0.0134584460 +0.0002403185 -0.5782375000 +0.0014880643 +0.3786453125 +0.0018488244 +0.4023065755 +0.1863477442 +0.1249322180
+4.0000000000 +0.2104500000 +0.0010735855 -0.0020437500 +0.0018348943 +0.0673409180 +0.0006101175 +0.0119796670 +0.0002148128 -0.5589000000 +0.0014732632 +0.3557792969 +0.0017730306 +0.3688274475 +0.1736403475 +0.1194268749
+4.1000000000 +0.2046984375 +0.0010519041 -0.0022609375 +0.0017892230 +0.0640314941 +0.0005926759 +0.0111253260 +0.0002152978 -0.5419750000 +0.0014614148 +0.3364515625 +0.0017214036 +0.3454445865 +0.1626257204 +0.0955090629
+4.2000000000 +0.1966828125 +0.0010209453 -0.0020328125 +0.0017252041 +0.0595307129 +0.0005536992 +0.0096755614 +0.0001845626 -0.5241625000 +0.0014439962 +0.3164488281 +0.0016415830 +0.3176622348 +0.1513015935 +0.0899342902
+4.3000000000 +0.1939375000 +0.0010103049 -0.0011062500 +0.0017033034 +0.0580260742 +0.0005441106 +0.0092881520 +0.0001790596 -0.5104718750 +0.0014425778 +0.3022021484 +0.0015956767 +0.3038410465 +0.1440626960 +0.0804789362
+4.4000000000 +0.1884203125 +0.0009820206 -0.0002046875 +0.0016551353 +0.0547895020 +0.0005128040 +0.0082612475 +0.0001604028 -0.4973250000 +0.0014365124 +0.2886035156 +0.0015536931 +0.2805423679 +0.1364342479 +0.0826613899
+4.5000000000 +0.1849984375 +0.0009578990 -0.0002078125 +0.0016213542 +0.0525758301 +0.0004944598 +0.0076540268 +0.0001515970 -0.4854062500 +0.0014125745 +0.2755265625 +0.0014872491 +0.2609978055 +0.1261268858 +0.0770111600
+4.6000000000 +0.1811578125 +0.0009465207 +0.0017203125 +0.0015926899 +0.0507361816 +0.0004774441 +0.0071332179 +0.0001389487 -0.4713250000 +0.0014007324 +0.2613882813 +0.0014242666 +0.2492943111 +0.1186874121 +0.0763048262
+4.7000000000 +0.1768031250 +0.0009233947 -0.0000312500 +0.0015542281 +0.0483125000 +0.0004612082 +0.0065883575 +0.0001342106 -0.4592031250 +0.0013981550 +0.2499642578 +0.0013876307 +0.2322131743 +0.1132726057 +0.0591142682
+4.8000000000 +0.1745843750 +0.0009145494 -0.0010218750 +0.0015363377 +0.0472077148 +0.0004502152 +0.0062824424 +0.0001320444 -0.4492656250 +0.0013991147 +0.2409900391 +0.0013732933 +0.2230401447 +0.1087512146 +0.0603171456
+4.9000000000 +0.1724750000 +0.0009082180 -0.0007437500 +0.0015205964 +0.0462448242 +0.0004421827 +0.0060490943 +0.0001206734 -0.4373468750 +0.0013972171 +0.2303166016 +0.0013259755 +0.2154736143 +0.1040748021 +0.0571495041
+5.0000000000 +0.1676406250 +0.0008834315 -0.0004968750 +0.0014783801 +0.0437124023 +0.0004214270 +0.0054627877 +0.0001156566 -0.4276437500 +0.0013793561 +0.2209316406 +0.0012860190 +0.1997954969 +0.0974143071 +0.0470201457
