# T, am1a, am1e, m1a, m1e, m2a, m2e, m4a, m4e, e1a, e1e, e2a, e2e, susc, spec, bind
+0.5000000000 +1.0000000000 +0.0000000000 -0.0587000000 +0.0070588749 +1.0000000000 +0.0000000000 +1.0000000000 +0.0000000000 -2.0000000000 +0.0000000000 +4.0000000000 +0.0000000000 +0.0000000000 +0.0000000000 +0.6666666667
+0.6000000000 +0.9999968750 +0.0000011046 -0.0587007813 +0.0070588526 +0.9999937744 +0.0000022006 +0.9999876457 +0.0000043670 -1.9999875000 +0.0000044185 +3.9999503906 +0.0000175361 +0.0000104125 +0.0002776667 +0.6666666344
+0.7000000000 +0.9999835938 +0.0000025289 -0.0585007813 +0.0070588419 +0.9999673157 +0.0000050380 +0.9999351400 +0.0000099976 -1.9999343750 +0.0000101155 +3.9997395508 +0.0000401460 +0.0000467766 +0.0010691786 +0.6666664974
+0.8000000000 +0.9999050781 +0.0000061024 -0.0604839844 +0.0070574521 +0.9998109100 +0.0000121555 +0.9996248109 +0.0000241157 -1.9996218750 +0.0000242350 +3.9984993896 +0.0000961755 +0.0002383277 +0.0046986680 +0.6666656813
+0.9000000000 +0.9996992188 +0.0000111198 -0.0606750000 +0.0070559179 +0.9994010010 +0.0000221381 +0.9988121626 +0.0000438742 -1.9988117188 +0.0000435776 +3.9952862671 +0.0001728025 +0.0007034332 +0.0120035801 +0.6666633955
+1.0000000000 +0.9992621094 +0.0000177577 -0.0524636719 +0.0070561272 +0.9985310699 +0.0000353232 +0.9970892522 +0.0000698890 -1.9971125000 +0.0000683269 +3.9885517090 +0.0002706489 +0.0016145187 +0.0239030600 +0.6666583240
+1.1000000000 +0.9984273437 +0.0000262492 -0.0511000000 +0.0070507437 +0.9968709412 +0.0000521637 +0.9938060944 +0.0001030124 -1.9938835937 +0.0001000254 +3.9757718872 +0.0003955538 +0.0032070783 +0.0423355835 +0.6666484123
+1.2000000000 +0.9970507813 +0.0000369546 -0.0504328125 +0.0070412858 +0.9941375732 +0.0000732513 +0.9884168297 +0.0001439558 -1.9886742187 +0.0001366827 +3.9551987915 +0.0005389161 +0.0058267415 +0.0664254548 +0.6666304718
+1.3000000000 +0.9947687500 +0.0000508484 -0.0543898437 +0.0070237395 +0.9896165771 +0.0001005161 +0.9795430394 +0.0001964756 -1.9802976563 +0.0001820381 +3.9222415649 +0.0007146763 +0.0101831231 +0.1003940495 +0.6665978892
+1.4000000000 +0.9912636719 +0.0000679680 -0.0512058594 +0.0070002644 +0.9826960602 +0.0001338142 +0.9660496715 +0.0002594961 -1.9677125000 +0.0002357043 +3.8730036133 +0.0009193482 +0.0168947203 +0.1451272653 +0.6665430507
+1.5000000000 +0.9862687500 +0.0000887938 -0.0521679688 +0.0069647765 +0.9728837341 +0.0001736201 +0.9471056386 +0.0003323073 -1.9501585937 +0.0002955564 +3.8048656128 +0.0011419650 +0.0269118983 +0.1987779716 +0.6664543487
+1.6000000000 +0.9793734375 +0.0001163491 -0.0514460937 +0.0069166335 +0.9594430725 +0.0002252211 +0.9215455003 +0.0004229524 -1.9273546875 +0.0003629158 +3.7173302490 +0.0013851080 +0.0433187887 +0.2634157595 +0.6662993095
+1.7000000000 +0.9700648438 +0.0001518931 -0.0601007812 +0.0068479016 +0.9414872314 +0.0002899081 +0.8880791406 +0.0005303869 -1.8982007812 +0.0004384110 +3.6070102905 +0.0016457527 +0.0694859845 +0.3405140674 +0.6660345453
+1.8000000000 +0.9566214844 +0.0002010011 -0.0643714844 +0.0067519960 +0.9159326935 +0.0003763079 +0.8417648510 +0.0006645508 -1.8585500000 +0.0005334515 +3.4598995117 +0.0019587927 +0.1149196962 +0.4496915926 +0.6655413670
+1.9000000000 +0.9381089844 +0.0002708858 -0.0701003906 +0.0066204304 +0.8815160492 +0.0004915889 +0.7819037377 +0.0008225425 -1.8092851563 +0.0006304975 +3.2814633179 +0.0022511321 +0.1977374490 +0.5638056949 +0.6645934132
+2.0000000000 +0.9108988281 +0.0003898420 -0.0772886719 +0.0064296294 +0.8327762115 +0.0006619662 +0.7022802043 +0.0010124516 -1.7448265625 +0.0007515168 +3.0557152832 +0.0025825530 +0.3890606679 +0.7229151998 +0.6624543231
+2.1000000000 +0.8676398438 +0.0006145060 -0.0681625000 +0.0061469713 +0.7603512512 +0.0009306948 +0.5954578832 +0.0012430604 -1.6605359375 +0.0009038347 +2.7737179443 +0.0029510235 +0.9206677648 +0.9484390520 +0.6566782919
+2.2000000000 +0.7923617188 +0.0010244943 -0.0565554687 +0.0056816826 +0.6488288635 +0.0013244055 +0.4560598928 +0.0014609129 -1.5489125000 +0.0010968538 +2.4231916992 +0.0033311595 +2.4426787124 +1.2726884793 +0.6388893448
+2.3000000000 +0.6664738281 +0.0014736418 -0.0296308594 +0.0049332635 +0.4876197662 +0.0016382806 +0.2914523057 +0.0014694121 -1.4034234375 +0.0012552841 +2.0011121094 +0.0035012577 +4.8342152526 +1.5251001322 +0.5914138540
+2.4000000000 +0.5143683594 +0.0016815855 -0.0089441406 +0.0040065534 +0.3211294037 +0.0016051536 +0.1546544579 +0.0011730066 -1.2546500000 +0.0012486459 +1.6053289551 +0.0031891019 +6.0324900864 +1.3858814479 +0.5001024104
+2.5000000000 +0.3871042969 +0.0015762177 -0.0092949219 +0.0031579470 +0.1995389801 +0.0012983271 +0.0735288699 +0.0007708395 -1.1301882812 +0.0011335897 +1.3030260620 +0.0026316766 +5.0881785286 +1.0526929280 +0.3844247638
+2.6000000000 +0.3029492188 +0.0013841753 -0.0043031250 +0.0025502797 +0.1300970520 +0.0009946272 +0.0367109066 +0.0004865186 -1.0380312500 +0.0010225183 +1.0984197510 +0.0021832448 +3.7729302509 +0.7918911243 +0.2769989239
+2.7000000000 +0.2498281250 +0.0012133431 -0.0022929687 +0.0021430453 +0.0918581238 +0.0007649863 +0.0201419970 +0.0003068981 -0.9677742188 +0.0009492985 +0.9546102905 +0.0018768659 +2.7917304167 +0.6329188100 +0.2043059122
+2.8000000000 +0.2154906250 +0.0010736650 -0.0002648437 +0.0018640181 +0.0694913391 +0.0006089044 +0.0122443387 +0.0002069467 -0.9094875000 +0.0008992596 +0.8433408691 +0.0016665243 +2.1078975679 +0.5281095995 +0.1548131776
+2.9000000000 +0.1906699219 +0.0009740289 -0.0008667969 +0.0016632636 +0.0553296661 +0.0005067556 +0.0081973973 +0.0001541947 -0.8617156250 +0.0008711730 +0.7577326660 +0.0015304787 +1.6750033240 +0.4620434004 +0.1074375121
+3.0000000000 +0.1705292969 +0.0008820809 -0.0018316406 +0.0014939582 +0.0446415741 +0.0004162102 +0.0054574890 +0.0001041447 -0.8159250000 +0.0008444019 +0.6799938965 +0.0013974145 +1.3279004163 +0.4056260511 +0.0871643005
+3.1000000000 +0.1571527344 +0.0008173891 -0.0013746094 +0.0013794490 +0.0380594818 +0.0003596185 +0.0040350341 +0.0000800170 -0.7784390625 +0.0008254899 +0.6195960449 +0.0013034038 +1.1034838619 +0.3630530436 +0.0714608666
+3.2000000000 +0.1453234375 +0.0007567367 -0.0000937500 +0.0012761642 +0.0325719116 +0.0003083924 +0.0029630466 +0.0000592785 -0.7437703125 +0.0008040906 +0.5661255127 +0.0012133497 +0.9162408107 +0.3232808735 +0.0690406257
+3.3000000000 +0.1372605469 +0.0007134917 +0.0002488281 +0.0012046121 +0.0290218658 +0.0002720794 +0.0023228129 +0.0000460303 -0.7137945313 +0.0007866886 +0.5218802124 +0.0011399627 +0.7898304478 +0.2909697307 +0.0807316301
+3.4000000000 +0.1301500000 +0.0006820385 +0.0014140625 +0.0011454378 +0.0262425537 +0.0002499344 +0.0019380158 +0.0000388907 -0.6852500000 +0.0007757853 +0.4816044189 +0.0010803754 +0.7005011735 +0.2665601427 +0.0619545653
+3.5000000000 +0.1241445312 +0.0006481473 +0.0003898437 +0.0010911831 +0.0238137634 +0.0002269240 +0.0015969857 +0.0000329197 -0.6591054687 +0.0007660869 +0.4461578003 +0.0010261466 +0.6145388828 +0.2452956757 +0.0613067123
+3.6000000000 +0.1182593750 +0.0006193147 +0.0009929687 +0.0010405601 +0.0216562927 +0.0002087999 +0.0013409433 +0.0000288348 -0.6362070312 +0.0007509321 +0.4160373657 +0.0009712770 +0.5454942542 +0.2227748960 +0.0469384590
+3.7000000000 +0.1139933594 +0.0006011479 +0.0001175781 +0.0010055359 +0.0202220612 +0.0001965077 +0.0011812374 +0.0000255130 -0.6137156250 +0.0007430154 +0.3876883057 +0.0009260993 +0.5000700662 +0.2064724578 +0.0371357016
+3.8000000000 +0.1102566406 +0.0005749703 +0.0005011719 +0.0009687129 +0.0187683441 +0.0001793732 +0.0009957455 +0.0000206894 -0.5933226563 +0.0007469053 +0.3631891235 +0.0009000024 +0.4454276928 +0.1978034192 +0.0577303556
+3.9000000000 +0.1069031250 +0.0005618871 +0.0001453125 +0.0009418758 +0.0177426208 +0.0001728391 +0.0009122676 +0.0000203785 -0.5751250000 +0.0007364154 +0.3416149170 +0.0008635402 +0.4144799321 +0.1825519231 +0.0340259231
+4.0000000000 +0.1039519531 +0.0005508417 +0.0000300781 +0.0009185461 +0.0168745392 +0.0001654613 +0.0008322992 +0.0000183363 -0.5587687500 +0.0007326740 +0.3229587402 +0.0008335596 +0.3883859601 +0.1717795881 +0.0256962718
+4.1000000000 +0.1011917969 +0.0005346913 +0.0000222656 +0.0008932434 +0.0159576752 +0.0001564795 +0.0007443642 +0.0000162880 -0.5413359375 +0.0007279911 +0.3036440186 +0.0008030509 +0.3570198113 +0.1614189089 +0.0256275428
+4.2000000000 +0.0986515625 +0.0005156217 +0.0005015625 +0.0008674443 +0.0150494446 +0.0001444268 +0.0006436679 +0.0000132899 -0.5263843750 +0.0007190253 +0.2874204590 +0.0007715832 +0.3241029362 +0.1500582130 +0.0526735952
+4.3000000000 +0.0957996094 +0.0005137226 +0.0017253906 +0.0008500825 +0.0144557831 +0.0001435395 +0.0006210417 +0.0000141032 -0.5112335937 +0.0007201698 +0.2717326782 +0.0007488022 +0.3142380904 +0.1436160117 +0.0093590867
+4.4000000000 +0.0937207031 +0.0004949561 +0.0011496094 +0.0008270997 +0.0136832001 +0.0001334579 +0.0005434503 +0.0000115795 -0.4967726562 +0.0007154662 +0.2570209106 +0.0007261011 +0.2850693748 +0.1353763788 +0.0324727649
+4.5000000000 +0.0919761719 +0.0004866513 +0.0012613281 +0.0008122381 +0.0131962067 +0.0001288229 +0.0005060465 +0.0000107580 -0.4829484375 +0.0007077665 +0.2432578613 +0.0006975378 +0.2694593691 +0.1266557540 +0.0313409719
+4.6000000000 +0.0897925781 +0.0004804550 +0.0000292969 +0.0007962238 +0.0126794464 +0.0001258724 +0.0004776458 +0.0000105338 -0.4719609375 +0.0007021727 +0.2326080566 +0.0006762512 +0.2569315798 +0.1193004778 +0.0096604083
+4.7000000000 +0.0892707031 +0.0004710132 +0.0006566406 +0.0007875879 +0.0124063263 +0.0001205486 +0.0004445561 +0.0000095137 -0.4600593750 +0.0006959560 +0.2213417236 +0.0006533901 +0.2416785897 +0.1122633023 +0.0372380725
+4.8000000000 +0.0875164062 +0.0004657009 -0.0000406250 +0.0007744891 +0.0119966675 +0.0001179120 +0.0004219847 +0.0000091004 -0.4489523437 +0.0006962111 +0.2112524048 +0.0006357147 +0.2313357929 +0.1077133092 +0.0226408262
+4.9000000000 +0.0858937500 +0.0004543571 +0.0008328125 +0.0007584804 +0.0115065430 +0.0001123331 +0.0003847752 +0.0000082021 -0.4376742188 +0.0006912144 +0.2011142700 +0.0006189533 +0.2157090837 +0.1018833967 +0.0312849432
+5.0000000000 +0.0840656250 +0.0004490118 +0.0010953125 +0.0007449182 +0.0110992615 +0.0001108769 +0.0003690671 +0.0000085545 -0.4285195312 +0.0006919504 +0.1932048950 +0.0006062304 +0.2064502870 +0.0980572811 +0.0013898849
