# T, am1a, am1e, m1a, m1e, m2a, m2e, m4a, m4e, e1a, e1e, e2a, e2e, susc, spec, bind
+0.5000000000 +1.0000000000 +0.0000000000 +0.0183000000 +0.0070698837 +1.0000000000 +0.0000000000 +1.0000000000 +0.0000000000 -2.0000000000 +0.0000000000 +4.0000000000 +0.0000000000 +0.0000000000 +0.0000000000 +0.6666666667
+0.6000000000 +1.0000000000 +0.0000000000 +0.0182000000 +0.0070698966 +1.0000000000 +0.0000000000 +1.0000000000 +0.0000000000 -2.0000000000 +0.0000000000 +4.0000000000 +0.0000000000 +0.0000000000 +0.0000000000 +0.6666666667
+0.7000000000 +1.0000000000 +0.0000000000 +0.0181000000 +0.0070699094 +1.0000000000 +0.0000000000 +1.0000000000 +0.0000000000 -2.0000000000 +0.0000000000 +4.0000000000 +0.0000000000 +0.0000000000 +0.0000000000 +0.6666666667
+0.8000000000 +0.9998250000 +0.0000749898 +0.0182750000 +0.0070690471 +0.9997625000 +0.0000976137 +0.9997156250 +0.0001161132 -1.9994000000 +0.0002449122 +3.9988000000 +0.0004898245 +0.0005623469 +0.0074977500 +0.6666031136
+0.9000000000 +0.9993250000 +0.0001638665 +0.0178750000 +0.0070670644 +0.9991875000 +0.0001882438 +0.9990843750 +0.0002100667 -1.9981000000 +0.0004356828 +3.9962000000 +0.0008713656 +0.0023868639 +0.0187476049 +0.6664300440
+1.0000000000 +0.9983500000 +0.0002395076 +0.0181000000 +0.0070623027 +0.9978500000 +0.0002975212 +0.9974750000 +0.0003465138 -1.9947000000 +0.0007270457 +3.9894000000 +0.0014540915 +0.0045891100 +0.0422876400 +0.6660739951
+1.1000000000 +0.9971000000 +0.0003366445 +0.0191000000 +0.0070573019 +0.9964750000 +0.0003901169 +0.9960062500 +0.0004376823 -1.9917000000 +0.0009091510 +3.9834000000 +0.0018183020 +0.0082421455 +0.0546482975 +0.6656448676
+1.2000000000 +0.9940500000 +0.0004751104 +0.0200500000 +0.0070436070 +0.9926500000 +0.0005588371 +0.9916000000 +0.0006325075 -1.9825000000 +0.0013170754 +3.9650000000 +0.0026341507 +0.0150486583 +0.0963715278 +0.6645537281
+1.3000000000 +0.9911000000 +0.0005742730 +0.0215500000 +0.0070299737 +0.9888750000 +0.0006830990 +0.9872062500 +0.0007780934 -1.9732000000 +0.0016322034 +3.9468000000 +0.0032401370 +0.0202947385 +0.1261106746 +0.6634854502
+1.4000000000 +0.9865000000 +0.0007050798 +0.0199000000 +0.0070097396 +0.9831250000 +0.0008384207 +0.9805937500 +0.0009549511 -1.9595000000 +0.0019919808 +3.9190000000 +0.0039839616 +0.0284078571 +0.1619586735 +0.6618180794
+1.5000000000 +0.9808000000 +0.0008487155 +0.0208000000 +0.0069854934 +0.9763750000 +0.0009936828 +0.9730562500 +0.0011220667 -1.9439000000 +0.0023350888 +3.8878000000 +0.0046701775 +0.0384169600 +0.1938716267 +0.6597615508
+1.6000000000 +0.9749000000 +0.0009478921 +0.0213000000 +0.0069568179 +0.9684000000 +0.0011341614 +0.9635250000 +0.0012965558 -1.9238000000 +0.0027073378 +3.8476000000 +0.0054146756 +0.0449249750 +0.2290524375 +0.6575224001
+1.7000000000 +0.9644000000 +0.0011293281 +0.0212500000 +0.0069105840 +0.9555750000 +0.0013385191 +0.9489562500 +0.0015226609 -1.8932000000 +0.0031889948 +3.7876000000 +0.0063422639 +0.0600179765 +0.2815138547 +0.6535860461
+1.8000000000 +0.9570750000 +0.0012343003 +0.0207250000 +0.0068776194 +0.9464625000 +0.0014613668 +0.9385031250 +0.0016617416 -1.8716000000 +0.0034692466 +3.7436000000 +0.0069276946 +0.0677109875 +0.2971770864 +0.6507731348
+1.9000000000 +0.9468000000 +0.0013719468 +0.0181000000 +0.0068328156 +0.9340750000 +0.0016129963 +0.9245312500 +0.0018274408 -1.8421000000 +0.0038292792 +3.6866000000 +0.0076005935 +0.0792521263 +0.3249502382 +0.6467868666
+2.0000000000 +0.9343750000 +0.0015030113 +0.0163750000 +0.0067748408 +0.9182375000 +0.0017744614 +0.9061343750 +0.0020158453 -1.8038000000 +0.0042160738 +3.6092000000 +0.0083978431 +0.0903617188 +0.3555055600 +0.6417705376
+2.1000000000 +0.9248750000 +0.0015838045 +0.0149750000 +0.0067280690 +0.9055625000 +0.0018846045 +0.8910781250 +0.0021509478 -1.7718000000 +0.0045117888 +3.5464000000 +0.0089684086 +0.0955594940 +0.3692741587 +0.6377923087
+2.2000000000 +0.9094750000 +0.0017247134 +0.0153750000 +0.0066573310 +0.8866375000 +0.0020418536 +0.8695093750 +0.0023249762 -1.7264000000 +0.0048843784 +3.4576000000 +0.0096834969 +0.1081685898 +0.3943330909 +0.6313104546
+2.3000000000 +0.8942750000 +0.0018521572 +0.0161250000 +0.0065881617 +0.8683375000 +0.0021780078 +0.8488843750 +0.0024718474 -1.6834000000 +0.0051892410 +3.3724000000 +0.0102871722 +0.1193212598 +0.4072320907 +0.6247245353
+2.4000000000 +0.8810500000 +0.0019387612 +0.0140000000 +0.0065239137 +0.8514250000 +0.0022834373 +0.8292062500 +0.0025949941 -1.6416000000 +0.0054605377 +3.2912000000 +0.0108000059 +0.1252931625 +0.4141315556 +0.6187160571
+2.5000000000 +0.8666000000 +0.0020378229 +0.0150000000 +0.0064568762 +0.8340500000 +0.0023874474 +0.8096375000 +0.0027064341 -1.6001000000 +0.0057073636 +3.2118000000 +0.0112506461 +0.1328871040 +0.4169471936 +0.6120415754
+2.6000000000 +0.8560500000 +0.0020952732 +0.0163500000 +0.0064045206 +0.8206250000 +0.0024559200 +0.7940562500 +0.0027859306 -1.5669000000 +0.0058848296 +3.1478000000 +0.0115813539 +0.1350821500 +0.4098369172 +0.6069565829
+2.7000000000 +0.8407000000 +0.0021942938 +0.0159500000 +0.0063356949 +0.8030750000 +0.0025487918 +0.7748562500 +0.0028778089 -1.5258000000 +0.0060989112 +3.0720000000 +0.0119390452 +0.1426644593 +0.4081944362 +0.5995136919
+2.8000000000 +0.8271250000 +0.0022344097 +0.0145750000 +0.0062600921 +0.7839875000 +0.0026172311 +0.7516343750 +0.0029712774 -1.4758000000 +0.0063135345 +2.9752000000 +0.0123470340 +0.1426453348 +0.4067420204 +0.5923690956
+2.9000000000 +0.8145750000 +0.0022886139 +0.0136750000 +0.0061971788 +0.7682875000 +0.0026768096 +0.7335718750 +0.0030380549 -1.4379000000 +0.0064523003 +2.9002000000 +0.0126286182 +0.1444897509 +0.3960254887 +0.5857391586
+3.0000000000 +0.8013000000 +0.0023512583 +0.0104500000 +0.0061340883 +0.7526500000 +0.0027356944 +0.7161625000 +0.0030973491 -1.4020000000 +0.0065665668 +2.8280000000 +0.0128732591 +0.1474244133 +0.3832871111 +0.5785906280
+3.1000000000 +0.7863500000 +0.0024143185 +0.0091500000 +0.0060615232 +0.7349250000 +0.0027950089 +0.6963562500 +0.0031574633 -1.3594000000 +0.0067127924 +2.7492000000 +0.0131123975 +0.1504241000 +0.3751224308 +0.5702417911
+3.2000000000 +0.7770000000 +0.0024292077 +0.0094500000 +0.0060069156 +0.7217500000 +0.0028230253 +0.6803125000 +0.0031979539 -1.3272000000 +0.0067680875 +2.6776000000 +0.0133057473 +0.1475262500 +0.3578672500 +0.5646749978
+3.3000000000 +0.7682500000 +0.0024491523 +0.0040500000 +0.0059588531 +0.7101750000 +0.0028484225 +0.6666187500 +0.0032297590 -1.2948000000 +0.0068945375 +2.6272000000 +0.0134287381 +0.1454144697 +0.3491985161 +0.5594192577
+3.4000000000 +0.7533750000 +0.0025036335 +0.0032250000 +0.0058861154 +0.6929375000 +0.0028935013 +0.6476093750 +0.0032714403 -1.2539000000 +0.0069997671 +2.5522000000 +0.0135924155 +0.1474865993 +0.3390777820 +0.5504233544
+3.5000000000 +0.7409750000 +0.0025378982 +0.0031250000 +0.0058217383 +0.6778625000 +0.0029242995 +0.6305281250 +0.0033028050 -1.2140000000 +0.0071281274 +2.4900000000 +0.0137111269 +0.1472211993 +0.3318217143 +0.5425959659
+3.6000000000 +0.7330000000 +0.0025520678 +0.0017500000 +0.0057773131 +0.6675500000 +0.0029397236 +0.6184625000 +0.0033213461 -1.1910000000 +0.0071285307 +2.4348000000 +0.0138038925 +0.1447344444 +0.3136787037 +0.5373798805
+3.7000000000 +0.7206000000 +0.0025832212 +0.0081000000 +0.0057125274 +0.6527250000 +0.0029645305 +0.6018187500 +0.0033445832 -1.1531000000 +0.0072213586 +2.3726000000 +0.0138945479 +0.1442817730 +0.3047364178 +0.5291484919
+3.8000000000 +0.7076500000 +0.0026091807 +0.0135500000 +0.0056424347 +0.6369250000 +0.0029850276 +0.5838812500 +0.0033644298 -1.1153000000 +0.0072632841 +2.2990000000 +0.0139832024 +0.1433226079 +0.2922731053 +0.5202370758
+3.9000000000 +0.7058000000 +0.0026131529 +0.0114500000 +0.0056329118 +0.6347250000 +0.0029878330 +0.5814187500 +0.0033668441 -1.1077000000 +0.0073034263 +2.2938000000 +0.0139887125 +0.1400731897 +0.2805524550 +0.5189429654
+4.0000000000 +0.6990500000 +0.0026053224 +0.0121000000 +0.0055869428 +0.6244250000 +0.0029878895 +0.5684562500 +0.0033750815 -1.0820000000 +0.0072927224 +2.2344000000 +0.0140446727 +0.1357540975 +0.2659190000 +0.5140235480
+4.1000000000 +0.6865500000 +0.0026312934 +0.0068500000 +0.0055216758 +0.6098250000 +0.0030032875 +0.5522812500 +0.0033858843 -1.0468000000 +0.0073328363 +2.1712000000 +0.0140902281 +0.1350966805 +0.2558976228 +0.5049733323
+4.2000000000 +0.6699500000 +0.0026666177 +0.0082500000 +0.0054359081 +0.5910500000 +0.0030210503 +0.5318750000 +0.0033947886 -1.0025000000 +0.0073729022 +2.0922000000 +0.0141271001 +0.1354447595 +0.2465291950 +0.4924955211
+4.3000000000 +0.6692750000 +0.0026559694 +0.0022750000 +0.0054268192 +0.5890125000 +0.0030156251 +0.5288156250 +0.0033938042 -0.9947000000 +0.0073863791 +2.0806000000 +0.0141306469 +0.1312404413 +0.2360566598 +0.4919177755
+4.4000000000 +0.6615000000 +0.0026750491 -0.0006500000 +0.0053884115 +0.5807000000 +0.0030239668 +0.5201000000 +0.0033960160 -0.9706000000 +0.0074697244 +2.0580000000 +0.0141361876 +0.1301070455 +0.2305652149 +0.4858830209
+4.5000000000 +0.6572000000 +0.0026663473 -0.0037000000 +0.0053576409 +0.5741000000 +0.0030181467 +0.5117750000 +0.0033940005 -0.9527000000 +0.0074664674 +2.0226000000 +0.0141412327 +0.1263894756 +0.2202395477 +0.4824137643
+4.6000000000 +0.6485000000 +0.0026853561 -0.0028000000 +0.0053139776 +0.5647750000 +0.0030249831 +0.5019812500 +0.0033939139 -0.9313000000 +0.0074782361 +1.9858000000 +0.0141417792 +0.1254110870 +0.2114329509 +0.4754156713
+4.7000000000 +0.6455750000 +0.0026788096 +0.0008250000 +0.0052928575 +0.5602875000 +0.0030199321 +0.4963218750 +0.0033911444 -0.9198000000 +0.0074644757 +1.9604000000 +0.0141393632 +0.1221450378 +0.2017868646 +0.4729882536
+4.8000000000 +0.6366500000 +0.0026858591 -0.0059500000 +0.0052419681 +0.5496000000 +0.0030187111 +0.4843125000 +0.0033863812 -0.8957000000 +0.0074388222 +1.9090000000 +0.0141274892 +0.1202306479 +0.1921391510 +0.4655452079
+4.9000000000 +0.6285250000 +0.0026941494 -0.0033250000 +0.0051971215 +0.5402125000 +0.0030178517 +0.4739781250 +0.0033810104 -0.8665000000 +0.0075212291 +1.8822000000 +0.0141175833 +0.1185051628 +0.1884844232 +0.4586130467
+5.0000000000 +0.6230500000 +0.0026963744 +0.0050000000 +0.0051651476 +0.5336000000 +0.0030148262 +0.4665125000 +0.0033757499 -0.8496000000 +0.0075238947 +1.8540000000 +0.0141044036 +0.1163269580 +0.1811487744 +0.4538519487
