# T, am1a, am1e, m1a, m1e, m2a, m2e, m4a, m4e, e1a, e1e, e2a, e2e, susc, spec, bind
+0.5000000000 +1.0000000000 +0.0000000000 -0.0075000000 +0.0070708689 +1.0000000000 +0.0000000000 +1.0000000000 +0.0000000000 -2.0000000000 +0.0000000000 +4.0000000000 +0.0000000000 +0.0000000000 +0.0000000000 +0.6666666667
+0.6000000000 +0.9999750000 +0.0000249994 -0.0074250000 +0.0070707403 +0.9999625000 +0.0000374991 +0.9999531250 +0.0000468738 -1.9999000000 +0.0000999975 +3.9998000000 +0.0001999950 +0.0000833292 +0.0022221111 +0.6666572914
+0.7000000000 +0.9999750000 +0.0000249994 -0.0073250000 +0.0070707455 +0.9999625000 +0.0000374991 +0.9999531250 +0.0000468738 -1.9999000000 +0.0000999975 +3.9998000000 +0.0001999950 +0.0000714250 +0.0016325714 +0.6666572914
+0.8000000000 +0.9995750000 +0.0001345956 -0.0072250000 +0.0070691594 +0.9995125000 +0.0001483892 +0.9994656250 +0.0001611585 -1.9989000000 +0.0003315713 +3.9978000000 +0.0006631425 +0.0018115969 +0.0137424375 +0.6665197277
+0.9000000000 +0.9992750000 +0.0001749249 -0.0072250000 +0.0070679215 +0.9991625000 +0.0001939618 +0.9990781250 +0.0002115015 -1.9981000000 +0.0004356828 +3.9962000000 +0.0008713656 +0.0027198861 +0.0187476049 +0.6664154382
+1.0000000000 +0.9986000000 +0.0002343118 -0.0071500000 +0.0070648739 +0.9983000000 +0.0002713033 +0.9980750000 +0.0003042188 -1.9960000000 +0.0006318228 +3.9920000000 +0.0012636455 +0.0043921600 +0.0319360000 +0.6661742907
+1.1000000000 +0.9975000000 +0.0002994787 -0.0072500000 +0.0070595589 +0.9968000000 +0.0003650178 +0.9962750000 +0.0004211331 -1.9922000000 +0.0008814522 +3.9844000000 +0.0017629044 +0.0065227273 +0.0513691240 +0.6657727011
+1.2000000000 +0.9943500000 +0.0004510032 -0.0078500000 +0.0070453473 +0.9928000000 +0.0005470676 +0.9916375000 +0.0006296542 -1.9825000000 +0.0013170754 +3.9650000000 +0.0026341507 +0.0135602583 +0.0963715278 +0.6646424022
+1.3000000000 +0.9914250000 +0.0005707000 -0.0091750000 +0.0070333254 +0.9894375000 +0.0006693395 +0.9879468750 +0.0007563738 -1.9749000000 +0.0015743251 +3.9498000000 +0.0031486502 +0.0200429827 +0.1173254201 +0.6636157877
+1.4000000000 +0.9860750000 +0.0007156673 -0.0088750000 +0.0070089540 +0.9825875000 +0.0008512837 +0.9799718750 +0.0009697839 -1.9582000000 +0.0020230269 +3.9164000000 +0.0040460539 +0.0292674125 +0.1670464490 +0.6616626939
+1.5000000000 +0.9797750000 +0.0008625094 -0.0085250000 +0.0069812779 +0.9748375000 +0.0010204466 +0.9711343750 +0.0011592061 -1.9398000000 +0.0024163605 +3.8796000000 +0.0048327210 +0.0396758650 +0.2076017067 +0.6593615893
+1.6000000000 +0.9725000000 +0.0009942019 -0.0108000000 +0.0069476916 +0.9655250000 +0.0011843822 +0.9602937500 +0.0013508312 -1.9171000000 +0.0028189323 +3.8342000000 +0.0056378647 +0.0494218750 +0.2483243594 +0.6566351767
+1.7000000000 +0.9645500000 +0.0011195601 -0.0115000000 +0.0069111965 +0.9554250000 +0.0013368680 +0.9485812500 +0.0015270264 -1.8925000000 +0.0031925206 +3.7854000000 +0.0063731736 +0.0589842294 +0.2821366782 +0.6536142005
+1.8000000000 +0.9556250000 +0.0012433495 -0.0108250000 +0.0068702996 +0.9441375000 +0.0014853662 +0.9355218750 +0.0016974733 -1.8651000000 +0.0035524779 +3.7310000000 +0.0070839219 +0.0687074653 +0.3116073951 +0.6501658541
+1.9000000000 +0.9458250000 +0.0013793580 -0.0121750000 +0.0068282109 +0.9326375000 +0.0016268707 +0.9227468750 +0.0018465408 -1.8384000000 +0.0038670754 +3.6788000000 +0.0076864509 +0.0801106724 +0.3313966094 +0.6463810089
+2.0000000000 +0.9334000000 +0.0015019061 -0.0133000000 +0.0067682092 +0.9163500000 +0.0017869692 +0.9035625000 +0.0020388871 -1.7982000000 +0.0042689387 +3.5980000000 +0.0085041049 +0.0902288800 +0.3644767600 +0.6413142070
+2.1000000000 +0.9197750000 +0.0016447105 -0.0103250000 +0.0067081327 +0.9000875000 +0.0019386125 +0.8853218750 +0.0022012814 -1.7599000000 +0.0046160155 +3.5234000000 +0.0091631120 +0.1030503798 +0.3865324172 +0.6357408419
+2.2000000000 +0.9076250000 +0.0017367982 -0.0099750000 +0.0066483569 +0.8841125000 +0.0020594078 +0.8664781250 +0.0023471583 -1.7204000000 +0.0049204870 +3.4440000000 +0.0097848454 +0.1096897443 +0.4001849917 +0.6304941772
+2.3000000000 +0.8919250000 +0.0018689207 -0.0133750000 +0.0065772662 +0.8653875000 +0.0021975993 +0.8454843750 +0.0024942015 -1.6766000000 +0.0052278697 +3.3576000000 +0.0103848983 +0.1214909467 +0.4133175350 +0.6236749780
+2.4000000000 +0.8825500000 +0.0019307446 -0.0139500000 +0.0065316744 +0.8534500000 +0.0022720926 +0.8316250000 +0.0025807416 -1.6470000000 +0.0054230573 +3.3008000000 +0.0107422515 +0.1242591625 +0.4084659722 +0.6194163593
+2.5000000000 +0.8697750000 +0.0020090912 -0.0106250000 +0.0064696391 +0.8372375000 +0.0023650343 +0.8128343750 +0.0026880167 -1.6075000000 +0.0056504148 +3.2226000000 +0.0111920714 +0.1291663190 +0.4086680000 +0.6134697723
+2.6000000000 +0.8552750000 +0.0021010970 -0.0065750000 +0.0064021257 +0.8197875000 +0.0024608975 +0.7931718750 +0.0027904558 -1.5644000000 +0.0059086912 +3.1456000000 +0.0115922402 +0.1358341144 +0.4131672426 +0.6065917460
+2.7000000000 +0.8420250000 +0.0021694631 -0.0037750000 +0.0063368890 +0.8031375000 +0.0025391143 +0.7739718750 +0.0028794544 -1.5247000000 +0.0060823100 +3.0646000000 +0.0119721068 +0.1394539250 +0.4059752593 +0.6000330412
+2.8000000000 +0.8269500000 +0.0022416924 -0.0044000000 +0.0062623104 +0.7843500000 +0.0026191132 +0.7524000000 +0.0029690896 -1.4781000000 +0.0062969055 +2.9778000000 +0.0123367483 +0.1435767107 +0.4046022398 +0.5923309603
+2.9000000000 +0.8083750000 +0.0023296176 -0.0033250000 +0.0061725256 +0.7620125000 +0.0027071902 +0.7272406250 +0.0030618253 -1.4251000000 +0.0064964990 +2.8750000000 +0.0127168687 +0.1497135991 +0.4014696742 +0.5825228735
+3.0000000000 +0.8003000000 +0.0023502118 -0.0101000000 +0.0061271853 +0.7509500000 +0.0027387187 +0.7139375000 +0.0031037424 -1.3961000000 +0.0066011544 +2.8206000000 +0.0128969292 +0.1472932133 +0.3873354622 +0.5779956806
+3.1000000000 +0.7888000000 +0.0023947292 -0.0033500000 +0.0060699620 +0.7369000000 +0.0027834636 +0.6979750000 +0.0031515221 -1.3615000000 +0.0067205571 +2.7570000000 +0.0130899790 +0.1479929806 +0.3759907388 +0.5715486657
+3.2000000000 +0.7754250000 +0.0024416037 -0.0085750000 +0.0060018288 +0.7205125000 +0.0028301048 +0.6793281250 +0.0032013381 -1.3201000000 +0.0068627108 +2.6846000000 +0.0132878193 +0.1490357117 +0.3679437461 +0.5638104054
+3.3000000000 +0.7619500000 +0.0024940649 -0.0070500000 +0.0059368565 +0.7049750000 +0.0028744913 +0.6622437500 +0.0032428649 -1.2844000000 +0.0069480812 +2.6152000000 +0.0134564649 +0.1507966030 +0.3546433939 +0.5558300420
+3.4000000000 +0.7519000000 +0.0025169067 +0.0003500000 +0.0058823884 +0.6920500000 +0.0029002526 +0.6471625000 +0.0032734985 -1.2541000000 +0.0069879653 +2.5494000000 +0.0135980874 +0.1490545765 +0.3379353599 +0.5495805423
+3.5000000000 +0.7407000000 +0.0025422776 +0.0011500000 +0.0058219356 +0.6779000000 +0.0029261886 +0.6308000000 +0.0033028216 -1.2181000000 +0.0070740101 +2.4846000000 +0.0137207194 +0.1477297257 +0.3268024131 +0.5424493653
+3.6000000000 +0.7254500000 +0.0025898581 +0.0036000000 +0.0057463555 +0.6604250000 +0.0029622210 +0.6116562500 +0.0033338615 -1.1751000000 +0.0071838012 +2.4130000000 +0.0138373245 +0.1490525528 +0.3185617253 +0.5325457062
+3.7000000000 +0.7227750000 +0.0025798139 +0.0079250000 +0.0057247257 +0.6555125000 +0.0029611568 +0.6050656250 +0.0033406329 -1.1603000000 +0.0072079952 +2.3854000000 +0.0138770797 +0.1439014047 +0.3036096158 +0.5306257392
+3.8000000000 +0.7099250000 +0.0026016244 +0.0061250000 +0.0056538703 +0.6393625000 +0.0029804045 +0.5864406250 +0.0033614724 -1.1208000000 +0.0072546790 +2.3088000000 +0.0139725491 +0.1424936783 +0.2915809861 +0.5218012104
+3.9000000000 +0.6997500000 +0.0026277361 +0.0087000000 +0.0056021171 +0.6277500000 +0.0029973316 +0.5737500000 +0.0033740624 -1.0934000000 +0.0072927239 +2.2592000000 +0.0140228659 +0.1416409615 +0.2797308192 +0.5146802099
+4.0000000000 +0.6975500000 +0.0026265376 +0.0040500000 +0.0055880837 +0.6245500000 +0.0029978100 +0.5698000000 +0.0033765262 -1.0823000000 +0.0073363026 +2.2478000000 +0.0140331664 +0.1379739975 +0.2691066775 +0.5130697395
+4.1000000000 +0.6867500000 +0.0026355686 +0.0048000000 +0.0055250654 +0.6105500000 +0.0030052346 +0.5534000000 +0.0033859199 -1.0472000000 +0.0073612912 +2.1804000000 +0.0140844876 +0.1355360366 +0.2578874860 +0.5051478871
+4.2000000000 +0.6785000000 +0.0026503561 +0.0028500000 +0.0054810669 +0.6008500000 +0.0030132356 +0.5426125000 +0.0033910541 -1.0238000000 +0.0073818479 +2.1380000000 +0.0141084301 +0.1337978571 +0.2471277914 +0.4990015197
+4.3000000000 +0.6691500000 +0.0026588369 +0.0054000000 +0.0054273421 +0.5891500000 +0.0030170538 +0.5291500000 +0.0033941146 -0.9938000000 +0.0074093237 +2.0856000000 +0.0141291766 +0.1315239791 +0.2375254862 +0.4918337923
+4.4000000000 +0.6659000000 +0.0026643685 +0.0077000000 +0.0054099016 +0.5854000000 +0.0030193695 +0.5250250000 +0.0033948974 -0.9839000000 +0.0074274518 +2.0714000000 +0.0141331207 +0.1290701727 +0.2279629731 +0.4893147755
+4.5000000000 +0.6570250000 +0.0026840329 +0.0110750000 +0.0053648851 +0.5757625000 +0.0030274838 +0.5148156250 +0.0033965762 -0.9597000000 +0.0074685203 +2.0366000000 +0.0141397674 +0.1280716883 +0.2203606736 +0.4823410656
+4.6000000000 +0.6469750000 +0.0026810525 +0.0037250000 +0.0053024694 +0.5623375000 +0.0030218861 +0.4988593750 +0.0033923575 -0.9242000000 +0.0074801549 +1.9732000000 +0.0141408659 +0.1250094342 +0.2115414669 +0.4741488937
+4.7000000000 +0.6409250000 +0.0026828403 +0.0051750000 +0.0052664538 +0.5547375000 +0.0030196290 +0.4900968750 +0.0033889654 -0.9082000000 +0.0074403386 +1.9320000000 +0.0141339591 +0.1225128888 +0.2004839765 +0.4691331231
+4.8000000000 +0.6309250000 +0.0026932429 +0.0053250000 +0.0052110898 +0.5431375000 +0.0030190937 +0.4772968750 +0.0033831152 -0.8754000000 +0.0075022491 +1.8920000000 +0.0141215013 +0.1208926203 +0.1954296597 +0.4606784695
+4.9000000000 +0.6303250000 +0.0026956251 +0.0103750000 +0.0052083100 +0.5426375000 +0.0030200697 +0.4768718750 +0.0033831445 -0.8787000000 +0.0074501218 +1.8822000000 +0.0141175833 +0.1186350158 +0.1849373278 +0.4601652365
+5.0000000000 +0.6232750000 +0.0026980620 -0.0094250000 +0.0051670769 +0.5340625000 +0.0030160435 +0.4671531250 +0.0033764767 -0.8559000000 +0.0074647009 +1.8470000000 +0.0141006932 +0.1164726195 +0.1783096304 +0.4540487875
