# T, am1a, am1e, m1a, m1e, m2a, m2e, m4a, m4e, e1a, e1e, e2a, e2e, susc, spec, bind
+0.5000000000 +0.9999998047 +0.0000001381 -0.1870000000 +0.0069463322 +0.9999996098 +0.0000002759 +0.9999992210 +0.0000005508 -1.9999992187 +0.0000005524 +3.9999968811 +0.0000022053 +0.0000007812 +0.0000249975 +0.6666666662
+0.6000000000 +0.9999967773 +0.0000005605 -0.1866995117 +0.0069467145 +0.9999935610 +0.0000011200 +0.9999871471 +0.0000022356 -1.9999871094 +0.0000022421 +3.9999485382 +0.0000089510 +0.0000107245 +0.0002859857 +0.6666666583
+0.7000000000 +0.9999804688 +0.0000013741 -0.1851996094 +0.0069486045 +0.9999609756 +0.0000027456 +0.9999221036 +0.0000054805 -1.9999218750 +0.0000054966 +3.9996881104 +0.0000219434 +0.0000552455 +0.0012627551 +0.6666666164
+0.8000000000 +0.9999053711 +0.0000030697 -0.1867825195 +0.0069459457 +0.9998109396 +0.0000061325 +0.9996226671 +0.0000122380 -1.9996232422 +0.0000121831 +3.9984960793 +0.0000486271 +0.0002412236 +0.0047496923 +0.6666664159
+0.9000000000 +0.9997071289 +0.0000054960 -0.1852497070 +0.0069465729 +0.9994149477 +0.0000109767 +0.9988326475 +0.0000218927 -1.9988441406 +0.0000214656 +3.9953871140 +0.0000856391 +0.0006873481 +0.0116501387 +0.6666658625
+1.0000000000 +0.9992697266 +0.0000087934 -0.1850728516 +0.0069436646 +0.9985415329 +0.0000175537 +0.9970913556 +0.0000349760 -1.9971328125 +0.0000340320 +3.9885626343 +0.0001356521 +0.0015835890 +0.0237194375 +0.6666646064
+1.1000000000 +0.9984701172 +0.0000129765 -0.1906162109 +0.0069304091 +0.9969459427 +0.0000258807 +0.9939146089 +0.0000514749 -1.9940583984 +0.0000492083 +3.9763173256 +0.0001958358 +0.0031350892 +0.0409847223 +0.6666621738
+1.2000000000 +0.9970541992 +0.0000184311 -0.1831491211 +0.0069302968 +0.9941238703 +0.0000367018 +0.9883092098 +0.0000727689 -1.9886857422 +0.0000683165 +3.9549643242 +0.0002711394 +0.0057976300 +0.0663772504 +0.6666575801
+1.3000000000 +0.9947640625 +0.0000254836 -0.1885656250 +0.0069065604 +0.9895685284 +0.0000506184 +0.9792971168 +0.0000998626 -1.9802248047 +0.0000916528 +3.9214582817 +0.0003621553 +0.0102308034 +0.1017968750 +0.6666492232
+1.4000000000 +0.9914301758 +0.0000338477 -0.1934092773 +0.0068758620 +0.9829567068 +0.0000669894 +0.9662936391 +0.0001312148 -1.9682509766 +0.0001170397 +3.8742858727 +0.0004596662 +0.0167594864 +0.1431332106 +0.6666357030
+1.5000000000 +0.9864500977 +0.0000445386 -0.1857170898 +0.0068506665 +0.9731234690 +0.0000876754 +0.9471230252 +0.0001699109 -1.9509611328 +0.0001475567 +3.8066848015 +0.0005743848 +0.0270839844 +0.1981825653 +0.6666125504
+1.6000000000 +0.9796940430 +0.0000577960 -0.1783079102 +0.0068120243 +0.9598672255 +0.0001129144 +0.9216000838 +0.0002155709 -1.9284996094 +0.0001801451 +3.7197597885 +0.0006931271 +0.0427568818 +0.2596180615 +0.6665744127
+1.7000000000 +0.9700732422 +0.0000760298 -0.1672765625 +0.0067571305 +0.9411577057 +0.0001469284 +0.8862095858 +0.0002745552 -1.8980923828 +0.0002204893 +3.6037270042 +0.0008348861 +0.0696383128 +0.3445141884 +0.6665041884
+1.8000000000 +0.9569295898 +0.0000992732 -0.1413752930 +0.0066929977 +0.9159113432 +0.0001889042 +0.8396072849 +0.0003424378 -1.8593410156 +0.0002618887 +3.4585207260 +0.0009710214 +0.1121298628 +0.4335292453 +0.6663830803
+1.9000000000 +0.9386220703 +0.0001347497 -0.1326916016 +0.0065717862 +0.8813745403 +0.0002504884 +0.7780759694 +0.0004340844 -1.8099072266 +0.0003152737 +3.2777521187 +0.0011372184 +0.1957184411 +0.5638949357 +0.6661281947
+2.0000000000 +0.9109199219 +0.0001978394 -0.1189763672 +0.0063890631 +0.8305579124 +0.0003536588 +0.6923279374 +0.0005698294 -1.7448445313 +0.0003801457 +3.0473726532 +0.0013217581 +0.4007978887 +0.7398950311 +0.6654579126
+2.1000000000 +0.8673002930 +0.0003273317 -0.1037090820 +0.0060975288 +0.7543527193 +0.0005395759 +0.5748708682 +0.0007637246 -1.6606478516 +0.0004596888 +2.7619775627 +0.0015204869 +1.0449291572 +0.9813393274 +0.6632557987
+2.2000000000 +0.7803677734 +0.0007334679 -0.0392705078 +0.0055596366 +0.6197333641 +0.0009635509 +0.4026380477 +0.0010235687 -1.5443246094 +0.0005810863 +2.3916917252 +0.0017793304 +5.0080592456 +1.4287817071 +0.6505510002
+2.3000000000 +0.5534767578 +0.0015064509 -0.0033750000 +0.0041935249 +0.3517244049 +0.0014281772 +0.1645038591 +0.0009890303 -1.3714000000 +0.0007117229 +1.8908689499 +0.0019527847 +20.2074750747 +1.9610838653 +0.5567488931
+2.4000000000 +0.3246155273 +0.0014101082 -0.0052612305 +0.0026936561 +0.1451433447 +0.0010135414 +0.0416119121 +0.0004701408 -1.2173107422 +0.0006149729 +1.4894092766 +0.0015141511 +16.9677244142 +1.3446815175 +0.3415812889
+2.5000000000 +0.2059495117 +0.0010291820 -0.0005463867 +0.0017832445 +0.0635995142 +0.0005498125 +0.0100907750 +0.0001640505 -1.1085212891 +0.0005283289 +1.2344020760 +0.0011792933 +8.6770945315 +0.9146577147 +0.1684360199
+2.6000000000 +0.1548726562 +0.0007972768 +0.0004630859 +0.0013545909 +0.0366985458 +0.0003376699 +0.0036272031 +0.0000659858 -1.0284662109 +0.0004865255 +1.0624768883 +0.0010058360 +5.0069685892 +0.7171243528 +0.1022551876
+2.7000000000 +0.1266866211 +0.0006586800 +0.0017514648 +0.0011118367 +0.0247266855 +0.0002351114 +0.0017169568 +0.0000343674 -0.9639328125 +0.0004611976 +0.9334205307 +0.0008925406 +3.2909029679 +0.5975529787 +0.0639343732
+2.8000000000 +0.1061291016 +0.0005629521 +0.0013371094 +0.0009380805 +0.0176016865 +0.0001718261 +0.0009003038 +0.0000189676 -0.9082177734 +0.0004407215 +0.8287442329 +0.0008036250 +2.3180069592 +0.5073905571 +0.0313670113
+2.9000000000 +0.0943991211 +0.0004964199 +0.0009479492 +0.0008318338 +0.0138398493 +0.0001347694 +0.0005547974 +0.0000125274 -0.8596703125 +0.0004320779 +0.7427668716 +0.0007460795 +1.7403251529 +0.4546298763 +0.0345041547
+3.0000000000 +0.0851134766 +0.0004501844 +0.0011748047 +0.0007515399 +0.0112976246 +0.0001114921 +0.0003762462 +0.0000084312 -0.8162427734 +0.0004228140 +0.6698276985 +0.0006935820 +1.3835334640 +0.4068048586 +0.0174004920
+3.1000000000 +0.0780533203 +0.0004143151 +0.0005361328 +0.0006901149 +0.0095254601 +0.0000942781 +0.0002685017 +0.0000061228 -0.7789089844 +0.0004093668 +0.6100508301 +0.0006398620 +1.1340434137 +0.3571345596 +0.0135981683
+3.2000000000 +0.0727984375 +0.0003881946 +0.0002773437 +0.0006447261 +0.0083135128 +0.0000825171 +0.0002052959 +0.0000046090 -0.7447949219 +0.0003990348 +0.5579040512 +0.0005970344 +0.9644480959 +0.3184575558 +0.0098755546
+3.3000000000 +0.0688937500 +0.0003657412 -0.0010177734 +0.0006091242 +0.0074216820 +0.0000734011 +0.0001628357 +0.0000037270 -0.7141962891 +0.0003951206 +0.5131987450 +0.0005662576 +0.8301639951 +0.2936036170 +0.0145748491
+3.4000000000 +0.0643226562 +0.0003419760 -0.0012001953 +0.0005689866 +0.0064763557 +0.0000641390 +0.0001242194 +0.0000026916 -0.6865267578 +0.0003879709 +0.4743294182 +0.0005352088 +0.7044371987 +0.2666677583 +0.0127964005
+3.5000000000 +0.0614863281 +0.0003255301 -0.0011730469 +0.0005430741 +0.0058999653 +0.0000584454 +0.0001031269 +0.0000023426 -0.6603542969 +0.0003847062 +0.4390277740 +0.0005093752 +0.6200749319 +0.2474298846 +0.0124664782
+3.6000000000 +0.0587423828 +0.0003128972 -0.0016078125 +0.0005199123 +0.0054087612 +0.0000535179 +0.0000865381 +0.0000018889 -0.6362767578 +0.0003815633 +0.4077599236 +0.0004872937 +0.5569688680 +0.2300690189 +0.0139693750
+3.7000000000 +0.0564087891 +0.0003000469 -0.0012197266 +0.0004990504 +0.0049825142 +0.0000493431 +0.0000735202 +0.0000015971 -0.6138835938 +0.0003752081 +0.3796686890 +0.0004627789 +0.4983178952 +0.2106060792 +0.0128381226
+3.8000000000 +0.0551602539 +0.0002950818 -0.0009358398 +0.0004890421 +0.0047841188 +0.0000476281 +0.0000682565 +0.0000015085 -0.5947310547 +0.0003718713 +0.3564707924 +0.0004441178 +0.4692790520 +0.1961318102 +0.0059262177
+3.9000000000 +0.0535094727 +0.0002850263 -0.0004706055 +0.0004737004 +0.0044880636 +0.0000443806 +0.0000595355 +0.0000013274 -0.5749648438 +0.0003701858 +0.3333253220 +0.0004277178 +0.4266141427 +0.1845186339 +0.0147716123
+4.0000000000 +0.0514868164 +0.0002746096 -0.0000522461 +0.0004560208 +0.0041591013 +0.0000414569 +0.0000516717 +0.0000012177 -0.5564339844 +0.0003650388 +0.3122838455 +0.0004081729 +0.3861015121 +0.1705642594 +0.0042911230
+4.1000000000 +0.0504403320 +0.0002655868 -0.0002168945 +0.0004446857 +0.0039549540 +0.0000387491 +0.0000456715 +0.0000009866 -0.5407558594 +0.0003640455 +0.2950674820 +0.0003952758 +0.3523376356 +0.1614632081 +0.0267123512
+4.2000000000 +0.0493578125 +0.0002628064 +0.0001449219 +0.0004368934 +0.0038175381 +0.0000379516 +0.0000433801 +0.0000009922 -0.5250392578 +0.0003616733 +0.2782823738 +0.0003820163 +0.3367849243 +0.1518673018 +0.0077919763
+4.3000000000 +0.0480799805 +0.0002550452 +0.0000409180 +0.0004250085 +0.0036126455 +0.0000356279 +0.0000384382 +0.0000008638 -0.5101677734 +0.0003572095 +0.2628231300 +0.0003662617 +0.3098102495 +0.1413315486 +0.0182721091
+4.4000000000 +0.0469734375 +0.0002476521 -0.0005371094 +0.0004142974 +0.0034331352 +0.0000336089 +0.0000343775 +0.0000007746 -0.4967888672 +0.0003564553 +0.2493403862 +0.0003557854 +0.2854705787 +0.1344109825 +0.0277645467
+4.5000000000 +0.0456647461 +0.0002435650 -0.0000141602 +0.0004044593 +0.0032717474 +0.0000325364 +0.0000318767 +0.0000007244 -0.4832505859 +0.0003526420 +0.2360182564 +0.0003431252 +0.2699897429 +0.1257688213 +0.0073581280
+4.6000000000 +0.0449946289 +0.0002400668 -0.0006889648 +0.0003985401 +0.0031771582 +0.0000317442 +0.0000302482 +0.0000007037 -0.4715568359 +0.0003500708 +0.2248168404 +0.0003313406 +0.2565880286 +0.1186112771 +0.0011505815
+4.7000000000 +0.0440537109 +0.0002347901 -0.0002308594 +0.0003900772 +0.0030432575 +0.0000304664 +0.0000278254 +0.0000006727 -0.4593919922 +0.0003495816 +0.2134851479 +0.0003230372 +0.2402103721 +0.1133003558 -0.0014820688
+4.8000000000 +0.0434560547 +0.0002306921 -0.0000171875 +0.0003842399 +0.0029528057 +0.0000291210 +0.0000256797 +0.0000005713 -0.4487253906 +0.0003506906 +0.2038141541 +0.0003160366 +0.2270670978 +0.1093190161 +0.0182538415
+4.9000000000 +0.0425099609 +0.0002273602 +0.0004900391 +0.0003768760 +0.0028409504 +0.0000285457 +0.0000243681 +0.0000005621 -0.4380468750 +0.0003484222 +0.1943130249 +0.0003065413 +0.2160543064 +0.1035498230 -0.0064061022
+5.0000000000 +0.0419827148 +0.0002248714 -0.0003760742 +0.0003724077 +0.0027738913 +0.0000277051 +0.0000230459 +0.0000005164 -0.4283607422 +0.0003451305 +0.1858752266 +0.0002976100 +0.2071230285 +0.0975790549 +0.0016243116
