# T, am1a, am1e, m1a, m1e, m2a, m2e, m4a, m4e, e1a, e1e, e2a, e2e, susc, spec, bind
+0.5000000000 +1.0000000000 +0.0000000000 -0.0258000000 +0.0070687140 +1.0000000000 +0.0000000000 +1.0000000000 +0.0000000000 -2.0000000000 +0.0000000000 +4.0000000000 +0.0000000000 +0.0000000000 +0.0000000000 +0.6666666667
+0.6000000000 +1.0000000000 +0.0000000000 -0.0259000000 +0.0070686957 +1.0000000000 +0.0000000000 +1.0000000000 +0.0000000000 -2.0000000000 +0.0000000000 +4.0000000000 +0.0000000000 +0.0000000000 +0.0000000000 +0.6666666667
+0.7000000000 +0.9999875000 +0.0000088384 -0.0258000000 +0.0070686311 +0.9999765625 +0.0000165720 +0.9999586182 +0.0000292599 -1.9999500000 +0.0000353536 +3.9998250000 +0.0001237375 +0.0000357107 +0.0008162449 +0.6666648357
+0.8000000000 +0.9999000000 +0.0000249900 -0.0261125000 +0.0070679935 +0.9998125000 +0.0000468562 +0.9996689453 +0.0000827306 -1.9996000000 +0.0000999600 +3.9986000000 +0.0003498600 +0.0002498000 +0.0049960000 +0.6666520245
+0.9000000000 +0.9996125000 +0.0000578953 -0.0259125000 +0.0070661897 +0.9992921875 +0.0001002833 +0.9987860107 +0.0001653934 -1.9985375000 +0.0001993409 +3.9949468750 +0.0006809938 +0.0011917750 +0.0156984907 +0.6665995267
+1.0000000000 +0.9990937500 +0.0000780497 -0.0263187500 +0.0070626393 +0.9983101562 +0.0001445610 +0.9970411255 +0.0002511688 -1.9964375000 +0.0003018016 +3.9875843750 +0.0010490964 +0.0019493594 +0.0291469375 +0.6665268755
+1.1000000000 +0.9983187500 +0.0001092199 -0.0259437500 +0.0070576406 +0.9968789062 +0.0002010880 +0.9945762817 +0.0003456981 -1.9935000000 +0.0004131586 +3.9774562500 +0.0014257944 +0.0034702494 +0.0451438017 +0.6663954000
+1.2000000000 +0.9968750000 +0.0001501952 -0.0235875000 +0.0070485976 +0.9942109375 +0.0002747920 +0.9899656006 +0.0004694687 -1.9879625000 +0.0005613365 +3.9582968750 +0.0019341164 +0.0060156250 +0.0700219288 +0.6661573831
+1.3000000000 +0.9947062500 +0.0002142510 -0.0244437500 +0.0070347747 +0.9903585938 +0.0003725735 +0.9835863647 +0.0006151190 -1.9803750000 +0.0007336504 +3.9326500000 +0.0024889199 +0.0112993226 +0.1019158284 +0.6657231539
+1.4000000000 +0.9913062500 +0.0002764349 -0.0240437500 +0.0070129819 +0.9842164062 +0.0004793139 +0.9732767700 +0.0007846113 -1.9680500000 +0.0009358605 +3.8907375000 +0.0031591941 +0.0174665710 +0.1429934490 +0.6650855368
+1.5000000000 +0.9870562500 +0.0003560058 -0.0231312500 +0.0069867009 +0.9768148438 +0.0006007740 +0.9613858276 +0.0009566671 -1.9537500000 +0.0011483344 +3.8435125000 +0.0038052130 +0.0270378996 +0.1875444444 +0.6641448905
+1.6000000000 +0.9797187500 +0.0004783802 -0.0220187500 +0.0069424094 +0.9644257813 +0.0007735642 +0.9420851196 +0.0011831767 -1.9301500000 +0.0014388968 +3.7668875000 +0.0046629061 +0.0457695215 +0.2588029844 +0.6623775894
+1.7000000000 +0.9697250000 +0.0006059852 -0.0230000000 +0.0068817946 +0.9477109375 +0.0009514640 +0.9162616943 +0.0014171763 -1.8983750000 +0.0017470133 +3.6648687500 +0.0055448101 +0.0691234059 +0.3379438581 +0.6599470942
+1.8000000000 +0.9572812500 +0.0007464797 -0.0202812500 +0.0068085266 +0.9275320313 +0.0011396907 +0.8862935669 +0.0016480098 -1.8611500000 +0.0020529178 +3.5481687500 +0.0063924412 +0.0990634635 +0.4162440864 +0.6566014085
+1.9000000000 +0.9403875000 +0.0009178211 -0.0195000000 +0.0067111710 +0.9011765625 +0.0013516278 +0.8486571533 +0.0018868121 -1.8131500000 +0.0023934110 +3.4020812500 +0.0072684350 +0.1418771566 +0.5077820609 +0.6516697070
+2.0000000000 +0.9206937500 +0.0010884418 -0.0178937500 +0.0065994352 +0.8713710937 +0.0015563842 +0.8077342163 +0.0021017927 -1.7596375000 +0.0027274438 +3.2451031250 +0.0080449945 +0.1895528997 +0.5951159744 +0.6453982064
+2.1000000000 +0.8958562500 +0.0012780329 -0.0193312500 +0.0064608517 +0.8352257813 +0.0017655511 +0.7599455200 +0.0023011930 -1.6956875000 +0.0030574461 +3.0623156250 +0.0087609590 +0.2488941759 +0.6783112103 +0.6368772811
+2.2000000000 +0.8666312500 +0.0014589882 -0.0176312500 +0.0062980624 +0.7936226562 +0.0019584728 +0.7065492310 +0.0024697175 -1.6225000000 +0.0033605710 +2.8583750000 +0.0093656792 +0.3096213293 +0.7466735537 +0.6260676333
+2.3000000000 +0.8341125000 +0.0016212470 -0.0153375000 +0.0061158698 +0.7483125000 +0.0021212920 +0.6499691895 +0.0026012520 -1.5419375000 +0.0036332707 +2.6415843750 +0.0098479747 +0.3656962598 +0.7985273984 +0.6130939544
+2.4000000000 +0.8020875000 +0.0017456779 -0.0141125000 +0.0059333508 +0.7042921875 +0.0022427850 +0.5966291748 +0.0026819953 -1.4655375000 +0.0038312642 +2.4413718750 +0.0101127203 +0.4063188656 +0.8154769753 +0.5990617507
+2.5000000000 +0.7689062500 +0.0018537069 -0.0096437500 +0.0057439029 +0.6599414062 +0.0023291510 +0.5440215454 +0.0027143614 -1.3881250000 +0.0039678961 +2.2417750000 +0.0102146368 +0.4398373437 +0.8061030000 +0.5836255334
+2.6000000000 +0.7333625000 +0.0019572550 -0.0065000000 +0.0055425412 +0.6144375000 +0.0023989134 +0.4926291504 +0.0027218909 -1.3080875000 +0.0040911732 +2.0458468750 +0.0102414203 +0.4714888837 +0.7923170825 +0.5650459038
+2.7000000000 +0.6979437500 +0.0020277218 -0.0059437500 +0.0053353691 +0.5693585937 +0.0024343857 +0.4426938843 +0.0026958931 -1.2284750000 +0.0041623637 +1.8556562500 +0.0101424821 +0.4873073516 +0.7605057325 +0.5447913487
+2.8000000000 +0.6669687500 +0.0020717071 -0.0088812500 +0.0051507662 +0.5306867187 +0.0024390461 +0.4006073120 +0.0026379007 -1.1586750000 +0.0041895539 +1.6935750000 +0.0099255604 +0.4905108873 +0.7164229477 +0.5258440776
+2.9000000000 +0.6331000000 +0.0020985860 -0.0066375000 +0.0049439499 +0.4888968750 +0.0024180460 +0.3559590820 +0.0025471854 -1.0847500000 +0.0041596571 +1.5227375000 +0.0095793770 +0.4859656000 +0.6583684899 +0.5035856803
+3.0000000000 +0.6018312500 +0.0021234361 -0.0083937500 +0.0047555757 +0.4523804687 +0.0023986990 +0.3197232300 +0.0024711816 -1.0215000000 +0.0041351028 +1.3854437500 +0.0092994705 +0.4809579481 +0.6079671111 +0.4792308554
+3.1000000000 +0.5762125000 +0.0021175542 -0.0069000000 +0.0045915899 +0.4217015625 +0.0023468593 +0.2879871826 +0.0023667110 -0.9664250000 +0.0040663495 +1.2646812500 +0.0089049157 +0.4628682185 +0.5505997409 +0.4601893059
+3.2000000000 +0.5481500000 +0.0021128367 -0.0047250000 +0.0044143384 +0.3897500000 +0.0022967556 +0.2574067871 +0.0022631257 -0.9071375000 +0.0040135610 +1.1450718750 +0.0085308472 +0.4464078875 +0.5033959861 +0.4351586382
+3.3000000000 +0.5258875000 +0.0021016752 -0.0037375000 +0.0042713257 +0.3648984375 +0.0022358767 +0.2331337646 +0.0021626216 -0.8581000000 +0.0039486272 +1.0481687500 +0.0081787945 +0.4283189083 +0.4581570468 +0.4163668997
+3.4000000000 +0.5063125000 +0.0020673144 -0.0027750000 +0.0041341288 +0.3418281250 +0.0021669263 +0.2107578613 +0.0020514387 -0.8158375000 +0.0038542982 +0.9627031250 +0.0077604282 +0.4022389522 +0.4112280949 +0.3987612786
+3.5000000000 +0.4927750000 +0.0020575052 -0.0037500000 +0.0040464780 +0.3274937500 +0.0021327678 +0.1982261230 +0.0020027378 -0.7870500000 +0.0038243614 +0.9119625000 +0.0075989931 +0.3870470829 +0.3820601437 +0.3839249798
+3.6000000000 +0.4758875000 +0.0020233384 -0.0018875000 +0.0039264699 +0.3083468750 +0.0020676178 +0.1805786621 +0.0019039399 -0.7483875000 +0.0037499618 +0.8413281250 +0.0072370439 +0.3639020549 +0.3472151541 +0.3669090962
+3.7000000000 +0.4589062500 +0.0019933823 -0.0009187500 +0.0038083170 +0.2900664063 +0.0019909367 +0.1634151001 +0.0017822121 -0.7121125000 +0.0036421502 +0.7724093750 +0.0067843339 +0.3436603674 +0.3100717748 +0.3525949825
+3.8000000000 +0.4404812500 +0.0019752435 -0.0008312500 +0.0036881891 +0.2720554687 +0.0019419684 +0.1494390015 +0.0017093345 -0.6742125000 +0.0035955050 +0.7131156250 +0.0065216582 +0.3285546827 +0.2864854624 +0.3269802924
+3.9000000000 +0.4270062500 +0.0019430068 -0.0024062500 +0.0035905017 +0.2578398438 +0.0018857770 +0.1376044800 +0.0016327149 -0.6461125000 +0.0035285745 +0.6664781250 +0.0062379888 +0.3097661793 +0.2619505718 +0.3100601021
+4.0000000000 +0.4165562500 +0.0018954565 +0.0014312500 +0.0035026574 +0.2453742188 +0.0018073151 +0.1255362671 +0.0015237204 -0.6215250000 +0.0034100068 +0.6188562500 +0.0058428214 +0.2874204373 +0.2325629244 +0.3049915321
+4.1000000000 +0.4040437500 +0.0018787802 +0.0016062500 +0.0034193938 +0.2338476563 +0.0017630222 +0.1168496704 +0.0014593651 -0.5945625000 +0.0033973229 +0.5843406250 +0.0056089604 +0.2754977730 +0.2197130837 +0.2877373126
+4.2000000000 +0.3951812500 +0.0018439902 +0.0020812500 +0.0033479090 +0.2241742187 +0.0017131216 +0.1089497925 +0.0014029188 -0.5790125000 +0.0033126945 +0.5547343750 +0.0054075001 +0.2590704701 +0.1990738321 +0.2773403226
+4.3000000000 +0.3890625000 +0.0018338918 +0.0012750000 +0.0033062909 +0.2186328125 +0.0016861585 +0.1046629150 +0.0013666715 -0.5584000000 +0.0033138587 +0.5314437500 +0.0052887113 +0.2502816134 +0.1900557620 +0.2701377720
+4.4000000000 +0.3795062500 +0.0018251178 +0.0026187500 +0.0032452984 +0.2106460938 +0.0016673813 +0.0999749878 +0.0013426936 -0.5398625000 +0.0032983546 +0.5090343750 +0.0051863789 +0.2422585453 +0.1798205422 +0.2489596242
+4.5000000000 +0.3722125000 +0.0017858390 -0.0010500000 +0.0031806089 +0.2023265625 +0.0016047069 +0.0924377197 +0.0012588246 -0.5232625000 +0.0032095520 +0.4798281250 +0.0048843876 +0.2267890394 +0.1627847752 +0.2472995720
+4.6000000000 +0.3663750000 +0.0017698956 -0.0020125000 +0.0031374926 +0.1968812500 +0.0015764941 +0.0884688965 +0.0012297162 -0.5110000000 +0.0031883401 +0.4644312500 +0.0047890546 +0.2179151630 +0.1537317580 +0.2392172807
+4.7000000000 +0.3584937500 +0.0017421729 -0.0026062500 +0.0030758275 +0.1892210938 +0.0015347187 +0.0829118530 +0.0011744686 -0.4930125000 +0.0031328745 +0.4393593750 +0.0045649216 +0.2066496169 +0.1421805703 +0.2281084801
+4.8000000000 +0.3508062500 +0.0017240234 -0.0019187500 +0.0030208151 +0.1825101562 +0.0014927848 +0.0778780884 +0.0011219608 -0.4765875000 +0.0030917126 +0.4183093750 +0.0043883896 +0.1981504374 +0.1327595346 +0.2206725848
+4.9000000000 +0.3458875000 +0.0017181152 -0.0002750000 +0.0029889504 +0.1786765625 +0.0014804101 +0.0757575928 +0.0011051279 -0.4636000000 +0.0030831704 +0.4050437500 +0.0043243729 +0.1927784485 +0.1266930712 +0.2090122924
+5.0000000000 +0.3412062500 +0.0016988417 -0.0030812500 +0.0029507073 +0.1741429687 +0.0014465762 +0.0721774292 +0.0010644317 -0.4537375000 +0.0030564003 +0.3927093750 +0.0041843660 +0.1847080439 +0.1195722599 +0.2066437146
