# T, am1a, am1e, m1a, m1e, m2a, m2e, m4a, m4e, e1a, e1e, e2a, e2e, susc, spec, bind
+0.5000000000 +1.0000000000 +0.0000000000 +0.0307000000 +0.0070677348 +1.0000000000 +0.0000000000 +1.0000000000 +0.0000000000 -2.0000000000 +0.0000000000 +4.0000000000 +0.0000000000 +0.0000000000 +0.0000000000 +0.6666666667
+0.6000000000 +0.9999953125 +0.0000027061 +0.0306046875 +0.0070677228 +0.9999907715 +0.0000053277 +0.9999821107 +0.0000103276 -1.9999812500 +0.0000108245 +3.9999273438 +0.0000419450 +0.0000156227 +0.0004166042 +0.6666664774
+0.7000000000 +0.9999750000 +0.0000062475 +0.0303062500 +0.0070676457 +0.9999507813 +0.0000122998 +0.9999045906 +0.0000238428 -1.9999000000 +0.0000249900 +3.9996125000 +0.0000968362 +0.0000713714 +0.0016313469 +0.6666656580
+0.8000000000 +0.9998796875 +0.0000142096 +0.0299078125 +0.0070670678 +0.9997634277 +0.0000279113 +0.9995424922 +0.0000538742 -1.9995250000 +0.0000556254 +3.9981621094 +0.0002150076 +0.0003230607 +0.0061883750 +0.6666614706
+0.9000000000 +0.9996984375 +0.0000222697 +0.0284421875 +0.0070661090 +0.9994068848 +0.0000437623 +0.9988524241 +0.0000845383 -1.9988062500 +0.0000875393 +3.9953796875 +0.0003385297 +0.0007053387 +0.0121096265 +0.6666538839
+1.0000000000 +0.9992656250 +0.0000344089 +0.0293843750 +0.0070629032 +0.9985554688 +0.0000676294 +0.9972044989 +0.0001306890 -1.9970937500 +0.0001351632 +3.9887488281 +0.0005229385 +0.0015154844 +0.0233844375 +0.6666360868
+1.1000000000 +0.9984500000 +0.0000526819 +0.0312281250 +0.0070568503 +0.9969579102 +0.0001029566 +0.9941370757 +0.0001970228 -1.9940000000 +0.0001980787 +3.9768207031 +0.0007633425 +0.0032295364 +0.0415049587 +0.6665955677
+1.2000000000 +0.9970359375 +0.0000734719 +0.0312328125 +0.0070470318 +0.9941886230 +0.0001433089 +0.9888217670 +0.0002732262 -1.9885656250 +0.0002744239 +3.9558994141 +0.0010542369 +0.0057579936 +0.0669408503 +0.6665281451
+1.3000000000 +0.9947578125 +0.0001009501 +0.0298484375 +0.0070315574 +0.9897469238 +0.0001958935 +0.9803664586 +0.0003700279 -1.9801562500 +0.0003641379 +3.9236707031 +0.0013918848 +0.0100341316 +0.1004280695 +0.6664055104
+1.4000000000 +0.9912750000 +0.0001357393 +0.0303062500 +0.0070074109 +0.9829946289 +0.0002603196 +0.9676337661 +0.0004836731 -1.9676031250 +0.0004683672 +3.8758494141 +0.0017768403 +0.0168458643 +0.1432606221 +0.6661991252
+1.5000000000 +0.9862468750 +0.0001816956 +0.0284531250 +0.0069732832 +0.9733431641 +0.0003414503 +0.9497286812 +0.0006197590 -1.9502125000 +0.0005899597 +3.8102898438 +0.0022126011 +0.0281713329 +0.1980031600 +0.6658462551
+1.6000000000 +0.9795609375 +0.0002336101 +0.0281984375 +0.0069276112 +0.9606311035 +0.0004366314 +0.9266250561 +0.0007771658 -1.9279718750 +0.0007308905 +3.7277595703 +0.0027002971 +0.0436589296 +0.2671004880 +0.6652893769
+1.7000000000 +0.9700203125 +0.0003116157 +0.0271734375 +0.0068634652 +0.9428814941 +0.0005613983 +0.8953288733 +0.0009589161 -1.8987437500 +0.0008833172 +3.6208328125 +0.0032026473 +0.0731138815 +0.3455775078 +0.6643032694
+1.8000000000 +0.9555937500 +0.0004231208 +0.0254906250 +0.0067679032 +0.9167400391 +0.0007237488 +0.8508885445 +0.0011709322 -1.8562687500 +0.0010755068 +3.4688679688 +0.0037982864 +0.1273110764 +0.4569737585 +0.6625114660
+1.9000000000 +0.9374765625 +0.0005487801 +0.0188296875 +0.0066503043 +0.8848854980 +0.0008971114 +0.7991185230 +0.0013736810 -1.8069843750 +0.0012662508 +3.2972603516 +0.0043409600 +0.2028864947 +0.5685153696 +0.6598145087
+2.0000000000 +0.9107171875 +0.0007297800 +0.0228359375 +0.0064789501 +0.8400573730 +0.0011307839 +0.7312698326 +0.0016112730 -1.7434906250 +0.0014897765 +3.0841482422 +0.0049226843 +0.3408504780 +0.7102189236 +0.6545871365
+2.1000000000 +0.8744593750 +0.0009610836 +0.0209250000 +0.0062558572 +0.7831528320 +0.0013834115 +0.6516049048 +0.0018156266 -1.6659750000 +0.0017237988 +2.8349023438 +0.0054404614 +0.5630059735 +0.8624710113 +0.6458640270
+2.2000000000 +0.8221109375 +0.0012510203 +0.0216640625 +0.0059443170 +0.7071674316 +0.0016605865 +0.5552367268 +0.0019832253 -1.5670156250 +0.0019924677 +2.5349365234 +0.0059391135 +0.9105756533 +1.0498982406 +0.6299056728
+2.3000000000 +0.7546937500 +0.0015271092 +0.0149281250 +0.0055496894 +0.6162039062 +0.0018790856 +0.4503265106 +0.0020433255 -1.4526906250 +0.0021935175 +2.2065404297 +0.0061735529 +1.2978434772 +1.1642238515 +0.6046721908
+2.4000000000 +0.6798156250 +0.0017247131 +0.0088281250 +0.0051066822 +0.5216419922 +0.0019901440 +0.3513238277 +0.0019825722 -1.3331250000 +0.0023020287 +1.8832089844 +0.0061070824 +1.5864722185 +1.1776302083 +0.5696307221
+2.5000000000 +0.6047125000 +0.0018493775 +0.0067562500 +0.0046585164 +0.4340811523 +0.0019966600 +0.2681594695 +0.0018307212 -1.2239031250 +0.0023193354 +1.6055251953 +0.0057990310 +1.7511409840 +1.1016840799 +0.5256160091
+2.6000000000 +0.5369234375 +0.0018743396 +0.0065703125 +0.0042338315 +0.3585497559 +0.0019179232 +0.2021265163 +0.0016346161 -1.1252968750 +0.0022700464 +1.3693552734 +0.0053692119 +1.7295502307 +0.9757369614 +0.4759132573
+2.7000000000 +0.4740718750 +0.0018326027 +0.0055218750 +0.0038202245 +0.2919127930 +0.0017671358 +0.1476684579 +0.0013919975 -1.0334875000 +0.0021704837 +1.1623164062 +0.0048270799 +1.5921457850 +0.8271714115 +0.4223560509
+2.8000000000 +0.4232343750 +0.0017688647 +0.0076937500 +0.0034759588 +0.2417049805 +0.0016077034 +0.1101155009 +0.0011722857 -0.9587687500 +0.0020611499 +1.0042042969 +0.0043051524 +1.4303461551 +0.6936063747 +0.3717159924
+2.9000000000 +0.3805437500 +0.0016872067 +0.0074343750 +0.0031756228 +0.2017468750 +0.0014528096 +0.0829149185 +0.0009841111 -0.8946562500 +0.0019590530 +0.8771675781 +0.0038453292 +1.2564596819 +0.5841257357 +0.3209561959
+3.0000000000 +0.3458281250 +0.0015884037 +0.0034468750 +0.0029158681 +0.1700576172 +0.0012984017 +0.0626365332 +0.0008193529 -0.8411125000 +0.0018499482 +0.7759164063 +0.0034288343 +1.0764912031 +0.4867283100 +0.2780381014
+3.1000000000 +0.3190843750 +0.0015160857 +0.0045750000 +0.0027181264 +0.1477851562 +0.0011762911 +0.0495136671 +0.0006893335 -0.7953281250 +0.0017853496 +0.6962962891 +0.0031155623 +0.9490646272 +0.4245541737 +0.2443125539
+3.2000000000 +0.2962156250 +0.0014400106 +0.0027156250 +0.0025417409 +0.1292163086 +0.0010675533 +0.0394902558 +0.0005832144 -0.7548281250 +0.0017180216 +0.6287974609 +0.0028390746 +0.8294522420 +0.3689497665 +0.2116228428
+3.3000000000 +0.2794234375 +0.0013707540 +0.0003953125 +0.0024047519 +0.1156567871 +0.0009775612 +0.0324890090 +0.0005069115 -0.7220593750 +0.0016561672 +0.5762275391 +0.0026122241 +0.7288112424 +0.3223966092 +0.1903954075
+3.4000000000 +0.2640593750 +0.0013176960 -0.0004687500 +0.0022853182 +0.1044538086 +0.0009067115 +0.0273531125 +0.0004443408 -0.6923750000 +0.0016282309 +0.5324058594 +0.0024623262 +0.6536744483 +0.2935513841 +0.1643259095
+3.5000000000 +0.2512375000 +0.0012609797 -0.0011718750 +0.0021785351 +0.0949216797 +0.0008317114 +0.0228450031 +0.0003811026 -0.6645625000 +0.0015873776 +0.4920386719 +0.0022880527 +0.5815112829 +0.2632900204 +0.1548396043
+3.6000000000 +0.2398031250 +0.0012116828 +0.0028125000 +0.0020840002 +0.0868690430 +0.0007715863 +0.0194531384 +0.0003305917 -0.6394625000 +0.0015604082 +0.4576097656 +0.0021516204 +0.5220178526 +0.2404813665 +0.1407127872
+3.7000000000 +0.2308671875 +0.0011601960 +0.0022328125 +0.0020026953 +0.0802207520 +0.0007093865 +0.0164999537 +0.0002816313 -0.6146593750 +0.0015191857 +0.4239646484 +0.0020021785 +0.4656621611 +0.2157884642 +0.1453505574
+3.8000000000 +0.2220562500 +0.0011262755 -0.0002093750 +0.0019323414 +0.0746789062 +0.0006732889 +0.0146432991 +0.0002645593 -0.5952000000 +0.0014990141 +0.3992039063 +0.0019214025 +0.4272829993 +0.1991838947 +0.1247708345
+3.9000000000 +0.2161140625 +0.0011031391 +0.0007265625 +0.0018847158 +0.0710436035 +0.0006465476 +0.0134076701 +0.0002453045 -0.5767718750 +0.0014937373 +0.3772908203 +0.0018639076 +0.3993979980 +0.1877713063 +0.1145131909
+4.0000000000 +0.2093171875 +0.0010827491 +0.0023140625 +0.0018337835 +0.0672605957 +0.0006216233 +0.0122522984 +0.0002277347 -0.5596656250 +0.0014808935 +0.3570865234 +0.0017925604 +0.3751505715 +0.1754436465 +0.0972346285
+4.1000000000 +0.2029484375 +0.0010547967 +0.0040015625 +0.0017807860 +0.0634399902 +0.0005952670 +0.0111114887 +0.0002149276 -0.5414125000 +0.0014653792 +0.3360742187 +0.0017208990 +0.3473470744 +0.1635092391 +0.0797098402
+4.2000000000 +0.1964953125 +0.0010191452 +0.0022015625 +0.0017230598 +0.0593835449 +0.0005552291 +0.0096919933 +0.0001880398 -0.5241281250 +0.0014444273 +0.3164376953 +0.0016358013 +0.3165430413 +0.1513919416 +0.0838647136
+4.3000000000 +0.1924296875 +0.0009953717 +0.0018484375 +0.0016858390 +0.0568444824 +0.0005312739 +0.0088763338 +0.0001703578 -0.5090781250 +0.0014320789 +0.3001775391 +0.0015699535 +0.2949253625 +0.1419733969 +0.0843368513
+4.4000000000 +0.1873218750 +0.0009789949 +0.0012281250 +0.0016470670 +0.0542581055 +0.0005101502 +0.0081490062 +0.0001596124 -0.4985593750 +0.0014196596 +0.2888701172 +0.0015239336 +0.2788162999 +0.1332517910 +0.0773135532
+4.5000000000 +0.1842796875 +0.0009706843 +0.0011359375 +0.0016248427 +0.0528035645 +0.0005041073 +0.0078707005 +0.0001578776 -0.4854093750 +0.0014242358 +0.2761912109 +0.0014998716 +0.2680115375 +0.1282179148 +0.0590519386
+4.6000000000 +0.1807921875 +0.0009466294 +0.0006328125 +0.0015907162 +0.0506079590 +0.0004842805 +0.0072517181 +0.0001501779 -0.4733156250 +0.0014269767 +0.2647529297 +0.0014689671 +0.2493515676 +0.1231765560 +0.0561955672
+4.7000000000 +0.1777234375 +0.0009286845 +0.0005296875 +0.0015626010 +0.0488347168 +0.0004631354 +0.0066747171 +0.0001366905 -0.4584093750 +0.0014132829 +0.2500865234 +0.0014087687 +0.2348813149 +0.1157370563 +0.0670588245
+4.8000000000 +0.1752437500 +0.0009174571 +0.0020812500 +0.0015417618 +0.0475449219 +0.0004533610 +0.0063712431 +0.0001330751 -0.4502593750 +0.0013914269 +0.2414548828 +0.0013689474 +0.2244606661 +0.1075593834 +0.0605046282
+4.9000000000 +0.1710500000 +0.0009028628 +0.0043968750 +0.0015090062 +0.0455613281 +0.0004332392 +0.0058297583 +0.0001159374 -0.4402031250 +0.0013895803 +0.2323974609 +0.0013312591 +0.2129400898 +0.1029402274 +0.0638691854
+5.0000000000 +0.1679015625 +0.0008867551 +0.0022796875 +0.0014817630 +0.0439176270 +0.0004249973 +0.0055412125 +0.0001158535 -0.4257500000 +0.0013910397 +0.2199628906 +0.0012887049 +0.2013016610 +0.0990715600 +0.0423521883
