# T, am1a, am1e, m1a, m1e, m2a, m2e, m4a, m4e, e1a, e1e, e2a, e2e, susc, spec, bind
+0.5000000000 +1.0000000000 +0.0000000000 -0.0225000000 +0.0070692777 +1.0000000000 +0.0000000000 +1.0000000000 +0.0000000000 -2.0000000000 +0.0000000000 +4.0000000000 +0.0000000000 +0.0000000000 +0.0000000000 +0.6666666667
+0.6000000000 +0.9999968750 +0.0000011046 -0.0229984375 +0.0070691755 +0.9999937744 +0.0000022006 +0.9999876457 +0.0000043670 -1.9999875000 +0.0000044185 +3.9999503906 +0.0000175361 +0.0000104125 +0.0002776667 +0.6666666344
+0.7000000000 +0.9999742188 +0.0000032160 -0.0226031250 +0.0070690797 +0.9999486450 +0.0000064054 +0.9998981133 +0.0000127054 -1.9998968750 +0.0000128641 +3.9995908203 +0.0000510306 +0.0000756498 +0.0017291378 +0.6666663931
+0.8000000000 +0.9999011719 +0.0000063445 -0.0233035156 +0.0070684514 +0.9998031586 +0.0000126342 +0.9996095483 +0.0000250514 -1.9996078125 +0.0000250415 +3.9984439453 +0.0000993336 +0.0002576167 +0.0050166006 +0.6666656021
+0.9000000000 +0.9997019531 +0.0000109228 -0.0253988281 +0.0070666869 +0.9994063812 +0.0000217500 +0.9988225761 +0.0000431214 -1.9988171875 +0.0000431133 +3.9953073242 +0.0001709997 +0.0006787253 +0.0117491906 +0.6666635092
+1.0000000000 +0.9992816406 +0.0000173813 -0.0223964844 +0.0070642347 +0.9985698395 +0.0000345818 +0.9971656423 +0.0000684504 -1.9971835937 +0.0000671929 +3.9888326050 +0.0002662203 +0.0015468000 +0.0231162461 +0.6666586711
+1.1000000000 +0.9984476562 +0.0000259416 -0.0191109375 +0.0070588454 +0.9969111816 +0.0000515592 +0.9938850712 +0.0001018445 -1.9939617188 +0.0000989697 +3.9760792358 +0.0003914438 +0.0031323624 +0.0414466114 +0.6666488343
+1.2000000000 +0.9970308594 +0.0000370914 -0.0130011719 +0.0070495710 +0.9940980499 +0.0000735322 +0.9883390726 +0.0001445383 -1.9885976563 +0.0001372608 +3.9548974487 +0.0005411521 +0.0058699479 +0.0669884956 +0.6666301908
+1.3000000000 +0.9948539063 +0.0000505437 -0.0107343750 +0.0070344515 +0.9897853882 +0.0000999297 +0.9798748337 +0.0001953886 -1.9805640625 +0.0001818421 +3.9232953369 +0.0007139760 +0.0100614701 +0.1001779878 +0.6665987125
+1.4000000000 +0.9913945312 +0.0000679260 -0.0043265625 +0.0070104803 +0.9829553955 +0.0001336648 +0.9665586350 +0.0002589813 -1.9681757813 +0.0002343776 +3.8748145630 +0.0009142340 +0.0168738588 +0.1434980688 +0.6665433916
+1.5000000000 +0.9864503906 +0.0000891717 -0.0086628906 +0.0069755586 +0.9732434052 +0.0001743877 +0.9478109470 +0.0003338543 -1.9510234375 +0.0002945781 +3.8082279785 +0.0011387202 +0.0271414591 +0.1974641597 +0.6664526254
+1.6000000000 +0.9798054687 +0.0001139245 -0.0033539063 +0.0069291669 +0.9602783325 +0.0002206718 +0.9231083970 +0.0004150273 -1.9287468750 +0.0003572727 +3.7226173828 +0.0013647196 +0.0415321483 +0.2552874990 +0.6663146135
+1.7000000000 +0.9698773438 +0.0001523545 +0.0006148438 +0.0068597592 +0.9411263000 +0.0002906787 +0.8874085945 +0.0005317574 -1.8976976563 +0.0004394996 +3.6051195923 +0.0016507132 +0.0699088006 +0.3422071362 +0.6660306928
+1.8000000000 +0.9572222656 +0.0001983521 -0.0002511719 +0.0067714890 +0.9170613373 +0.0003701332 +0.8437414682 +0.0006519502 -1.8601898437 +0.0005216917 +3.4657494995 +0.0019176138 +0.1119106094 +0.4300835335 +0.6655806710
+1.9000000000 +0.9386070313 +0.0002685934 -0.0049835938 +0.0066422932 +0.8824260071 +0.0004839032 +0.7833589048 +0.0008062038 -1.8097742188 +0.0006217279 +3.2830136353 +0.0022211459 +0.1944047789 +0.5482309072 +0.6646618753
+2.0000000000 +0.9124476563 +0.0003846852 -0.0006656250 +0.0064634354 +0.8355203796 +0.0006508598 +0.7065666752 +0.0009978414 -1.7469382813 +0.0007498222 +3.0630380249 +0.0025802617 +0.3788357430 +0.7196586500 +0.6626211911
+2.1000000000 +0.8695679687 +0.0006214711 +0.0005703125 +0.0061800997 +0.7638729797 +0.0009369209 +0.6010583448 +0.0012464904 -1.6639695313 +0.0009116633 +2.7854171997 +0.0029737318 +0.9416566809 +0.9649399745 +0.6566373279
+2.2000000000 +0.7975722656 +0.0009875239 -0.0030175781 +0.0057254541 +0.6556255890 +0.0012947714 +0.4633735716 +0.0014476700 -1.5528796875 +0.0010971127 +2.4355084473 +0.0033415757 +2.2695645202 +1.2732891724 +0.6406660808
+2.3000000000 +0.6737277344 +0.0014583630 +0.0026042969 +0.0049821618 +0.4964455109 +0.0016291593 +0.2995413431 +0.0014716224 -1.4095062500 +0.0012546664 +2.0181916260 +0.0035119495 +4.7344919149 +1.5235995917 +0.5948719234
+2.4000000000 +0.5199359375 +0.0016746551 -0.0078289062 +0.0040395636 +0.3264227722 +0.0016078700 +0.1582567458 +0.0011788531 -1.2568515625 +0.0012600001 +1.6114278564 +0.0032103301 +5.9828685987 +1.4112002794 +0.5049146462
+2.5000000000 +0.3899250000 +0.0015875696 -0.0101945312 +0.0031807634 +0.2024490479 +0.0013185322 +0.0757561619 +0.0007944862 -1.1325773437 +0.0011468690 +1.3090376099 +0.0026736723 +5.1617323240 +1.0775007350 +0.3838801067
+2.6000000000 +0.3035511719 +0.0013976074 -0.0075957031 +0.0025607787 +0.1312094452 +0.0010113532 +0.0376726243 +0.0005042537 -1.0403015625 +0.0010314945 +1.1035069580 +0.0022059953 +3.8465113840 +0.8058553209 +0.2705854517
+2.7000000000 +0.2491691406 +0.0012185199 -0.0040800781 +0.0021420134 +0.0917810760 +0.0007731550 +0.0203791400 +0.0003183544 -0.9691593750 +0.0009472618 +0.9572159912 +0.0018834879 +2.8156032389 +0.6302058776 +0.1935855377
+2.8000000000 +0.2138074219 +0.0010794307 -0.0009886719 +0.0018576336 +0.0690170258 +0.0006106229 +0.0122205568 +0.0002071190 -0.9113585937 +0.0008948403 +0.8465892700 +0.0016625533 +2.1305976784 +0.5229317100 +0.1448205422
+2.9000000000 +0.1892910156 +0.0009641489 -0.0021933594 +0.0016495142 +0.0544227509 +0.0004921095 +0.0078052717 +0.0001376579 -0.8614804687 +0.0008614895 +0.7569918823 +0.0015090843 +1.6411950131 +0.4518288677 +0.1215727697
+3.0000000000 +0.1704117187 +0.0008880244 -0.0000031250 +0.0014968617 +0.0448119019 +0.0004202682 +0.0055406139 +0.0001054434 -0.8178312500 +0.0008436681 +0.6830834717 +0.0014028757 +1.3458558266 +0.4049214067 +0.0802921816
+3.1000000000 +0.1571476562 +0.0008226980 -0.0012882812 +0.0013825767 +0.0382320251 +0.0003638001 +0.0041086983 +0.0000830910 -0.7793382813 +0.0008257320 +0.6210048218 +0.0013100655 +1.1178644052 +0.3632660021 +0.0630241521
+3.2000000000 +0.1467382812 +0.0007698877 -0.0021335938 +0.0012919387 +0.0333866638 +0.0003198231 +0.0031604053 +0.0000645791 -0.7441734375 +0.0008057081 +0.5667774170 +0.0012209237 +0.9483632507 +0.3245827978 +0.0549049650
+3.3000000000 +0.1378843750 +0.0007248024 -0.0018921875 +0.0012148105 +0.0295188721 +0.0002856140 +0.0025028714 +0.0000533942 -0.7129414063 +0.0007976991 +0.5210119263 +0.0011585623 +0.8150707356 +0.2991715561 +0.0425463334
+3.4000000000 +0.1306421875 +0.0006885672 -0.0014523438 +0.0011521234 +0.0265498779 +0.0002585831 +0.0020422003 +0.0000446649 -0.6851718750 +0.0007779383 +0.4815642578 +0.0010843007 +0.7139762278 +0.2680417333 +0.0342782249
+3.5000000000 +0.1247167969 +0.0006579763 -0.0015996094 +0.0011002358 +0.0242129364 +0.0002342653 +0.0016838709 +0.0000347963 -0.6615281250 +0.0007717777 +0.4495322754 +0.0010391556 +0.6333189104 +0.2489535263 +0.0426018078
+3.6000000000 +0.1194429688 +0.0006289789 -0.0010085937 +0.0010530407 +0.0221789124 +0.0002159565 +0.0014246484 +0.0000307567 -0.6362367187 +0.0007550827 +0.4162001587 +0.0009756396 +0.5626517027 +0.2252443734 +0.0346030080
+3.7000000000 +0.1150777344 +0.0006086943 -0.0007363281 +0.0010161820 +0.0206530609 +0.0002019326 +0.0012420843 +0.0000274605 -0.6155000000 +0.0007540510 +0.3902121094 +0.0009455736 +0.5127040667 +0.2126512783 +0.0293537752
+3.8000000000 +0.1102753906 +0.0005833238 -0.0011386719 +0.0009737735 +0.0189659943 +0.0001849606 +0.0010439177 +0.0000221421 -0.5941875000 +0.0007439430 +0.3641278076 +0.0008999157 +0.4584645043 +0.1962375173 +0.0326273973
+3.9000000000 +0.1072222656 +0.0005646644 -0.0003730469 +0.0009453410 +0.0178735321 +0.0001743559 +0.0009274626 +0.0000208101 -0.5765031250 +0.0007350689 +0.3431623779 +0.0008616421 +0.4185874287 +0.1818849670 +0.0322695653
+4.0000000000 +0.1039070313 +0.0005494064 -0.0003062500 +0.0009174291 +0.0168336182 +0.0001647854 +0.0008264554 +0.0000182078 -0.5579664063 +0.0007284004 +0.3219378540 +0.0008272164 +0.3863646093 +0.1697814960 +0.0278277486
+4.1000000000 +0.1005871094 +0.0005308890 -0.0006089844 +0.0008875319 +0.0157546295 +0.0001536202 +0.0007201919 +0.0000153553 -0.5414359375 +0.0007260795 +0.3036967041 +0.0008001255 +0.3519602229 +0.1605723022 +0.0328126286
+4.2000000000 +0.0984296875 +0.0005204362 -0.0005960938 +0.0008690548 +0.0151054810 +0.0001480426 +0.0006665077 +0.0000144917 -0.5256601562 +0.0007186164 +0.2866467896 +0.0007701732 +0.3301837760 +0.1498875600 +0.0263233029
+4.3000000000 +0.0958125000 +0.0005090933 -0.0005937500 +0.0008474433 +0.0143635559 +0.0001414184 +0.0006062949 +0.0000140010 -0.5102234375 +0.0007133424 +0.2705051025 +0.0007436276 +0.3086003052 +0.1409058664 +0.0204227355
+4.4000000000 +0.0939273438 +0.0004999536 -0.0003148438 +0.0008313037 +0.0138214172 +0.0001359876 +0.0005608841 +0.0000122253 -0.4962804687 +0.0007075389 +0.2563065308 +0.0007150455 +0.2908550593 +0.1323930856 +0.0213065431
+4.5000000000 +0.0919855469 +0.0004875652 -0.0018582031 +0.0008127818 +0.0132157379 +0.0001290495 +0.0005077310 +0.0000105284 -0.4839039063 +0.0007048732 +0.2440999146 +0.0006953475 +0.2704723673 +0.1256223487 +0.0309869617
+4.6000000000 +0.0903296875 +0.0004761020 -0.0010359375 +0.0007966128 +0.0126929138 +0.0001247497 +0.0004723596 +0.0000105169 -0.4714289063 +0.0006993602 +0.2320273071 +0.0006740813 +0.2522969808 +0.1183466886 +0.0226978680
+4.7000000000 +0.0881023438 +0.0004683798 +0.0002046875 +0.0007794092 +0.0121496155 +0.0001202061 +0.0004366033 +0.0000100050 -0.4594687500 +0.0007005436 +0.2209267578 +0.0006586414 +0.2389837619 +0.1137482005 +0.0140822355
+4.8000000000 +0.0868945313 +0.0004612952 -0.0004734375 +0.0007683196 +0.0118065247 +0.0001161755 +0.0004093290 +0.0000094062 -0.4480851563 +0.0007009246 +0.2106062134 +0.0006424976 +0.2269794718 +0.1091767347 +0.0211703577
+4.9000000000 +0.0862265625 +0.0004559192 -0.0004007812 +0.0007613181 +0.0115922668 +0.0001139514 +0.0003940792 +0.0000087261 -0.4376843750 +0.0006946544 +0.2012185059 +0.0006207385 +0.2171949330 +0.1028999916 +0.0224802410
+5.0000000000 +0.0844375000 +0.0004500133 +0.0005187500 +0.0007476517 +0.0111799316 +0.0001119751 +0.0003757594 +0.0000085414 -0.4290195312 +0.0006980999 +0.1938046265 +0.0006114782 +0.2073723000 +0.0998079311 -0.0020982412
