# T, am1a, am1e, m1a, m1e, m2a, m2e, m4a, m4e, e1a, e1e, e2a, e2e, susc, spec, bind
+0.5000000000 +1.0000000000 +0.0000000000 +0.2315000000 +0.0068789816 +1.0000000000 +0.0000000000 +1.0000000000 +0.0000000000 -2.0000000000 +0.0000000000 +4.0000000000 +0.0000000000 +0.0000000000 +0.0000000000 +0.6666666667
+0.6000000000 +0.9999980469 +0.0000004365 +0.2313996094 +0.0068791363 +0.9999960976 +0.0000008722 +0.9999922104 +0.0000017409 -1.9999921875 +0.0000017461 +3.9999688110 +0.0000069706 +0.0000065039 +0.0001734375 +0.6666666616
+0.7000000000 +0.9999799805 +0.0000014047 +0.2300973633 +0.0068811889 +0.9999600008 +0.0000028065 +0.9999201607 +0.0000056017 -1.9999201172 +0.0000055951 +3.9996811012 +0.0000223355 +0.0000577284 +0.0013084119 +0.6666666142
+0.8000000000 +0.9998994141 +0.0000031719 +0.2330732422 +0.0068755942 +0.9997990395 +0.0000063367 +0.9995989224 +0.0000126451 -1.9995994141 +0.0000125953 +3.9984009895 +0.0000502707 +0.0002575574 +0.0050765014 +0.6666663989
+0.9000000000 +0.9997076172 +0.0000054842 +0.2353289062 +0.0068703574 +0.9994159214 +0.0000109530 +0.9988345833 +0.0000218446 -1.9988455078 +0.0000213990 +3.9953925224 +0.0000853733 +0.0006844180 +0.0115779359 +0.6666658659
+1.0000000000 +0.9992778320 +0.0000087044 +0.2407250977 +0.0068578755 +0.9985577009 +0.0000173762 +0.9971235207 +0.0000346227 -1.9971664063 +0.0000336050 +3.9886962402 +0.0001339571 +0.0015516990 +0.0231280444 +0.6666646480
+1.1000000000 +0.9984290039 +0.0000132228 +0.2388145508 +0.0068550404 +0.9968639727 +0.0000263702 +0.9937516878 +0.0000524418 -1.9939062500 +0.0000499771 +3.9757120880 +0.0001988830 +0.0032552240 +0.0422753099 +0.6666620015
+1.2000000000 +0.9970365234 +0.0000183552 +0.2367847656 +0.0068484361 +0.9940885674 +0.0000365515 +0.9882388000 +0.0000724740 -1.9886167969 +0.0000681342 +3.9546896103 +0.0002704194 +0.0057500023 +0.0660234504 +0.6666576537
+1.3000000000 +0.9947472656 +0.0000253358 +0.2290136719 +0.0068450263 +0.9895349606 +0.0000503256 +0.9792300914 +0.0000992880 -1.9801496094 +0.0000913646 +3.9211594254 +0.0003610112 +0.0101124629 +0.1011577765 +0.6666494232
+1.4000000000 +0.9912918945 +0.0000339762 +0.2144602539 +0.0068435718 +0.9826827078 +0.0000672332 +0.9657557101 +0.0001316517 -1.9677326172 +0.0001174279 +3.8722474388 +0.0004611018 +0.0168869473 +0.1440841502 +0.6666354599
+1.5000000000 +0.9864186523 +0.0000450235 +0.2177532227 +0.0068031090 +0.9730622999 +0.0000886175 +0.9470073008 +0.0001716912 -1.9509322266 +0.0001479972 +3.8065746162 +0.0005761103 +0.0276768273 +0.1993676123 +0.6666113741
+1.6000000000 +0.9797032227 +0.0000581404 +0.2119709961 +0.0067637057 +0.9598860106 +0.0001135737 +0.9216391331 +0.0002167803 -1.9284957031 +0.0001814904 +3.7197544525 +0.0006982006 +0.0432678838 +0.2635102172 +0.6665733358
+1.7000000000 +0.9700852539 +0.0000758343 +0.2248112305 +0.0066732313 +0.9411804167 +0.0001465646 +0.8862502006 +0.0002739171 -1.8981906250 +0.0002201206 +3.6040967102 +0.0008335260 +0.0692807277 +0.3433629204 +0.6665049997
+1.8000000000 +0.9568224609 +0.0000996407 +0.2327119141 +0.0065633564 +0.9157077873 +0.0001895581 +0.8392393973 +0.0003434984 -1.8590382812 +0.0002624500 +3.4574009308 +0.0009730920 +0.1129617456 +0.4353895137 +0.6663809868
+1.9000000000 +0.9384237305 +0.0001333750 +0.2192291992 +0.0064534233 +0.8809948759 +0.0002482454 +0.7773844866 +0.0004311159 -1.8096863281 +0.0003115164 +3.2769054550 +0.0011243839 +0.1917456174 +0.5505344006 +0.6661373394
+2.0000000000 +0.9115062500 +0.0001910768 +0.1994525391 +0.0062920288 +0.8315738510 +0.0003428514 +0.6938660112 +0.0005555598 -1.7454857422 +0.0003776179 +3.0495723824 +0.0013128640 +0.3738660988 +0.7300879808 +0.6655334344
+2.1000000000 +0.8698305664 +0.0003091423 +0.2273415039 +0.0059448820 +0.7585165930 +0.0005143068 +0.5806376516 +0.0007340818 -1.6631214844 +0.0004549205 +2.7701121246 +0.0015055584 +0.9320246734 +0.9610861933 +0.6636017187
+2.2000000000 +0.7896000000 +0.0006023196 +0.1651582031 +0.0054929350 +0.6307239380 +0.0008483707 +0.4122073428 +0.0009604621 -1.5483980469 +0.0005620587 +2.4038547104 +0.0017308378 +3.3772348455 +1.3367428912 +0.6546051636
+2.3000000000 +0.5917602539 +0.0013630841 +0.0281649414 +0.0043962876 +0.3873401659 +0.0013485074 +0.1864018497 +0.0009781282 -1.3847382812 +0.0006836297 +1.9268470978 +0.0018922479 +16.5442639240 +1.8093228704 +0.5858631323
+2.4000000000 +0.3039710937 +0.0013130916 -0.0083937500 +0.0025180564 +0.1268826157 +0.0009078511 +0.0325830704 +0.0003950120 -1.2090855469 +0.0005855087 +1.4687442673 +0.0014282521 +14.7132543258 +1.2189169086 +0.3253686691
+2.5000000000 +0.2024207031 +0.0009857472 -0.0124115234 +0.0017357138 +0.0604080910 +0.0005143892 +0.0089410628 +0.0001468266 -1.1068517578 +0.0005262344 +1.2306592674 +0.0011726199 +7.9601458869 +0.9074202465 +0.1832715833
+2.6000000000 +0.1530346680 +0.0007734529 -0.0051247070 +0.0013296228 +0.0353841978 +0.0003213607 +0.0033174957 +0.0000628769 -1.0286640625 +0.0004840942 +1.0628366974 +0.0010000928 +4.7122070477 +0.7099749353 +0.1167769352
+2.7000000000 +0.1249250000 +0.0006512263 +0.0002179688 +0.0010974544 +0.0240881687 +0.0002263127 +0.0016045888 +0.0000306443 -0.9641492188 +0.0004628150 +0.9338676712 +0.0008960176 +3.2168440762 +0.6017517300 +0.0782037664
+2.8000000000 +0.1072224609 +0.0005677704 +0.0011335938 +0.0009471704 +0.0179439205 +0.0001723406 +0.0009160101 +0.0000186174 -0.9085582031 +0.0004450004 +0.8294385162 +0.0008115104 +2.3578566903 +0.5172908107 +0.0517031181
+2.9000000000 +0.0943956055 +0.0004996982 +0.0008887695 +0.0008337777 +0.0139044958 +0.0001339643 +0.0005522639 +0.0000110793 -0.8602296875 +0.0004313742 +0.7437167892 +0.0007444564 +1.7633864314 +0.4531503169 +0.0478290745
+3.0000000000 +0.0853896484 +0.0004505145 +0.0017515625 +0.0007532460 +0.0113506592 +0.0001093109 +0.0003678151 +0.0000072844 -0.8173617187 +0.0004193518 +0.6715972977 +0.0006883294 +1.3855631768 +0.4001699147 +0.0483742634
+3.1000000000 +0.0787143555 +0.0004176048 +0.0007051758 +0.0006958206 +0.0096838247 +0.0000954249 +0.0002758945 +0.0000059328 -0.7793757812 +0.0004120272 +0.6108219360 +0.0006444546 +1.1521238621 +0.3617914151 +0.0193184203
+3.2000000000 +0.0732559570 +0.0003909071 +0.0005418945 +0.0006489341 +0.0084226019 +0.0000834094 +0.0002100827 +0.0000045577 -0.7452498047 +0.0004012001 +0.5586165016 +0.0006008286 +0.9779733280 +0.3219230231 +0.0128653052
+3.3000000000 +0.0686163086 +0.0003697030 -0.0004657227 +0.0006099831 +0.0074418039 +0.0000750527 +0.0001680385 +0.0000038001 -0.7142947266 +0.0003969559 +0.5133684364 +0.0005693493 +0.8482462649 +0.2963375168 -0.0114186937
+3.4000000000 +0.0652291992 +0.0003458843 -0.0004002930 +0.0005765157 +0.0066475672 +0.0000658328 +0.0001308694 +0.0000029908 -0.6860980469 +0.0003888127 +0.4737540359 +0.0005356270 +0.7206305871 +0.2678261392 +0.0128314528
+3.5000000000 +0.0622445312 +0.0003316609 -0.0002238281 +0.0005511039 +0.0060743610 +0.0000605350 +0.0001101875 +0.0000025606 -0.6609744141 +0.0003834947 +0.4398285393 +0.0005087501 +0.6436511064 +0.2458739550 +0.0045717928
+3.6000000000 +0.0590965820 +0.0003143251 -0.0005276367 +0.0005228830 +0.0054684111 +0.0000541242 +0.0000884921 +0.0000019748 -0.6371023437 +0.0003786031 +0.4087662033 +0.0004845009 +0.5620636605 +0.2265131375 +0.0135815971
+3.7000000000 +0.0567432617 +0.0003035680 -0.0010040039 +0.0005030835 +0.0050628687 +0.0000505993 +0.0000768385 +0.0000017142 -0.6140443359 +0.0003761553 +0.3798803032 +0.0004634356 +0.5100823358 +0.2116708003 +0.0007723811
+3.8000000000 +0.0547603516 +0.0002898488 -0.0009109375 +0.0004836379 +0.0046789421 +0.0000459713 +0.0000641598 +0.0000014317 -0.5936093750 +0.0003753387 +0.3551896729 +0.0004483599 +0.4527820813 +0.1998064231 +0.0231084650
+3.9000000000 +0.0528781250 +0.0002802693 -0.0010597656 +0.0004672253 +0.0043671135 +0.0000431687 +0.0000563424 +0.0000012618 -0.5744968750 +0.0003696091 +0.3327788773 +0.0004264792 +0.4124927715 +0.1839441882 +0.0152524899
+4.0000000000 +0.0516479492 +0.0002758171 -0.0007321289 +0.0004576284 +0.0041890116 +0.0000416623 +0.0000522628 +0.0000012026 -0.5571935547 +0.0003624753 +0.3130924248 +0.0004055459 +0.3895042343 +0.1681771129 +0.0072308152
+4.1000000000 +0.0497356445 +0.0002675451 -0.0001633789 +0.0004418832 +0.0039052423 +0.0000395174 +0.0000464834 +0.0000011441 -0.5411144531 +0.0003629705 +0.2954398026 +0.0003946645 +0.3575528300 +0.1605110053 -0.0159700911
+4.2000000000 +0.0489250977 +0.0002623890 -0.0008952148 +0.0004341557 +0.0037706247 +0.0000376981 +0.0000426405 +0.0000009460 -0.5244324219 +0.0003582491 +0.2775962128 +0.0003776558 +0.3357158528 +0.1490052153 +0.0002889621
+4.3000000000 +0.0481625000 +0.0002539625 -0.0003482422 +0.0004248202 +0.0036095657 +0.0000356709 +0.0000384772 +0.0000008771 -0.5101472656 +0.0003578772 +0.2628117538 +0.0003668216 +0.3071855517 +0.1418603423 +0.0155973436
+4.4000000000 +0.0466452148 +0.0002475923 +0.0002379883 +0.0004124172 +0.0034018148 +0.0000335011 +0.0000340189 +0.0000007379 -0.4966072266 +0.0003543930 +0.2491306252 +0.0003535722 +0.2853326602 +0.1328601747 +0.0201097062
+4.5000000000 +0.0454395508 +0.0002434058 -0.0001040039 +0.0004030924 +0.0032496809 +0.0000328800 +0.0000321823 +0.0000007487 -0.4839806641 +0.0003545289 +0.2367510979 +0.0003449689 +0.2696369779 +0.1271183326 -0.0158147260
+4.6000000000 +0.0449041992 +0.0002390912 +0.0001243164 +0.0003974710 +0.0031596796 +0.0000312722 +0.0000295425 +0.0000006501 -0.4716642578 +0.0003510638 +0.2249320885 +0.0003330902 +0.2545068513 +0.1192851780 +0.0136287920
+4.7000000000 +0.0441904297 +0.0002359229 +0.0002447266 +0.0003915307 +0.0030659863 +0.0000307522 +0.0000283142 +0.0000006631 -0.4602746094 +0.0003497585 +0.2142993362 +0.0003231889 +0.2425337847 +0.1134150789 -0.0040200897
+4.8000000000 +0.0438765625 +0.0002339335 +0.0005789062 +0.0003885431 +0.0030196507 +0.0000298862 +0.0000269820 +0.0000006210 -0.4485585938 +0.0003514730 +0.2036754776 +0.0003175182 +0.2334928882 +0.1098073588 +0.0136300258
+4.9000000000 +0.0429641602 +0.0002304191 +0.0003877930 +0.0003812891 +0.0029077780 +0.0000290291 +0.0000253089 +0.0000005707 -0.4384939453 +0.0003483321 +0.1947036446 +0.0003073901 +0.2219068435 +0.1034962680 +0.0022316291
+5.0000000000 +0.0420854492 +0.0002261261 -0.0003434570 +0.0003737464 +0.0027938452 +0.0000281347 +0.0000236368 +0.0000005444 -0.4284269531 +0.0003447802 +0.1859271225 +0.0002970778 +0.2094407968 +0.0973811029 -0.0093976417
