# T, am1a, am1e, m1a, m1e, m2a, m2e, m4a, m4e, e1a, e1e, e2a, e2e, susc, spec, bind
+0.5000000000 +1.0000000000 +0.0000000000 -0.0124000000 +0.0070705242 +1.0000000000 +0.0000000000 +1.0000000000 +0.0000000000 -2.0000000000 +0.0000000000 +4.0000000000 +0.0000000000 +0.0000000000 +0.0000000000 +0.6666666667
+0.6000000000 +0.9999953125 +0.0000027061 -0.0123015625 +0.0070705001 +0.9999907715 +0.0000053277 +0.9999821107 +0.0000103276 -1.9999812500 +0.0000108245 +3.9999273438 +0.0000419450 +0.0000156227 +0.0004166042 +0.6666664774
+0.7000000000 +0.9999781250 +0.0000058443 -0.0126031250 +0.0070703539 +0.9999569336 +0.0000115060 +0.9999165168 +0.0000223040 -1.9999125000 +0.0000233772 +3.9996609375 +0.0000905865 +0.0000624562 +0.0014275714 +0.6666657840
+0.8000000000 +0.9998921875 +0.0000131438 -0.0122046875 +0.0070697910 +0.9997878418 +0.0000258538 +0.9995890970 +0.0000500339 -1.9995718750 +0.0000519222 +3.9983416016 +0.0002010937 +0.0002764139 +0.0053918271 +0.6666622087
+0.9000000000 +0.9997078125 +0.0000220557 -0.0111078125 +0.0070685998 +0.9994254395 +0.0000433264 +0.9988887526 +0.0000836408 -1.9988531250 +0.0000854826 +3.9955599609 +0.0003308015 +0.0006918457 +0.0115473079 +0.6666541377
+1.0000000000 +0.9993500000 +0.0000324514 -0.0112000000 +0.0070661023 +0.9987214844 +0.0000637641 +0.9975259207 +0.0001231630 -1.9974281250 +0.0001272889 +3.9900431641 +0.0004924089 +0.0013479600 +0.0207391694 +0.6666394914
+1.1000000000 +0.9984890625 +0.0000515920 -0.0106296875 +0.0070601723 +0.9970336426 +0.0001007482 +0.9942790884 +0.0001927032 -1.9941093750 +0.0001955895 +3.9772373047 +0.0007536611 +0.0030972885 +0.0404683755 +0.6665985954
+1.2000000000 +0.9970281250 +0.0000741014 -0.0103906250 +0.0070500601 +0.9941749023 +0.0001444417 +0.9888010043 +0.0002751131 -1.9886187500 +0.0002736614 +3.9561023438 +0.0010512943 +0.0058570828 +0.0665693733 +0.6665259427
+1.3000000000 +0.9948718750 +0.0000989622 -0.0045937500 +0.0070354275 +0.9899659180 +0.0001924372 +0.9807731603 +0.0003647061 -1.9805750000 +0.0003599868 +3.9252691406 +0.0013770249 +0.0096428457 +0.0981513846 +0.6664147561
+1.4000000000 +0.9914906250 +0.0001325922 -0.0085406250 +0.0070118911 +0.9834052734 +0.0002559201 +0.9683958338 +0.0004787373 -1.9683437500 +0.0004655847 +3.8787125000 +0.0017669706 +0.0160737817 +0.1415634885 +0.6662151722
+1.5000000000 +0.9867296875 +0.0001777164 -0.0044953125 +0.0069794231 +0.9742671387 +0.0003374702 +0.9514741798 +0.0006156481 -1.9519312500 +0.0005864161 +3.8169132813 +0.0021995513 +0.0269509324 +0.1956316878 +0.6658667893
+1.6000000000 +0.9796937500 +0.0002310240 -0.0021406250 +0.0069313155 +0.9608672852 +0.0004331649 +0.9270185767 +0.0007733217 -1.9287187500 +0.0007223226 +3.7303910156 +0.0026735107 +0.0426976547 +0.2608749756 +0.6653118252
+1.7000000000 +0.9701078125 +0.0003024850 -0.0052359375 +0.0068662643 +0.9429391113 +0.0005522083 +0.8952328478 +0.0009506563 -1.8984250000 +0.0008776216 +3.6194218750 +0.0031878965 +0.0688919889 +0.3411353772 +0.6643802925
+1.8000000000 +0.9564734375 +0.0004088152 -0.0045640625 +0.0067755561 +0.9181840332 +0.0007081829 +0.8530923787 +0.0011511874 -1.8587812500 +0.0010488051 +3.4770675781 +0.0037160583 +0.1188478777 +0.4345647955 +0.6627007817
+1.9000000000 +0.9376515625 +0.0005537526 -0.0087140625 +0.0066529969 +0.8853232910 +0.0009032784 +0.8001155661 +0.0013804861 -1.8087687500 +0.0012656702 +3.3036828125 +0.0043394347 +0.2065798183 +0.5679941766 +0.6597268469
+2.0000000000 +0.9111531250 +0.0007559782 -0.0049437500 +0.0064869316 +0.8416300781 +0.0011443754 +0.7345330891 +0.0016096675 -1.7453875000 +0.0015056634 +3.0917179687 +0.0049522176 +0.3657619497 +0.7254470975 +0.6543412030
+2.1000000000 +0.8724953125 +0.0010037874 -0.0008984375 +0.0062505962 +0.7813998535 +0.0014216848 +0.6510094838 +0.0018391834 -1.6642031250 +0.0017667838 +2.8320025391 +0.0055386261 +0.6141495827 +0.9060208298 +0.6445983746
+2.2000000000 +0.8202671875 +0.0012840209 +0.0036109375 +0.0059405362 +0.7058124512 +0.0016853838 +0.5549815839 +0.0019938187 -1.5652375000 +0.0020153261 +2.5311992187 +0.0059912847 +0.9592492300 +1.0741261136 +0.6286540545
+2.3000000000 +0.7535203125 +0.0015622400 -0.0004015625 +0.0055524975 +0.6166047363 +0.0019119441 +0.4533120024 +0.0020687846 -1.4553781250 +0.0022186367 +2.2165724609 +0.0062441167 +1.3582434776 +1.1910408978 +0.6025685322
+2.4000000000 +0.6761187500 +0.0017543801 +0.0029593750 +0.0050925671 +0.5186935547 +0.0020143942 +0.3501986841 +0.0019994268 -1.3331843750 +0.0023104477 +1.8841439453 +0.0061394141 +1.6415197490 +1.1862596396 +0.5661180811
+2.5000000000 +0.5987718750 +0.0018611477 +0.0008312500 +0.0046249567 +0.4278051758 +0.0020082408 +0.2636778899 +0.0018373899 -1.2192562500 +0.0023155358 +1.5938199219 +0.0058095099 +1.7735018878 +1.0980773756 +0.5197577216
+2.6000000000 +0.5277875000 +0.0018883771 +0.0016281250 +0.0041825611 +0.3498790039 +0.0019161811 +0.1958503165 +0.0016189687 -1.1158656250 +0.0022650060 +1.3477611328 +0.0053348758 +1.7555534462 +0.9714086604 +0.4667053091
+2.7000000000 +0.4660078125 +0.0018463072 +0.0019703125 +0.0037771444 +0.2853402832 +0.0017685572 +0.1439749711 +0.0013837255 -1.0283562500 +0.0021654314 +1.1512984375 +0.0048034028 +1.6160474523 +0.8233249763 +0.4105600474
+2.8000000000 +0.4161625000 +0.0017590015 +0.0000656250 +0.0034283593 +0.2350729492 +0.0015919992 +0.1059485185 +0.0011586081 -0.9517156250 +0.0020403697 +0.9890248047 +0.0042500932 +1.4144393786 +0.6796912148 +0.3609007301
+2.9000000000 +0.3745609375 +0.0016649089 -0.0001109375 +0.0031283727 +0.1957343262 +0.0014232250 +0.0788233156 +0.0009514597 -0.8886437500 +0.0019226520 +0.8636195313 +0.0037467482 +1.2234688060 +0.5626202470 +0.3141968843
+3.0000000000 +0.3441296875 +0.0015812531 +0.0008390625 +0.0029019973 +0.1684324707 +0.0012882813 +0.0615628739 +0.0008056732 -0.8398000000 +0.0018383717 +0.7728562500 +0.0033949894 +1.0668208829 +0.4806557156 +0.2766541533
+3.1000000000 +0.3187062500 +0.0014977988 +0.0001750000 +0.0027059349 +0.1464416992 +0.0011638862 +0.0485377929 +0.0006805217 -0.7954500000 +0.0017473797 +0.6938074219 +0.0030509777 +0.9263076218 +0.4066878293 +0.2455521065
+3.2000000000 +0.2967937500 +0.0014330603 -0.0003031250 +0.0025412563 +0.1291597656 +0.0010627717 +0.0392719200 +0.0005826495 -0.7560687500 +0.0016988261 +0.6293601562 +0.0028086644 +0.8214647117 +0.3607512595 +0.2152950661
+3.3000000000 +0.2798671875 +0.0013725225 -0.0008640625 +0.0024083319 +0.1160020020 +0.0009721716 +0.0323588166 +0.0004937666 -0.7250625000 +0.0016513606 +0.5802554688 +0.0025963407 +0.7306930291 +0.3205279844 +0.1984319339
+3.4000000000 +0.2638015625 +0.0013140392 +0.0001890625 +0.0022817231 +0.1041252441 +0.0009002532 +0.0270511832 +0.0004401579 -0.6937718750 +0.0016165816 +0.5335861328 +0.0024403587 +0.6500513838 +0.2893659143 +0.1683263439
+3.5000000000 +0.2505828125 +0.0012705307 +0.0022296875 +0.0021802722 +0.0950767090 +0.0008371104 +0.0230546564 +0.0003796620 -0.6666250000 +0.0015907965 +0.4950015625 +0.0022934324 +0.5903536103 +0.2644253878 +0.1498626096
+3.6000000000 +0.2395890625 +0.0012126240 -0.0000859375 +0.0020834113 +0.0868120605 +0.0007759405 +0.0195780065 +0.0003405113 -0.6399937500 +0.0015520745 +0.4577707031 +0.0021593712 +0.5228291854 +0.2379195214 +0.1340614292
+3.7000000000 +0.2292375000 +0.0011678007 -0.0016312500 +0.0019977780 +0.0798250000 +0.0007225166 +0.0168126341 +0.0003024549 -0.6156093750 +0.0015335872 +0.4260126953 +0.0020431203 +0.4717867000 +0.2198991040 +0.1204983635
+3.8000000000 +0.2219828125 +0.0011277841 -0.0009171875 +0.0019327890 +0.0747143066 +0.0006790370 +0.0148040522 +0.0002711527 -0.5971062500 +0.0014987831 +0.4014628906 +0.0019407577 +0.4284284227 +0.1991225123 +0.1160009214
+3.9000000000 +0.2151453125 +0.0010991884 +0.0027203125 +0.0018767579 +0.0704518066 +0.0006463600 +0.0133190831 +0.0002473431 -0.5764937500 +0.0014846459 +0.3764285156 +0.0018372526 +0.3965423778 +0.1854925837 +0.1055237702
+4.0000000000 +0.2090296875 +0.0010728539 +0.0037359375 +0.0018261950 +0.0667137207 +0.0006120374 +0.0119425158 +0.0002193794 -0.5603562500 +0.0014749685 +0.3575097656 +0.0017800376 +0.3683249671 +0.1740425548 +0.1055743505
+4.1000000000 +0.2019625000 +0.0010440451 +0.0011187500 +0.0017690139 +0.0625894531 +0.0005833887 +0.0107242878 +0.0002035260 -0.5425125000 +0.0014566408 +0.3367558594 +0.0017086386 +0.3403020756 +0.1615649607 +0.0874747476
+4.2000000000 +0.1973640625 +0.0010225274 -0.0009859375 +0.0017300700 +0.0598638184 +0.0005577851 +0.0098061605 +0.0001867114 -0.5246750000 +0.0014444826 +0.3170144531 +0.0016394586 +0.3186475458 +0.1514035283 +0.0878864375
+4.3000000000 +0.1926546875 +0.0009979188 +0.0001203125 +0.0016886778 +0.0570326660 +0.0005329598 +0.0089336470 +0.0001723922 -0.5109906250 +0.0014281097 +0.3019013672 +0.0015798837 +0.2964366497 +0.1411874902 +0.0844961243
+4.4000000000 +0.1895531250 +0.0009810829 +0.0005062500 +0.0016610329 +0.0551808594 +0.0005150374 +0.0083501972 +0.0001593516 -0.4981031250 +0.0014169957 +0.2882642578 +0.0015165060 +0.2800068680 +0.1327521808 +0.0858897922
+4.5000000000 +0.1858062500 +0.0009663115 +0.0008250000 +0.0016309267 +0.0531991211 +0.0005018540 +0.0078672948 +0.0001545340 -0.4855312500 +0.0014207728 +0.2761125000 +0.0014941288 +0.2656022550 +0.1275951574 +0.0733936883
+4.6000000000 +0.1822531250 +0.0009448232 +0.0043218750 +0.0015976755 +0.0510700195 +0.0004793366 +0.0072034181 +0.0001419109 -0.4726750000 +0.0014022064 +0.2627453125 +0.0014341956 +0.2484009455 +0.1189373365 +0.0793695864
+4.7000000000 +0.1777625000 +0.0009241737 +0.0022937500 +0.0015600671 +0.0486814453 +0.0004606314 +0.0066135080 +0.0001345373 -0.4604343750 +0.0014152764 +0.2520599609 +0.0014264781 +0.2326051255 +0.1160638037 +0.0697842179
+4.8000000000 +0.1737593750 +0.0009108655 +0.0026937500 +0.0015293558 +0.0467858398 +0.0004459889 +0.0061670373 +0.0001237964 -0.4481750000 +0.0013858610 +0.2392730469 +0.0013563909 +0.2212469259 +0.1067006007 +0.0608683858
+4.9000000000 +0.1703187500 +0.0008997482 +0.0022031250 +0.0015032392 +0.0451994141 +0.0004335756 +0.0058027430 +0.0001171161 -0.4367343750 +0.0013825503 +0.2289658203 +0.0013136109 +0.2114734689 +0.1019012905 +0.0532256824
+5.0000000000 +0.1690296875 +0.0008911103 +0.0018359375 +0.0014907920 +0.0444525879 +0.0004278631 +0.0056373686 +0.0001148127 -0.4281968750 +0.0013651775 +0.2206267578 +0.0012595870 +0.2032838737 +0.0954219368 +0.0490425586
