# T, am1a, am1e, m1a, m1e, m2a, m2e, m4a, m4e, e1a, e1e, e2a, e2e, susc, spec, bind
+0.5000000000 +1.0000000000 +0.0000000000 -0.0273000000 +0.0070684323 +1.0000000000 +0.0000000000 +1.0000000000 +0.0000000000 -2.0000000000 +0.0000000000 +4.0000000000 +0.0000000000 +0.0000000000 +0.0000000000 +0.6666666667
+0.6000000000 +1.0000000000 +0.0000000000 -0.0274000000 +0.0070684130 +1.0000000000 +0.0000000000 +1.0000000000 +0.0000000000 -2.0000000000 +0.0000000000 +4.0000000000 +0.0000000000 +0.0000000000 +0.0000000000 +0.6666666667
+0.7000000000 +0.9999875000 +0.0000088384 -0.0274125000 +0.0070683277 +0.9999765625 +0.0000165720 +0.9999586182 +0.0000292599 -1.9999500000 +0.0000353536 +3.9998250000 +0.0001237375 +0.0000357107 +0.0008162449 +0.6666648357
+0.8000000000 +0.9999187500 +0.0000225274 -0.0273812500 +0.0070678778 +0.9998476563 +0.0000422388 +0.9997310181 +0.0000745779 -1.9996750000 +0.0000901095 +3.9988625000 +0.0003153832 +0.0002029930 +0.0040598594 +0.6666547689
+0.9000000000 +0.9997000000 +0.0000467226 -0.0274750000 +0.0070664308 +0.9994437500 +0.0000859753 +0.9990356445 +0.0001474824 -1.9988500000 +0.0001748110 +3.9960125000 +0.0006040439 +0.0007761778 +0.0120726420 +0.6666173334
+1.0000000000 +0.9992562500 +0.0000702373 -0.0272687500 +0.0070635265 +0.9986117187 +0.0001306186 +0.9975665894 +0.0002278104 -1.9970750000 +0.0002730791 +3.9898000000 +0.0009508185 +0.0015786494 +0.0238631100 +0.6665526087
+1.1000000000 +0.9984562500 +0.0001030681 -0.0272687500 +0.0070582709 +0.9971273438 +0.0001897247 +0.9949828491 +0.0003278210 -1.9939625000 +0.0003939653 +3.9789906250 +0.0013653821 +0.0030903358 +0.0410469236 +0.6664253122
+1.2000000000 +0.9968250000 +0.0001534877 -0.0293125000 +0.0070472407 +0.9941312500 +0.0002796815 +0.9898613770 +0.0004753860 -1.9878000000 +0.0005715072 +3.9578812500 +0.0019582836 +0.0062822583 +0.0725823333 +0.6661390133
+1.3000000000 +0.9946250000 +0.0002075734 -0.0299625000 +0.0070329328 +0.9901406250 +0.0003713106 +0.9831358887 +0.0006196147 -1.9797375000 +0.0007443136 +3.9304406250 +0.0025261056 +0.0106059615 +0.1048999393 +0.6657291269
+1.4000000000 +0.9909000000 +0.0002911456 -0.0284500000 +0.0070098813 +0.9835781250 +0.0005004417 +0.9724347656 +0.0008066066 -1.9669125000 +0.0009712001 +3.8876093750 +0.0032364455 +0.0193750286 +0.1539966722 +0.6649408368
+1.5000000000 +0.9863625000 +0.0003689059 -0.0308125000 +0.0069809863 +0.9756328125 +0.0006146810 +0.9594160400 +0.0009724089 -1.9510875000 +0.0011780162 +3.8344968750 +0.0038952791 +0.0290328650 +0.1973649233 +0.6640203881
+1.6000000000 +0.9784250000 +0.0004973439 -0.0297375000 +0.0069331745 +0.9622625000 +0.0007936070 +0.9385453613 +0.0012127625 -1.9259875000 +0.0014720356 +3.7527656250 +0.0047772837 +0.0494701938 +0.2708610928 +0.6621321330
+1.7000000000 +0.9688500000 +0.0006354129 -0.0257750000 +0.0068777938 +0.9467453125 +0.0009733033 +0.9152730713 +0.0014317719 -1.8973625000 +0.0017560598 +3.6616593750 +0.0055806640 +0.0759999059 +0.3414528365 +0.6596207295
+1.8000000000 +0.9562875000 +0.0007734409 -0.0267625000 +0.0068034321 +0.9264500000 +0.0011591142 +0.8851805176 +0.0016604859 -1.8598625000 +0.0020671037 +3.5445468750 +0.0064238043 +0.1063485986 +0.4220165733 +0.6562310713
+1.9000000000 +0.9389312500 +0.0009402331 -0.0248812500 +0.0067031842 +0.8992726562 +0.0013749389 +0.8465004517 +0.0019067638 -1.8100875000 +0.0024298160 +3.3944968750 +0.0073338289 +0.1488906444 +0.5233467805 +0.6510821699
+2.0000000000 +0.9180125000 +0.0011034729 -0.0264625000 +0.0065817921 +0.8671000000 +0.0015735196 +0.8013816895 +0.0021235155 -1.7516250000 +0.0027570692 +3.2202187500 +0.0081260414 +0.1948243987 +0.6081144375 +0.6447126146
+2.1000000000 +0.8941375000 +0.0012697996 -0.0271125000 +0.0064459080 +0.8317296875 +0.0017622495 +0.7538847412 +0.0023039427 -1.6890875000 +0.0030463014 +3.0386156250 +0.0087651823 +0.2456976655 +0.6733752103 +0.6367385670
+2.2000000000 +0.8654562500 +0.0014652807 -0.0182062500 +0.0062913592 +0.7919554688 +0.0019641232 +0.7043490601 +0.0024740519 -1.6191000000 +0.0033778891 +2.8496875000 +0.0093817702 +0.3122978043 +0.7543890579 +0.6256609271
+2.3000000000 +0.8339875000 +0.0016305555 -0.0192000000 +0.0061169467 +0.7487093750 +0.0021272747 +0.6510716797 +0.0025988156 -1.5439750000 +0.0036327758 +2.6478000000 +0.0098173467 +0.3699076511 +0.7983098658 +0.6128484452
+2.4000000000 +0.8016562500 +0.0017586115 -0.0110062500 +0.0059345846 +0.7045070313 +0.0022492835 +0.5975156860 +0.0026826239 -1.4658250000 +0.0038385028 +2.4433250000 +0.0101214511 +0.4123619206 +0.8185613038 +0.5987108732
+2.5000000000 +0.7672937500 +0.0018664826 -0.0100687500 +0.0057372182 +0.6584148438 +0.0023350666 +0.5425608276 +0.0027140784 -1.3857500000 +0.0039693557 +2.2354187500 +0.0102145487 +0.4459209278 +0.8066961600 +0.5828157025
+2.6000000000 +0.7313187500 +0.0019633785 -0.0071437500 +0.0055311535 +0.6119242188 +0.0024037325 +0.4900098511 +0.0027221405 -1.3035875000 +0.0040985531 +2.0353031250 +0.0102445355 +0.4744437209 +0.7951781180 +0.5637973775
+2.7000000000 +0.6936312500 +0.0020331806 -0.0108562500 +0.0053088743 +0.5638007812 +0.0024313522 +0.4361007935 +0.0026804470 -1.2187375000 +0.0041537681 +1.8303968750 +0.0100769157 +0.4899346387 +0.7573679695 +0.5426862331
+2.8000000000 +0.6589750000 +0.0020794051 -0.0062250000 +0.0051023907 +0.5207265625 +0.0024320093 +0.3894495361 +0.0026141739 -1.1405125000 +0.0041801053 +1.6502343750 +0.0098361115 +0.4941629250 +0.7131951272 +0.5212481419
+2.9000000000 +0.6301312500 +0.0020964376 -0.0069187500 +0.0049240153 +0.4849664062 +0.0024116637 +0.3515148560 +0.0025380081 -1.0785375000 +0.0041491941 +1.5075593750 +0.0095427259 +0.4849711119 +0.6550606156 +0.5018052833
+3.0000000000 +0.5998500000 +0.0021073566 -0.0090500000 +0.0047358060 +0.4486390625 +0.0023726018 +0.3138617920 +0.0024370059 -1.0123000000 +0.0041103449 +1.3626500000 +0.0091753955 +0.4737015467 +0.6007088178 +0.4802158569
+3.1000000000 +0.5721750000 +0.0021115585 -0.0096375000 +0.0045632496 +0.4165578125 +0.0023338962 +0.2824618408 +0.0023408117 -0.9531250000 +0.0040671488 +1.2392812500 +0.0088181441 +0.4602507452 +0.5508162071 +0.4573897888
+3.2000000000 +0.5513000000 +0.0021067733 -0.0093375000 +0.0044306567 +0.3927015625 +0.0022907397 +0.2591642822 +0.0022609125 -0.9060625000 +0.0040320443 +1.1460968750 +0.0085399179 +0.4438493625 +0.5080431580 +0.4398186653
+3.3000000000 +0.5294125000 +0.0020927766 -0.0067500000 +0.0042885097 +0.3678718750 +0.0022315073 +0.2349222168 +0.0021512562 -0.8639500000 +0.0039334886 +1.0558562500 +0.0081167747 +0.4246995386 +0.4546507218 +0.4213583855
+3.4000000000 +0.5124375000 +0.0020721554 -0.0057625000 +0.0041739402 +0.3484687500 +0.0021805688 +0.2165280762 +0.0020731606 -0.8245625000 +0.0038860717 +0.9819343750 +0.0078482507 +0.4041249816 +0.4180360673 +0.4056184947
+3.5000000000 +0.4927500000 +0.0020521209 -0.0007625000 +0.0040436740 +0.3270265625 +0.0021269056 +0.1974209229 +0.0019884830 -0.7843375000 +0.0038235639 +0.9075781250 +0.0075435111 +0.3850240000 +0.3819008145 +0.3846731526
+3.6000000000 +0.4739937500 +0.0020235267 +0.0045937500 +0.0039149852 +0.3065632812 +0.0020558002 +0.1785073364 +0.0018734330 -0.7462375000 +0.0037076877 +0.8318093750 +0.0071074043 +0.3639698054 +0.3394308254 +0.3668675932
+3.7000000000 +0.4577125000 +0.0019963938 +0.0025625000 +0.0038026697 +0.2892125000 +0.0020010328 +0.1637265137 +0.0017970068 -0.7101500000 +0.0036557710 +0.7716062500 +0.0068325764 +0.3446995345 +0.3123952988 +0.3475253542
+3.8000000000 +0.4439687500 +0.0019644938 +0.0023562500 +0.0037032919 +0.2742929687 +0.0019398276 +0.1504952515 +0.0017131480 -0.6809750000 +0.0035779135 +0.7197562500 +0.0065320206 +0.3249882854 +0.2836889744 +0.3332359249
+3.9000000000 +0.4273812500 +0.0019288004 -0.0004812500 +0.0035851076 +0.2570601563 +0.0018663808 +0.1357474731 +0.0016027413 -0.6469500000 +0.0034767042 +0.6602937500 +0.0061157522 +0.3052530191 +0.2543057962 +0.3152359291
+4.0000000000 +0.4176375000 +0.0019222892 +0.0004875000 +0.0035236683 +0.2483250000 +0.0018392241 +0.1293202148 +0.0015610949 -0.6248000000 +0.0034732907 +0.6316500000 +0.0059809541 +0.2956156744 +0.2412749600 +0.3009563831
+4.1000000000 +0.4080000000 +0.0018899826 +0.0072375000 +0.0034485671 +0.2379046875 +0.0017870146 +0.1204670654 +0.0014963173 -0.6016250000 +0.0034139684 +0.5950562500 +0.0057536327 +0.2787929268 +0.2218713712 +0.2905184959
+4.2000000000 +0.4006812500 +0.0018650235 +0.0030187500 +0.0033919213 +0.2301117187 +0.0017489394 +0.1141271851 +0.0014517678 -0.5855375000 +0.0033735568 +0.5704718750 +0.0055821280 +0.2650143034 +0.2064559738 +0.2815602083
+4.3000000000 +0.3914562500 +0.0018315632 -0.0007062500 +0.0033191111 +0.2203304688 +0.0016828601 +0.1051858765 +0.0013624718 -0.5644750000 +0.0032826188 +0.5341437500 +0.0052620260 +0.2496464115 +0.1864893234 +0.2777508182
+4.4000000000 +0.3824812500 +0.0018198274 -0.0012062500 +0.0032597998 +0.2125273437 +0.0016557309 +0.0999967651 +0.0013205452 -0.5446000000 +0.0032638519 +0.5096437500 +0.0051125476 +0.2408561351 +0.1760781736 +0.2620361844
+4.5000000000 +0.3739062500 +0.0018086108 -0.0003562500 +0.0032033359 +0.2052273438 +0.0016243085 +0.0948858276 +0.0012769028 -0.5272750000 +0.0032427791 +0.4883312500 +0.0049486157 +0.2326096354 +0.1661727007 +0.2490523767
+4.6000000000 +0.3651562500 +0.0017698977 -0.0009687500 +0.0031304066 +0.1959898438 +0.0015728932 +0.0878918823 +0.0012167245 -0.5037625000 +0.0031983997 +0.4583718750 +0.0047337784 +0.2179156760 +0.1547033789 +0.2372883545
+4.7000000000 +0.3620562500 +0.0017546651 -0.0024812500 +0.0031036717 +0.1926617187 +0.0015474376 +0.0850098022 +0.0011862789 -0.5007250000 +0.0031509381 +0.4492937500 +0.0046145721 +0.2096237977 +0.1438248796 +0.2365916770
+4.8000000000 +0.3564250000 +0.0017358846 -0.0004125000 +0.0030602657 +0.1873046875 +0.0015187281 +0.0812137451 +0.0011532065 -0.4855250000 +0.0031185672 +0.4302437500 +0.0044966919 +0.2008863563 +0.1350758503 +0.2283666474
+4.9000000000 +0.3523437500 +0.0017230284 +0.0028812500 +0.0030291447 +0.1835226562 +0.0014994964 +0.0786503540 +0.0011317512 -0.4744000000 +0.0031089660 +0.4183687500 +0.0044072606 +0.1938825733 +0.1288219175 +0.2216049704
+5.0000000000 +0.3411125000 +0.0017018154 +0.0001375000 +0.0029519589 +0.1742812500 +0.0014575591 +0.0728635254 +0.0010842970 -0.4539250000 +0.0030625426 +0.3936312500 +0.0042405786 +0.1853552395 +0.1200533404 +0.2003727366
