# T, am1a, am1e, m1a, m1e, m2a, m2e, m4a, m4e, e1a, e1e, e2a, e2e, susc, spec, bind
+0.5000000000 +1.0000000000 +0.0000000000 -0.0134000000 +0.0070704329 +1.0000000000 +0.0000000000 +1.0000000000 +0.0000000000 -2.0000000000 +0.0000000000 +4.0000000000 +0.0000000000 +0.0000000000 +0.0000000000 +0.6666666667
+0.6000000000 +1.0000000000 +0.0000000000 -0.0133000000 +0.0070704424 +1.0000000000 +0.0000000000 +1.0000000000 +0.0000000000 -2.0000000000 +0.0000000000 +4.0000000000 +0.0000000000 +0.0000000000 +0.0000000000 +0.6666666667
+0.7000000000 +0.9999812500 +0.0000108245 -0.0134937500 +0.0070702997 +0.9999648438 +0.0000202959 +0.9999379272 +0.0000358350 -1.9999250000 +0.0000432980 +3.9997375000 +0.0001515431 +0.0000535634 +0.0012243061 +0.6666639203
+0.8000000000 +0.9998812500 +0.0000272302 -0.0134687500 +0.0070696391 +0.9997773438 +0.0000510566 +0.9996068726 +0.0000901468 -1.9995250000 +0.0001089207 +3.9983375000 +0.0003812224 +0.0002965930 +0.0059318594 +0.6666492804
+0.9000000000 +0.9997125000 +0.0000432535 -0.0134125000 +0.0070685310 +0.9994625000 +0.0000806632 +0.9990554199 +0.0001412822 -1.9988625000 +0.0001698280 +3.9960281250 +0.0005924017 +0.0006651972 +0.0113941944 +0.6666232430
+1.0000000000 +0.9992937500 +0.0000702567 -0.0135437500 +0.0070657741 +0.9986867188 +0.0001298420 +0.9977123413 +0.0002242752 -1.9972625000 +0.0002671031 +3.9904843750 +0.0009259676 +0.0015795194 +0.0228300975 +0.6665539778
+1.1000000000 +0.9986125000 +0.0001059805 -0.0133625000 +0.0070614199 +0.9974515625 +0.0001810714 +0.9955653564 +0.0003082292 -1.9946625000 +0.0003699416 +3.9814156250 +0.0012839631 +0.0032674523 +0.0361935351 +0.6664469694
+1.2000000000 +0.9972125000 +0.0001471147 -0.0140875000 +0.0070521882 +0.9948656250 +0.0002597330 +0.9911068359 +0.0004414544 -1.9893625000 +0.0005251175 +3.9630781250 +0.0018153138 +0.0057713979 +0.0612774288 +0.6662122712
+1.3000000000 +0.9946312500 +0.0002168764 -0.0166437500 +0.0070354638 +0.9902320313 +0.0003738073 +0.9833541138 +0.0006169142 -1.9800125000 +0.0007404770 +3.9314156250 +0.0025104809 +0.0115779418 +0.1038213003 +0.6657166519
+1.4000000000 +0.9909812500 +0.0002849676 -0.0159687500 +0.0070121786 +0.9836679687 +0.0004884281 +0.9723739136 +0.0007965528 -1.9668750000 +0.0009553202 +3.8868500000 +0.0032146774 +0.0185614960 +0.1490019133 +0.6650230027
+1.5000000000 +0.9858687500 +0.0003729838 -0.0150562500 +0.0069803039 +0.9747195312 +0.0006285164 +0.9579788208 +0.0009968861 -1.9494625000 +0.0012037511 +3.8293843750 +0.0039741909 +0.0296782829 +0.2060823900 +0.6638947347
+1.6000000000 +0.9789687500 +0.0004781490 -0.0148062500 +0.0069380585 +0.9629523438 +0.0007818691 +0.9395036011 +0.0012025770 -1.9268500000 +0.0014679761 +3.7558500000 +0.0047544642 +0.0457253027 +0.2693692344 +0.6622715823
+1.7000000000 +0.9694812500 +0.0006113770 -0.0164687500 +0.0068814908 +0.9473695313 +0.0009581086 +0.9158684692 +0.0014233263 -1.8980125000 +0.0017465384 +3.6634593750 +0.0055628738 +0.0703589379 +0.3377601375 +0.6598480016
+1.8000000000 +0.9567000000 +0.0007726815 -0.0178875000 +0.0068077003 +0.9272156250 +0.0011605198 +0.8866649414 +0.0016571329 -1.8612375000 +0.0020715102 +3.5500281250 +0.0064192358 +0.1061398667 +0.4238177461 +0.6562230145
+1.9000000000 +0.9397937500 +0.0009369846 -0.0172437500 +0.0067099693 +0.9007710937 +0.0013645644 +0.8486292847 +0.0018910529 -1.8134375000 +0.0023943690 +3.4032156250 +0.0072618417 +0.1478635891 +0.5081886253 +0.6513674939
+2.0000000000 +0.9177437500 +0.0011270191 -0.0138687500 +0.0065858359 +0.8676570313 +0.0015868032 +0.8031876099 +0.0021211302 -1.7529500000 +0.0027735699 +3.2266875000 +0.0081226087 +0.2032275247 +0.6154151900 +0.6443690380
+2.1000000000 +0.8927875000 +0.0012973081 -0.0123625000 +0.0064442876 +0.8307296875 +0.0017879865 +0.7540497314 +0.0023229248 -1.6881500000 +0.0030868133 +3.0404187500 +0.0088301804 +0.2564584179 +0.6914043628 +0.6357837882
+2.2000000000 +0.8639187500 +0.0014658059 -0.0145187500 +0.0062813874 +0.7893273438 +0.0019673908 +0.7004501831 +0.0024803029 -1.6144750000 +0.0033769567 +2.8346062500 +0.0094029832 +0.3125217247 +0.7539726426 +0.6252499471
+2.3000000000 +0.8338750000 +0.0016055954 -0.0171250000 +0.0061098813 +0.7469062500 +0.0021132493 +0.6471854004 +0.0025931111 -1.5397125000 +0.0036178018 +2.6324843750 +0.0097957920 +0.3586694565 +0.7917422831 +0.6132990226
+2.4000000000 +0.8017687500 +0.0017391022 -0.0162187500 +0.0059289949 +0.7033226563 +0.0022279918 +0.5939417114 +0.0026592713 -1.4634125000 +0.0037979154 +2.4300593750 +0.0100207098 +0.4032635185 +0.8013423051 +0.5997665744
+2.5000000000 +0.7639375000 +0.0018736803 -0.0135250000 +0.0057167785 +0.6538140625 +0.0023402281 +0.5370061768 +0.0027136551 -1.3766625000 +0.0039929061 +2.2140656250 +0.0102170687 +0.4493667750 +0.8162969244 +0.5812551183
+2.6000000000 +0.7306125000 +0.0019605572 -0.0093750000 +0.0055253164 +0.6106703125 +0.0023982823 +0.4879533936 +0.0027149211 -1.3029125000 +0.0040735635 +2.0294593750 +0.0101985789 +0.4730811529 +0.7855109878 +0.5638423712
+2.7000000000 +0.6937500000 +0.0020282574 -0.0027000000 +0.0053082876 +0.5635656250 +0.0024289723 +0.4356043457 +0.0026753735 -1.2199125000 +0.0041349750 +1.8301468750 +0.0100424502 +0.4875648148 +0.7505302987 +0.5428255421
+2.8000000000 +0.6623250000 +0.0020670098 -0.0061125000 +0.0051190216 +0.5241250000 +0.0024221579 +0.3920439941 +0.0026051815 -1.1472000000 +0.0041462010 +1.6598875000 +0.0097981824 +0.4882891107 +0.7016727755 +0.5242883365
+2.9000000000 +0.6292250000 +0.0021085128 -0.0003250000 +0.0049236192 +0.4848406250 +0.0024202558 +0.3522231934 +0.0025439137 -1.0782500000 +0.0041680822 +1.5100812500 +0.0095690509 +0.4905739276 +0.6610381688 +0.5005423256
+3.0000000000 +0.6023500000 +0.0021126787 +0.0050000000 +0.0047543073 +0.4520937500 +0.0023831154 +0.3179735352 +0.0024500915 -1.0188125000 +0.0041240103 +1.3781281250 +0.0092160647 +0.4760972133 +0.6047097153 +0.4814236408
+3.1000000000 +0.5762250000 +0.0021175133 +0.0047750000 +0.0045917845 +0.4217125000 +0.0023438070 +0.2877100586 +0.0023633896 -0.9637875000 +0.0040703073 +1.2602343750 +0.0089038433 +0.4628503194 +0.5516720580 +0.4607367280
+3.2000000000 +0.5550687500 +0.0021076805 +0.0071812500 +0.0044547508 +0.3969476563 +0.0022998095 +0.2633499146 +0.0022792462 -0.9158375000 +0.0040455673 +1.1660906250 +0.0086045161 +0.4442316951 +0.5114567166 +0.4428842415
+3.3000000000 +0.5315625000 +0.0021022948 +0.0083625000 +0.0043062840 +0.3709515625 +0.0022474355 +0.2386243896 +0.0021779063 -0.8685750000 +0.0039678156 +1.0692937500 +0.0082235619 +0.4285714962 +0.4626207080 +0.4219583043
+3.4000000000 +0.5079562500 +0.0020622535 +0.0086437500 +0.0041412717 +0.3430773437 +0.0021606293 +0.2110684448 +0.0020382623 -0.8158375000 +0.0038426052 +0.9609031250 +0.0077053063 +0.4002719616 +0.4087367455 +0.4022522120
+3.5000000000 +0.4897312500 +0.0020454029 +0.0043437500 +0.0040217614 +0.3235101563 +0.0021136240 +0.1940069458 +0.0019678010 -0.7788250000 +0.0037923879 +0.8942125000 +0.0074605932 +0.3825072413 +0.3756984416 +0.3820971687
+3.6000000000 +0.4720250000 +0.0020269885 +0.0048875000 +0.0039048519 +0.3049812500 +0.0020620041 +0.1780507813 +0.0018857098 -0.7400250000 +0.0037509615 +0.8290312500 +0.0071706888 +0.3652162194 +0.3474003079 +0.3619182128
+3.7000000000 +0.4555312500 +0.0020037839 +0.0060062500 +0.0037932548 +0.2878117188 +0.0020015716 +0.1629613647 +0.0017922551 -0.7053625000 +0.0036692855 +0.7668093750 +0.0068198443 +0.3472562120 +0.3147092694 +0.3442376894
+3.8000000000 +0.4415062500 +0.0019704007 +0.0022562500 +0.0036916951 +0.2725773437 +0.0019358475 +0.1492485229 +0.0017008668 -0.6761125000 +0.0035896989 +0.7148468750 +0.0064883519 +0.3269455788 +0.2855609555 +0.3304095098
+3.9000000000 +0.4312625000 +0.0019359692 +0.0015750000 +0.0036120935 +0.2609468750 +0.0018783978 +0.1386608398 +0.0016174279 -0.6522125000 +0.0035027898 +0.6707718750 +0.0061721782 +0.3075262814 +0.2581362050 +0.3212210417
+4.0000000000 +0.4179125000 +0.0019080514 +0.0018125000 +0.0035175331 +0.2474640625 +0.0018275472 +0.1280370361 +0.0015508568 -0.6231125000 +0.0034700248 +0.6290906250 +0.0059467685 +0.2912528194 +0.2408214373 +0.3030685211
+4.1000000000 +0.4048500000 +0.0018864597 -0.0016750000 +0.0034283766 +0.2350781250 +0.0017723578 +0.1180867676 +0.0014814303 -0.5995875000 +0.0033710474 +0.5867843750 +0.0056944614 +0.2777545463 +0.2163276191 +0.2877121378
+4.2000000000 +0.3965500000 +0.0018627261 +0.0019500000 +0.0033663264 +0.2266468750 +0.0017312175 +0.1113110840 +0.0014205189 -0.5789250000 +0.0033375391 +0.5579375000 +0.0054646354 +0.2643618000 +0.2020710607 +0.2776998807
+4.3000000000 +0.3887000000 +0.0018287820 -0.0004875000 +0.0033013355 +0.2179765625 +0.0016836481 +0.1042072021 +0.0013633819 -0.5584500000 +0.0032962752 +0.5291750000 +0.0052624795 +0.2488888279 +0.1880442163 +0.2689335024
+4.4000000000 +0.3790625000 +0.0018083884 -0.0028125000 +0.0032333098 +0.2090937500 +0.0016415848 +0.0976162109 +0.0013130431 -0.5373000000 +0.0032497785 +0.4999125000 +0.0050788932 +0.2378377131 +0.1745629835 +0.2557504371
+4.5000000000 +0.3699937500 +0.0017844042 -0.0028937500 +0.0031667726 +0.2005773437 +0.0016026896 +0.0916035522 +0.0012650165 -0.5216125000 +0.0032074018 +0.4778281250 +0.0049035303 +0.2264247776 +0.1625667357 +0.2410252824
+4.6000000000 +0.3675250000 +0.0017662027 +0.0000875000 +0.0031421653 +0.1974640625 +0.0015628157 +0.0878399170 +0.0012077938 -0.5132500000 +0.0031552491 +0.4625375000 +0.0046968390 +0.2170067370 +0.1505572306 +0.2490785214
+4.7000000000 +0.3596562500 +0.0017547664 +0.0039062500 +0.0030896720 +0.1909367188 +0.0015503109 +0.0845261108 +0.0011949851 -0.4970000000 +0.0031454610 +0.4448875000 +0.0046362917 +0.2096480020 +0.1433253056 +0.2271579882
+4.8000000000 +0.3538875000 +0.0017313228 +0.0050500000 +0.0030426997 +0.1851859375 +0.0015087382 +0.0798196533 +0.0011407674 -0.4792500000 +0.0031047398 +0.4224687500 +0.0044443622 +0.1998319161 +0.1338806858 +0.2241592734
+4.9000000000 +0.3455250000 +0.0017183291 +0.0003375000 +0.0029869760 +0.1784406250 +0.0014802073 +0.0756613281 +0.0011048641 -0.4626500000 +0.0030985277 +0.4060625000 +0.0043210466 +0.1928264469 +0.1279583357 +0.2079269546
+5.0000000000 +0.3422625000 +0.0016985537 +0.0004250000 +0.0029567307 +0.1748453125 +0.0014498222 +0.0726105713 +0.0010743854 -0.4567750000 +0.0030406134 +0.3935500000 +0.0042108934 +0.1846454195 +0.1183402236 +0.2082818307
