# T, am1a, am1e, m1a, m1e, m2a, m2e, m4a, m4e, e1a, e1e, e2a, e2e, susc, spec, bind
+0.5000000000 +1.0000000000 +0.0000000000 -0.0334000000 +0.0070671226 +1.0000000000 +0.0000000000 +1.0000000000 +0.0000000000 -2.0000000000 +0.0000000000 +4.0000000000 +0.0000000000 +0.0000000000 +0.0000000000 +0.6666666667
+0.6000000000 +0.9999968750 +0.0000011046 -0.0334000000 +0.0070671006 +0.9999937744 +0.0000022006 +0.9999876457 +0.0000043670 -1.9999875000 +0.0000044185 +3.9999503906 +0.0000175361 +0.0000104125 +0.0002776667 +0.6666666344
+0.7000000000 +0.9999750000 +0.0000031200 -0.0335000000 +0.0070669228 +0.9999501953 +0.0000062156 +0.9999011658 +0.0000123345 -1.9999000000 +0.0000124800 +3.9996031250 +0.0000495299 +0.0000712000 +0.0016274286 +0.6666664091
+0.8000000000 +0.9998988281 +0.0000064144 -0.0336003906 +0.0070663622 +0.9997984894 +0.0000127736 +0.9996002826 +0.0000253282 -1.9995984375 +0.0000253249 +3.9984067383 +0.0001004591 +0.0002633261 +0.0051308115 +0.6666655785
+0.9000000000 +0.9997085937 +0.0000108687 -0.0327000000 +0.0070652330 +0.9994196350 +0.0000216399 +0.9988489725 +0.0000428936 -1.9988507813 +0.0000424098 +3.9954404175 +0.0001682271 +0.0006720262 +0.0113688578 +0.6666635411
+1.0000000000 +0.9992816406 +0.0000172048 -0.0327738281 +0.0070622078 +0.9985697174 +0.0000342371 +0.9971649241 +0.0000677929 -1.9971750000 +0.0000668607 +3.9887973877 +0.0002649586 +0.0015155500 +0.0228882100 +0.6666588297
+1.1000000000 +0.9984402344 +0.0000259811 -0.0372988281 +0.0070551584 +0.9968964020 +0.0000516333 +0.9938557562 +0.0001019748 -1.9939320312 +0.0000990146 +3.9759610229 +0.0003916054 +0.0031419017 +0.0414842085 +0.6666487825
+1.2000000000 +0.9970148438 +0.0000371484 -0.0361265625 +0.0070454278 +0.9940661987 +0.0000736712 +0.9882761562 +0.0001449022 -1.9885375000 +0.0001380153 +3.9546623535 +0.0005441806 +0.0058880155 +0.0677270417 +0.6666300505
+1.3000000000 +0.9947812500 +0.0000502489 -0.0347867188 +0.0070300431 +0.9896402344 +0.0000993723 +0.9795852904 +0.0001943870 -1.9802375000 +0.0001818444 +3.9220019043 +0.0007139050 +0.0099444231 +0.1001805089 +0.6665994489
+1.4000000000 +0.9914472656 +0.0000683442 -0.0317128906 +0.0070073368 +0.9830610992 +0.0001344125 +0.9667704595 +0.0002601585 -1.9683437500 +0.0002359226 +3.8754903076 +0.0009193282 +0.0170822817 +0.1453961735 +0.6665420353
+1.5000000000 +0.9863855469 +0.0000899816 -0.0265644531 +0.0069728499 +0.9731183807 +0.0001758546 +0.9475778795 +0.0003362724 -1.9507570312 +0.0002969528 +3.8072166138 +0.0011471991 +0.0276366768 +0.2006606277 +0.6664489535
+1.6000000000 +0.9796542969 +0.0001152050 -0.0288910156 +0.0069251473 +0.9599879852 +0.0002231002 +0.9225724055 +0.0004192607 -1.9283718750 +0.0003588024 +3.7211928711 +0.0013698727 +0.0424710150 +0.2574782803 +0.6663066050
+1.7000000000 +0.9702941406 +0.0001500578 -0.0231449219 +0.0068607047 +0.9419210663 +0.0002868749 +0.8888612392 +0.0005262581 -1.8991093750 +0.0004348209 +3.6103978027 +0.0016341869 +0.0678169529 +0.3349600130 +0.6660482733
+1.8000000000 +0.9562835938 +0.0002040554 -0.0111929688 +0.0067645613 +0.9153110840 +0.0003805508 +0.8406907582 +0.0006685692 -1.8581414062 +0.0005284314 +3.4582742798 +0.0019404510 +0.1184387284 +0.4412676871 +0.6655142846
+1.9000000000 +0.9378539062 +0.0002712296 -0.0047062500 +0.0066370894 +0.8810412598 +0.0004902482 +0.7810405679 +0.0008190657 -1.8086929687 +0.0006296108 +3.2792984497 +0.0022488141 +0.1982397032 +0.5622209951 +0.6646024831
+2.0000000000 +0.9108238281 +0.0003901376 -0.0118230469 +0.0064517610 +0.8326441925 +0.0006629495 +0.7020863912 +0.0010124744 -1.7447546875 +0.0007513148 +3.0554583984 +0.0025787590 +0.3896507679 +0.7225266486 +0.6624404605
+2.1000000000 +0.8674339844 +0.0006304144 -0.0008519531 +0.0061659932 +0.7603901642 +0.0009512210 +0.5962896304 +0.0012601213 -1.6605507812 +0.0009179517 +2.7742816040 +0.0029897212 +0.9689535312 +0.9782977245 +0.6562339206
+2.2000000000 +0.7926699219 +0.0010375423 +0.0154808594 +0.0056991922 +0.6498554840 +0.0013383032 +0.4581332595 +0.0014756099 -1.5489734375 +0.0011168458 +2.4242656006 +0.0033901258 +2.5052950067 +1.3195049524 +0.6383928654
+2.3000000000 +0.6624871094 +0.0014911684 +0.0352175781 +0.0049097890 +0.4833608368 +0.0016490522 +0.2880251608 +0.0014777978 -1.4000101563 +0.0012683548 +1.9922029175 +0.0035319959 +4.9498898592 +1.5570258693 +0.5890715089
+2.4000000000 +0.5154789063 +0.0016893492 +0.0207179687 +0.0040147682 +0.3227965149 +0.0016118376 +0.1561579995 +0.0011810439 -1.2554781250 +0.0012604039 +1.6079976807 +0.0032165263 +6.0883212911 +1.4121048138 +0.5004427024
+2.5000000000 +0.3872375000 +0.0015964127 +0.0073953125 +0.0031691392 +0.2009235535 +0.0013184000 +0.0751338465 +0.0007937954 -1.1307164062 +0.0011472464 +1.3048430786 +0.0026722037 +5.2193968190 +1.0782100378 +0.3796273150
+2.6000000000 +0.3038718750 +0.0013905116 +0.0020648437 +0.0025593388 +0.1310085693 +0.0009987748 +0.0371142656 +0.0004910415 -1.0384242187 +0.0010270792 +1.0994226929 +0.0021947954 +3.8075522875 +0.7989712581 +0.2791909857
+2.7000000000 +0.2484593750 +0.0012134166 +0.0018164063 +0.0021351388 +0.0911796570 +0.0007635672 +0.0199744279 +0.0003077446 -0.9683421875 +0.0009419194 +0.9554308350 +0.0018668761 +2.7920683574 +0.6231174450 +0.1991389249
+2.8000000000 +0.2137375000 +0.0010784545 +0.0007710937 +0.0018566691 +0.0689450012 +0.0006096192 +0.0121861241 +0.0002064564 -0.9103679688 +0.0009036046 +0.8450998657 +0.0016779215 +2.1267458116 +0.5332253778 +0.1454474484
+2.9000000000 +0.1916667969 +0.0009750721 -0.0012167969 +0.0016695807 +0.0557514740 +0.0005064209 +0.0082374691 +0.0001502388 -0.8608617187 +0.0008751750 +0.7564015259 +0.0015384619 +1.6785931454 +0.4662982794 +0.1165950304
+3.0000000000 +0.1720996094 +0.0008875973 -0.0015753906 +0.0015061935 +0.0453748566 +0.0004204441 +0.0055943423 +0.0001073645 -0.8185765625 +0.0008418980 +0.6842434326 +0.0014027347 +1.3445615804 +0.4032240055 +0.0942731338
+3.1000000000 +0.1580503906 +0.0008230140 -0.0009738281 +0.0013879125 +0.0385269684 +0.0003633081 +0.0041241832 +0.0000830459 -0.7799726563 +0.0008230406 +0.6219052612 +0.0013068293 +1.1187235020 +0.3609018401 +0.0738378708
+3.2000000000 +0.1470625000 +0.0007715083 -0.0013085938 +0.0012948005 +0.0335318787 +0.0003218721 +0.0031964196 +0.0000658719 -0.7459421875 +0.0008193749 +0.5698572510 +0.0012429527 +0.9523599805 +0.3356875971 +0.0523962852
+3.3000000000 +0.1378781250 +0.0007246176 -0.0011117188 +0.0012147131 +0.0295117920 +0.0002850059 +0.0024955132 +0.0000515070 -0.7144367188 +0.0007908407 +0.5229284058 +0.0011479591 +0.8146551962 +0.2940492791 +0.0449030745
+3.4000000000 +0.1302269531 +0.0006875151 +0.0000011719 +0.0011491867 +0.0264126007 +0.0002566772 +0.0020152888 +0.0000419517 -0.6867296875 +0.0007818761 +0.4838242676 +0.0010890829 +0.7117960574 +0.2707621621 +0.0370722236
+3.5000000000 +0.1235398438 +0.0006542846 -0.0007976562 +0.0010914033 +0.0238238586 +0.0002327382 +0.0016509175 +0.0000361577 -0.6603046875 +0.0007694242 +0.4478425537 +0.0010336083 +0.6262320017 +0.2474375497 +0.0304283221
+3.6000000000 +0.1183734375 +0.0006212857 -0.0005070312 +0.0010423995 +0.0217321899 +0.0002105620 +0.0013590149 +0.0000282194 -0.6353335937 +0.0007609164 +0.4152286499 +0.0009855511 +0.5489720345 +0.2287382628 +0.0408291670
+3.7000000000 +0.1143277344 +0.0006034926 +0.0000925781 +0.0010088332 +0.0203548981 +0.0001975901 +0.0011951590 +0.0000252052 -0.6138554687 +0.0007499082 +0.3880657837 +0.0009358536 +0.5039787052 +0.2103210575 +0.0384617767
+3.8000000000 +0.1115371094 +0.0005850576 +0.0009800781 +0.0009819728 +0.0192863739 +0.0001871416 +0.0010724036 +0.0000232173 -0.5949429687 +0.0007469732 +0.3651165161 +0.0009039766 +0.4611939122 +0.1978394247 +0.0389724225
+3.9000000000 +0.1072433594 +0.0005636774 +0.0009878906 +0.0009448494 +0.0178557831 +0.0001733044 +0.0009195175 +0.0000196642 -0.5752953125 +0.0007373163 +0.3418374023 +0.0008637206 +0.4171254122 +0.1829988609 +0.0386512705
+4.0000000000 +0.1039804687 +0.0005509273 +0.0001984375 +0.0009187577 +0.0168823547 +0.0001652565 +0.0008312084 +0.0000178465 -0.5574601563 +0.0007292860 +0.3213989868 +0.0008257756 +0.3885066787 +0.1701945762 +0.0278738039
+4.1000000000 +0.1004925781 +0.0005331145 +0.0002332031 +0.0008883391 +0.0157829803 +0.0001541157 +0.0007241354 +0.0000152890 -0.5409171875 +0.0007265718 +0.3031495361 +0.0008032324 +0.3549172816 +0.1607901186 +0.0310073348
+4.2000000000 +0.0978589844 +0.0005208504 +0.0005183594 +0.0008660778 +0.0150020844 +0.0001481093 +0.0006637900 +0.0000142566 -0.5251992187 +0.0007153869 +0.2860697876 +0.0007626424 +0.3307095484 +0.1485433937 +0.0168806219
+4.3000000000 +0.0960160156 +0.0005068582 +0.0008855469 +0.0008472425 +0.0143571808 +0.0001413393 +0.0006056648 +0.0000140935 -0.5101343750 +0.0007169825 +0.2705183594 +0.0007457577 +0.3058965153 +0.1423476137 +0.0205715013
+4.4000000000 +0.0938476562 +0.0004993213 +0.0003320313 +0.0008304730 +0.0137938171 +0.0001373248 +0.0005674315 +0.0000127869 -0.4967523437 +0.0007075826 +0.2567763550 +0.0007182238 +0.2901198287 +0.1324094408 +0.0059156509
+4.5000000000 +0.0917921875 +0.0004884806 -0.0001375000 +0.0008123439 +0.0131980713 +0.0001309882 +0.0005173472 +0.0000118611 -0.4842875000 +0.0007080493 +0.2445610596 +0.0006989586 +0.2714888876 +0.1267570020 +0.0099893010
+4.6000000000 +0.0890664062 +0.0004754492 +0.0004109375 +0.0007891038 +0.0124538635 +0.0001228375 +0.0004568799 +0.0000096984 -0.4712570313 +0.0006944131 +0.2317273804 +0.0006673970 +0.2516056377 +0.1166783016 +0.0180879651
+4.7000000000 +0.0878730469 +0.0004683998 +0.0001457031 +0.0007781266 +0.0121096405 +0.0001199820 +0.0004345572 +0.0000098321 -0.4599492187 +0.0006961494 +0.2212457642 +0.0006553120 +0.2390042219 +0.1123257114 +0.0122132512
+4.8000000000 +0.0858582031 +0.0004576530 +0.0005738281 +0.0007602706 +0.0115605560 +0.0001146976 +0.0003967573 +0.0000089973 -0.4475781250 +0.0006981611 +0.2100747559 +0.0006389323 +0.2234093326 +0.1083175320 +0.0104306110
+4.9000000000 +0.0853699219 +0.0004560398 +0.0010472656 +0.0007565175 +0.0114474701 +0.0001140570 +0.0003912245 +0.0000090453 -0.4378625000 +0.0006919402 +0.2012991943 +0.0006206244 +0.2173098596 +0.1020974640 +0.0048564522
+5.0000000000 +0.0845843750 +0.0004482537 +0.0000734375 +0.0007474336 +0.0111731445 +0.0001093738 +0.0003640916 +0.0000078620 -0.4287859375 +0.0006894129 +0.1933631836 +0.0006037283 +0.2057537555 +0.0973394268 +0.0278380618
