# T, am1a, am1e, m1a, m1e, m2a, m2e, m4a, m4e, e1a, e1e, e2a, e2e, susc, spec, bind
+0.5000000000 +1.0000000000 +0.0000000000 +0.0575000000 +0.0070593688 +1.0000000000 +0.0000000000 +1.0000000000 +0.0000000000 -2.0000000000 +0.0000000000 +4.0000000000 +0.0000000000 +0.0000000000 +0.0000000000 +0.6666666667
+0.6000000000 +0.9999984375 +0.0000015625 +0.0576984375 +0.0070592769 +0.9999969238 +0.0000030761 +0.9999940369 +0.0000059629 -1.9999937500 +0.0000062498 +3.9999757812 +0.0000242181 +0.0000052081 +0.0001388819 +0.6666666036
+0.7000000000 +0.9999671875 +0.0000074899 +0.0584828125 +0.0070587366 +0.9999354980 +0.0000147053 +0.9998753252 +0.0000283593 -1.9998718750 +0.0000287968 +3.9995041016 +0.0001113985 +0.0001025801 +0.0021662232 +0.6666652248
+0.8000000000 +0.9998921875 +0.0000133282 +0.0580984375 +0.0070583727 +0.9997879395 +0.0000261945 +0.9995896470 +0.0000506134 -1.9995718750 +0.0000526691 +3.9983431641 +0.0002036250 +0.0002842264 +0.0055480771 +0.6666620904
+0.9000000000 +0.9997062500 +0.0000217762 +0.0588687500 +0.0070567575 +0.9994220703 +0.0000428164 +0.9988811396 +0.0000827985 -1.9988343750 +0.0000859258 +3.9954865234 +0.0003325505 +0.0006744194 +0.0116673387 +0.6666544309
+1.0000000000 +0.9993046875 +0.0000344849 +0.0597640625 +0.0070535874 +0.9986336426 +0.0000676531 +0.9973606909 +0.0001302854 -1.9972843750 +0.0001324809 +3.9894958984 +0.0005118741 +0.0015221836 +0.0224655244 +0.6666360702
+1.1000000000 +0.9983703125 +0.0000538237 +0.0598359375 +0.0070470592 +0.9968012207 +0.0001052978 +0.9938344262 +0.0002017686 -1.9936937500 +0.0002026770 +3.9756363281 +0.0007812720 +0.0033710442 +0.0434543781 +0.6665922740
+1.2000000000 +0.9970906250 +0.0000735313 +0.0620031250 +0.0070372348 +0.9942978516 +0.0001433970 +0.9890394716 +0.0002732245 -1.9888593750 +0.0002714533 +3.9570353516 +0.0010432136 +0.0057673120 +0.0654994683 +0.6665280052
+1.3000000000 +0.9945578125 +0.0001031302 +0.0604328125 +0.0070203484 +0.9893579590 +0.0002000347 +0.9796294483 +0.0003775633 -1.9794593750 +0.0003701349 +3.9209994141 +0.0014145243 +0.0104722008 +0.1037631919 +0.6663941379
+1.4000000000 +0.9914187500 +0.0001362147 +0.0553406250 +0.0070007844 +0.9832822266 +0.0002618895 +0.9682156597 +0.0004872067 -1.9683437500 +0.0004681575 +3.8787605469 +0.0017757676 +0.0169640554 +0.1431323661 +0.6661937456
+1.5000000000 +0.9866031250 +0.0001785516 +0.0531843750 +0.0069684818 +0.9740233398 +0.0003395200 +0.9510269429 +0.0006202887 -1.9517250000 +0.0005868012 +3.8161171875 +0.0022023532 +0.0272048462 +0.1958886933 +0.6658566374
+1.6000000000 +0.9796296875 +0.0002334713 +0.0532078125 +0.0069207421 +0.9607645020 +0.0004360691 +0.9268715542 +0.0007756427 -1.9282000000 +0.0007289974 +3.7285839844 +0.0026951238 +0.0436070929 +0.2657186094 +0.6652933030
+1.7000000000 +0.9704750000 +0.0003036764 +0.0416687500 +0.0068626884 +0.9436661133 +0.0005507680 +0.8965726418 +0.0009460927 -1.8993781250 +0.0008820930 +3.6231990234 +0.0032002775 +0.0694357706 +0.3446203285 +0.6643957067
+1.8000000000 +0.9577968750 +0.0003964041 +0.0368250000 +0.0067792385 +0.9205175781 +0.0006955312 +0.8570278860 +0.0011422207 -1.8619250000 +0.0010525764 +3.4889230469 +0.0037294848 +0.1117413108 +0.4376956296 +0.6628605871
+1.9000000000 +0.9399968750 +0.0005175540 +0.0337687500 +0.0066626235 +0.8889513672 +0.0008622270 +0.8051032400 +0.0013418448 -1.8129281250 +0.0012364028 +3.3172822266 +0.0042626950 +0.1804544734 +0.5420292990 +0.6603948127
+2.0000000000 +0.9125156250 +0.0007279808 +0.0337281250 +0.0064890149 +0.8432838867 +0.0011213106 +0.7362744618 +0.0015979475 -1.7473656250 +0.0014883580 +3.0975908203 +0.0049106470 +0.3391718672 +0.7088670861 +0.6548794036
+2.1000000000 +0.8745859375 +0.0009840916 +0.0331640625 +0.0062576730 +0.7842692871 +0.0014006144 +0.6543127260 +0.0018267862 -1.6678937500 +0.0017454848 +2.8428039062 +0.0054955256 +0.5902849535 +0.8843079541 +0.6454041107
+2.2000000000 +0.8212640625 +0.0012761062 +0.0310578125 +0.0059417128 +0.7070436035 +0.0016815148 +0.5564604977 +0.0020005327 -1.5684750000 +0.0020063406 +2.5406218750 +0.0059812432 +0.9474601647 +1.0645692479 +0.6289600354
+2.3000000000 +0.7554562500 +0.0015408661 +0.0274093750 +0.0055562948 +0.6181995117 +0.0018967624 +0.4541247891 +0.0020646285 -1.4563843750 +0.0022055795 +2.2183470703 +0.0062175829 +1.3213319250 +1.1770631086 +0.6039074818
+2.4000000000 +0.6814593750 +0.0017310234 +0.0204843750 +0.0051180861 +0.5243157227 +0.0019956220 +0.3545571179 +0.0019906968 -1.3373343750 +0.0023095109 +1.8951400391 +0.0061303742 +1.5981024768 +1.1852978723 +0.5700883722
+2.5000000000 +0.6025203125 +0.0018412441 +0.0095265625 +0.0046408166 +0.4308343262 +0.0019886541 +0.2647131223 +0.0018170069 -1.2196343750 +0.0023035977 +1.5936392578 +0.0057575561 +1.7357721394 +1.0867839911 +0.5246279754
+2.6000000000 +0.5302187500 +0.0018708562 +0.0036781250 +0.0041899908 +0.3511339844 +0.0019028069 +0.1957085579 +0.0016047783 -1.1170093750 +0.0022503691 +1.3489931641 +0.0052912467 +1.7231276683 +0.9588943927 +0.4708938214
+2.7000000000 +0.4700125000 +0.0018324477 +0.0048187500 +0.0037950351 +0.2880690430 +0.0017554341 +0.1446147491 +0.0013726860 -1.0288593750 +0.0021471018 +1.1507525391 +0.0047545488 +1.5918765704 +0.8094457112 +0.4191043103
+2.8000000000 +0.4212703125 +0.0017596751 +0.0016859375 +0.0034597324 +0.2393978027 +0.0015933900 +0.1080891399 +0.0011513112 -0.9554968750 +0.0020349982 +0.9957986328 +0.0042237927 +1.4155228924 +0.6761171810 +0.3713332572
+2.9000000000 +0.3810171875 +0.0016726309 +0.0042765625 +0.0031710384 +0.2011279785 +0.0014365406 +0.0817254441 +0.0009636228 -0.8941187500 +0.0019335254 +0.8742187500 +0.0037699816 +1.2348442780 +0.5690019379 +0.3265721745
+3.0000000000 +0.3458500000 +0.0015927798 +0.0029343750 +0.0029184119 +0.1703511719 +0.0012998405 +0.0628112272 +0.0008204196 -0.8403125000 +0.0018434944 +0.7740945313 +0.0034177788 +1.0824309200 +0.4833381944 +0.2785175471
+3.1000000000 +0.3191718750 +0.0015088010 +0.0004187500 +0.0027147755 +0.1474002930 +0.0011734485 +0.0492664760 +0.0006892769 -0.7955531250 +0.0017705505 +0.6956017578 +0.0030973885 +0.9399660837 +0.4175449448 +0.2441535980
+3.2000000000 +0.3000000000 +0.0014450447 -0.0011468750 +0.0025667272 +0.1317630859 +0.0010802442 +0.0407000631 +0.0005996588 -0.7591656250 +0.0017233203 +0.6357291016 +0.0028725856 +0.8352617188 +0.3712290961 +0.2185767785
+3.3000000000 +0.2798062500 +0.0013725843 -0.0003843750 +0.0024080193 +0.1159712891 +0.0009762606 +0.0325110348 +0.0005036150 -0.7232218750 +0.0016574984 +0.5779958984 +0.0026082947 +0.7307588174 +0.3229150734 +0.1942346849
+3.4000000000 +0.2664312500 +0.0013165346 -0.0003437500 +0.0022983773 +0.1056508789 +0.0009092120 +0.0276954391 +0.0004440135 -0.6936250000 +0.0016225941 +0.5337718750 +0.0024434066 +0.6525226904 +0.2915224048 +0.1729328510
+3.5000000000 +0.2531734375 +0.0012702411 -0.0016171875 +0.0021950447 +0.0963670410 +0.0008461748 +0.0236068408 +0.0003955158 -0.6660812500 +0.0015810991 +0.4936617187 +0.0022965985 +0.5900846000 +0.2612113614 +0.1526563726
+3.6000000000 +0.2424015625 +0.0012239578 -0.0022640625 +0.0021061202 +0.0887199707 +0.0007884350 +0.0203038275 +0.0003463382 -0.6417531250 +0.0015629936 +0.4607060547 +0.0021821235 +0.5326480569 +0.2412789197 +0.1401674509
+3.7000000000 +0.2313562500 +0.0011761561 -0.0013718750 +0.0020148287 +0.0811925781 +0.0007298295 +0.0172452574 +0.0003002821 -0.6185218750 +0.0015271058 +0.4292103516 +0.0020394636 +0.4785619669 +0.2180443148 +0.1280014517
+3.8000000000 +0.2230515625 +0.0011530065 -0.0021640625 +0.0019536606 +0.0763404785 +0.0007001240 +0.0156313424 +0.0002821224 -0.5972437500 +0.0015156266 +0.4026425781 +0.0019589112 +0.4478059618 +0.2036231854 +0.1059428826
+3.9000000000 +0.2160359375 +0.0011158746 -0.0023546875 +0.0018916858 +0.0715750488 +0.0006553351 +0.0137122694 +0.0002489220 -0.5770562500 +0.0014955832 +0.3777292969 +0.0018615959 +0.4086731903 +0.1882356606 +0.1077947427
+4.0000000000 +0.2099062500 +0.0010783856 -0.0022718750 +0.0018345815 +0.0673189453 +0.0006237944 +0.0123142284 +0.0002393011 -0.5593750000 +0.0014806895 +0.3567492187 +0.0018054673 +0.3721329844 +0.1753953125 +0.0942437393
+4.1000000000 +0.2025171875 +0.0010484462 -0.0028390625 +0.0017746822 +0.0629979980 +0.0005857105 +0.0108298843 +0.0002059868 -0.5399250000 +0.0014566948 +0.3339582031 +0.0017059769 +0.3431771600 +0.1615769566 +0.0904029053
+4.2000000000 +0.1968515625 +0.0010264804 -0.0036109375 +0.0017293169 +0.0598237793 +0.0005557397 +0.0097558166 +0.0001833892 -0.5255625000 +0.0014467244 +0.3180761719 +0.0016337593 +0.3211160631 +0.1518738520 +0.0913540785
+4.3000000000 +0.1929093750 +0.0010088848 -0.0036000000 +0.0016964380 +0.0575709961 +0.0005415707 +0.0091803958 +0.0001786577 -0.5115656250 +0.0014380031 +0.3030564453 +0.0015911023 +0.3029874475 +0.1431504394 +0.0767216259
+4.4000000000 +0.1882500000 +0.0009820489 -0.0014812500 +0.0016541504 +0.0547264648 +0.0005149857 +0.0082991923 +0.0001615613 -0.4976437500 +0.0014428893 +0.2892878906 +0.0015548913 +0.2805585795 +0.1376482271 +0.0763237335
+4.5000000000 +0.1845812500 +0.0009635109 +0.0015312500 +0.0016222663 +0.0526373047 +0.0004949022 +0.0076692497 +0.0001503354 -0.4839656250 +0.0014168236 +0.2743705078 +0.0014810771 +0.2640649506 +0.1268868160 +0.0773343792
+4.6000000000 +0.1811734375 +0.0009517245 +0.0028078125 +0.0015957995 +0.0509394043 +0.0004816889 +0.0072353059 +0.0001426762 -0.4726593750 +0.0014068601 +0.2629919922 +0.0014318288 +0.2520429891 +0.1197281132 +0.0705459576
+4.7000000000 +0.1788953125 +0.0009306031 +0.0015546875 +0.0015703751 +0.0493239746 +0.0004638866 +0.0067366703 +0.0001330384 -0.4604718750 +0.0014031603 +0.2514115234 +0.0014008699 +0.2358528242 +0.1140850724 +0.0769868159
+4.8000000000 +0.1747640625 +0.0009141908 +0.0015890625 +0.0015371215 +0.0472573730 +0.0004473540 +0.0062357715 +0.0001245218 -0.4483062500 +0.0013897578 +0.2396070312 +0.0013506560 +0.2228652734 +0.1073014929 +0.0692569835
+4.9000000000 +0.1718609375 +0.0009016451 +0.0013578125 +0.0015131691 +0.0457954590 +0.0004343282 +0.0058700435 +0.0001161255 -0.4384468750 +0.0013778253 +0.2302037109 +0.0013169303 +0.2123660688 +0.1012059608 +0.0670137702
+5.0000000000 +0.1695656250 +0.0008883892 +0.0011250000 +0.0014922456 +0.0445372070 +0.0004249971 +0.0055960128 +0.0001144293 -0.4297000000 +0.0013857552 +0.2230484375 +0.0013010358 +0.2020442349 +0.0983202496 +0.0596024563
