# T, am1a, am1e, m1a, m1e, m2a, m2e, m4a, m4e, e1a, e1e, e2a, e2e, susc, spec, bind
+0.5000000000 +1.0000000000 +0.0000000000 -0.0115000000 +0.0070706002 +1.0000000000 +0.0000000000 +1.0000000000 +0.0000000000 -2.0000000000 +0.0000000000 +4.0000000000 +0.0000000000 +0.0000000000 +0.0000000000 +0.6666666667
+0.6000000000 +1.0000000000 +0.0000000000 -0.0115000000 +0.0070706002 +1.0000000000 +0.0000000000 +1.0000000000 +0.0000000000 -2.0000000000 +0.0000000000 +4.0000000000 +0.0000000000 +0.0000000000 +0.0000000000 +0.6666666667
+0.7000000000 +0.9999812500 +0.0000108245 -0.0112187500 +0.0070704985 +0.9999648438 +0.0000202959 +0.9999379272 +0.0000358350 -1.9999250000 +0.0000432980 +3.9997375000 +0.0001515431 +0.0000535634 +0.0012243061 +0.6666639203
+0.8000000000 +0.9999375000 +0.0000197593 -0.0114125000 +0.0070701930 +0.9998828125 +0.0000370487 +0.9997930908 +0.0000654141 -1.9997500000 +0.0000790372 +3.9991250000 +0.0002766301 +0.0001561719 +0.0031234375 +0.6666575138
+0.9000000000 +0.9997500000 +0.0000404660 -0.0109375000 +0.0070689928 +0.9995328125 +0.0000754063 +0.9991795654 +0.0001319202 -1.9990125000 +0.0001584534 +3.9965531250 +0.0005524463 +0.0005822222 +0.0099190093 +0.6666287238
+1.0000000000 +0.9992812500 +0.0000729776 -0.0108312500 +0.0070659473 +0.9986695313 +0.0001339656 +0.9976997681 +0.0002289122 -1.9972375000 +0.0002745900 +3.9904656250 +0.0009413648 +0.0017042344 +0.0241278975 +0.6665467025
+1.1000000000 +0.9984875000 +0.0001047825 -0.0103625000 +0.0070607701 +0.9971968750 +0.0001924229 +0.9951421387 +0.0003294708 -1.9941750000 +0.0003939270 +3.9798375000 +0.0013561153 +0.0031939977 +0.0410389339 +0.6664184332
+1.2000000000 +0.9970750000 +0.0001522037 -0.0108625000 +0.0070516093 +0.9946218750 +0.0002731276 +0.9907646484 +0.0004577677 -1.9889125000 +0.0005485295 +3.9617906250 +0.0018724827 +0.0061775917 +0.0668632483 +0.6661639491
+1.3000000000 +0.9947687500 +0.0001996062 -0.0104687500 +0.0070365195 +0.9903617188 +0.0003618638 +0.9834352417 +0.0006101924 -1.9801500000 +0.0007299307 +3.9316500000 +0.0024904677 +0.0098074188 +0.1008849941 +0.6657766231
+1.4000000000 +0.9911437500 +0.0002805272 -0.0093562500 +0.0070137447 +0.9839398437 +0.0004816946 +0.9727782104 +0.0007886736 -1.9674000000 +0.0009433912 +3.8884625000 +0.0031841589 +0.0179875496 +0.1453040000 +0.6650688930
+1.5000000000 +0.9861062500 +0.0003643227 -0.0090062500 +0.0069820450 +0.9750601562 +0.0006161914 +0.9583361450 +0.0009853572 -1.9500125000 +0.0011851556 +3.8306406250 +0.0039351904 +0.0283159463 +0.1997644433 +0.6640042429
+1.6000000000 +0.9786312500 +0.0004848696 -0.0086687500 +0.0069366633 +0.9624210937 +0.0007865669 +0.9386281128 +0.0012072505 -1.9259625000 +0.0014670817 +3.7523781250 +0.0047679595 +0.0470197027 +0.2690410850 +0.6622136958
+1.7000000000 +0.9680750000 +0.0006260434 -0.0086250000 +0.0068736214 +0.9450078125 +0.0009781351 +0.9121747314 +0.0014484904 -1.8935125000 +0.0017804639 +3.6487906250 +0.0056590075 +0.0737751235 +0.3510092033 +0.6595244070
+1.8000000000 +0.9564437500 +0.0007666550 -0.0087437500 +0.0068061127 +0.9265398437 +0.0011517645 +0.8850073120 +0.0016514220 -1.8593250000 +0.0020647100 +3.5423500000 +0.0064114530 +0.1044906385 +0.4210397253 +0.6563649897
+1.9000000000 +0.9402875000 +0.0009259297 -0.0096625000 +0.0067126527 +0.9012875000 +0.0013556636 +0.8490756348 +0.0018883109 -1.8142625000 +0.0023863383 +3.4054406250 +0.0072497337 +0.1443950934 +0.5047854010 +0.6515837292
+2.0000000000 +0.9200562500 +0.0011015351 -0.0113812500 +0.0065978844 +0.8707710937 +0.0015697966 +0.8075275269 +0.0021102618 -1.7586250000 +0.0027526747 +3.2443062500 +0.0080783420 +0.1941407247 +0.6061774375 +0.6450002287
+2.1000000000 +0.8931750000 +0.0012892157 -0.0097375000 +0.0064455733 +0.8310031250 +0.0017856999 +0.7543406738 +0.0023255635 -1.6891125000 +0.0030781150 +3.0425968750 +0.0088319648 +0.2532689095 +0.6875132421 +0.6358829993
+2.2000000000 +0.8670000000 +0.0014413275 -0.0134375000 +0.0062970506 +0.7932375000 +0.0019505552 +0.7053190430 +0.0024689585 -1.6210750000 +0.0033566881 +2.8532312500 +0.0093640143 +0.3021709091 +0.7449490723 +0.6263561137
+2.3000000000 +0.8327250000 +0.0016280310 -0.0126125000 +0.0061085250 +0.7464406250 +0.0021273347 +0.6476846680 +0.0026016555 -1.5396625000 +0.0036326128 +2.6344781250 +0.0098280495 +0.3687631261 +0.7982382188 +0.6125177382
+2.4000000000 +0.8017750000 +0.0017489368 -0.0139250000 +0.0059322207 +0.7040187500 +0.0022401655 +0.5960092285 +0.0026709564 -1.4645375000 +0.0038249300 +2.4374718750 +0.0100725188 +0.4078373292 +0.8127827391 +0.5991671764
+2.5000000000 +0.7697312500 +0.0018451019 -0.0141062500 +0.0057461954 +0.6605742187 +0.0023238745 +0.5443661499 +0.0027076002 -1.3880250000 +0.0039577004 +2.2398812500 +0.0102012435 +0.4357633378 +0.8019656944 +0.5841596598
+2.6000000000 +0.7334000000 +0.0019511143 -0.0142625000 +0.0055398966 +0.6140125000 +0.0023937018 +0.4916075195 +0.0027135048 -1.3069375000 +0.0040782502 +2.0407281250 +0.0102057754 +0.4685350154 +0.7873195174 +0.5653468440
+2.7000000000 +0.6964687500 +0.0020192147 -0.0138187500 +0.0053217587 +0.5666132812 +0.0024204425 +0.4382214478 +0.0026722531 -1.2227750000 +0.0041344743 +1.8370562500 +0.0100472179 +0.4832270313 +0.7503485309 +0.5450131190
+2.8000000000 +0.6614625000 +0.0020734390 -0.0167625000 +0.0051148541 +0.5235156250 +0.0024289689 +0.3920664062 +0.0026108874 -1.1445000000 +0.0041784477 +1.6590687500 +0.0098248327 +0.4913313491 +0.7126295918 +0.5231529716
+2.9000000000 +0.6282062500 +0.0021080560 -0.0113437500 +0.0049162608 +0.4835210938 +0.0024153881 +0.3504746460 +0.0025382555 -1.0761250000 +0.0041481094 +1.5021812500 +0.0095498515 +0.4903613860 +0.6547181629 +0.5003055787
+3.0000000000 +0.5971250000 +0.0021335437 -0.0089500000 +0.0047303189 +0.4475984375 +0.0023934353 +0.3149150146 +0.0024566093 -1.0116875000 +0.0041361835 +1.3656718750 +0.0092527728 +0.4855475833 +0.6082849375 +0.4760437933
+3.1000000000 +0.5729312500 +0.0021196875 -0.0057937500 +0.0045720791 +0.4181117188 +0.0023428567 +0.2845969604 +0.0023564219 -0.9590125000 +0.0040740683 +1.2516656250 +0.0088708390 +0.4638012982 +0.5526920289 +0.4573443581
+3.2000000000 +0.5487812500 +0.0021086790 -0.0031937500 +0.0044163401 +0.3900914062 +0.0022851406 +0.2566086548 +0.0022467487 -0.9056625000 +0.0039895398 +1.1385531250 +0.0084747583 +0.4446527295 +0.4973883767 +0.4378952186
+3.3000000000 +0.5231937500 +0.0020966717 -0.0048687500 +0.0042522267 +0.3616523437 +0.0022241105 +0.2297257690 +0.0021367463 -0.8538125000 +0.0039222592 +1.0366781250 +0.0080686853 +0.4262819089 +0.4520585342 +0.4145283215
+3.4000000000 +0.5023750000 +0.0020639652 -0.0040250000 +0.0041083055 +0.3375796875 +0.0021530960 +0.2066764893 +0.0020228953 -0.8067875000 +0.0038323267 +0.9446406250 +0.0076493425 +0.4009366912 +0.4065530171 +0.3954709053
+3.5000000000 +0.4858937500 +0.0020376371 -0.0038687500 +0.0039944778 +0.3191320313 +0.0020992520 +0.1899824341 +0.0019450321 -0.7677250000 +0.0037825558 +0.8755562500 +0.0073749579 +0.3796082055 +0.3737529135 +0.3781990232
+3.6000000000 +0.4712562500 +0.0020153654 -0.0030062500 +0.0038942738 +0.3033164063 +0.0020396832 +0.1752069946 +0.0018507474 -0.7379125000 +0.0037058705 +0.8191843750 +0.0070319890 +0.3610397915 +0.3390981696 +0.3651978603
+3.7000000000 +0.4551312500 +0.0019933297 -0.0015562500 +0.0037855600 +0.2866117188 +0.0019863677 +0.1610594116 +0.0017718762 -0.7064500000 +0.0036411083 +0.7642250000 +0.0067405489 +0.3436422228 +0.3098944018 +0.3464527878
+3.8000000000 +0.4419125000 +0.0019637444 -0.0052500000 +0.0036904264 +0.2724125000 +0.0019255703 +0.1483649902 +0.0016834536 -0.6754250000 +0.0035655983 +0.7104687500 +0.0064213214 +0.3247403888 +0.2817394120 +0.3335675834
+3.9000000000 +0.4297375000 +0.0019487463 -0.0078500000 +0.0036094663 +0.2606265625 +0.0018924783 +0.1395556885 +0.0016409106 -0.6519250000 +0.0035335449 +0.6747250000 +0.0062636885 +0.3115989481 +0.2626890671 +0.3151602865
+4.0000000000 +0.4178875000 +0.0019129865 -0.0056125000 +0.0035198637 +0.2478203125 +0.0018356737 +0.1288088623 +0.0015649959 -0.6255750000 +0.0034751775 +0.6328812500 +0.0059962521 +0.2927613994 +0.2415371694 +0.3008816698
+4.1000000000 +0.4072750000 +0.0018906292 -0.0065500000 +0.0034447032 +0.2373625000 +0.0017845195 +0.1200311523 +0.0014921953 -0.6000875000 +0.0034196445 +0.5939843750 +0.0057310640 +0.2789837049 +0.2226097488 +0.2898525927
+4.2000000000 +0.3956562500 +0.0018637878 -0.0032562500 +0.0033616020 +0.2260179687 +0.0017321720 +0.1110925171 +0.0014207988 -0.5793000000 +0.0033362049 +0.5581937500 +0.0054647298 +0.2646632403 +0.2019095329 +0.2751008056
+4.3000000000 +0.3902062500 +0.0018458254 -0.0029812500 +0.0033195893 +0.2204023438 +0.0017049903 +0.1067170288 +0.0013868951 -0.5650750000 +0.0033175876 +0.5394375000 +0.0053424238 +0.2535494929 +0.1904837161 +0.2677151428
+4.4000000000 +0.3820812500 +0.0018081717 -0.0044187500 +0.0032508173 +0.2113757813 +0.0016446428 +0.0987767212 +0.0013195225 -0.5403875000 +0.0032531483 +0.5036781250 +0.0051066437 +0.2377807260 +0.1749251858 +0.2630756623
+4.5000000000 +0.3730312500 +0.0018015622 -0.0052937500 +0.0031940321 +0.2040648438 +0.0016229149 +0.0943195190 +0.0012918492 -0.5249000000 +0.0032369835 +0.4850812500 +0.0050116451 +0.2308001076 +0.1655792514 +0.2450052341
+4.6000000000 +0.3666812500 +0.0017799713 -0.0064812500 +0.0031446708 +0.1978210938 +0.0015886815 +0.0896113647 +0.0012354231 -0.5089250000 +0.0032181737 +0.4661375000 +0.0048035073 +0.2204033205 +0.1566221886 +0.2366975800
+4.7000000000 +0.3571687500 +0.0017438958 +0.0000937500 +0.0030691445 +0.1883929688 +0.0015315979 +0.0824077515 +0.0011682987 -0.4921250000 +0.0031141852 +0.4361500000 +0.0045476800 +0.2070585626 +0.1404892598 +0.2260419356
+4.8000000000 +0.3497625000 +0.0017301410 -0.0020875000 +0.0030182545 +0.1822015625 +0.0015037872 +0.0784249268 +0.0011459014 -0.4758875000 +0.0031148572 +0.4205156250 +0.0044829604 +0.1995591870 +0.1347546613 +0.2125396908
+4.9000000000 +0.3477000000 +0.0017152126 -0.0062375000 +0.0029974612 +0.1797343750 +0.0014834783 +0.0763186035 +0.0011132037 -0.4659000000 +0.0030966691 +0.4088500000 +0.0043482456 +0.1921276245 +0.1278048746 +0.2125066979
+5.0000000000 +0.3439062500 +0.0017153656 -0.0053312500 +0.0029756736 +0.1771210938 +0.0014726549 +0.0747461304 +0.0010969250 -0.4582875000 +0.0030906669 +0.4010718750 +0.0042928660 +0.1883186719 +0.1222684431 +0.2058054755
