# T, am1a, am1e, m1a, m1e, m2a, m2e, m4a, m4e, e1a, e1e, e2a, e2e, susc, spec, bind
+0.5000000000 +1.0000000000 +0.0000000000 +0.0113000000 +0.0070706163 +1.0000000000 +0.0000000000 +1.0000000000 +0.0000000000 -2.0000000000 +0.0000000000 +4.0000000000 +0.0000000000 +0.0000000000 +0.0000000000 +0.6666666667
+0.6000000000 +0.9999968750 +0.0000011046 +0.0114976563 +0.0070705784 +0.9999937744 +0.0000022006 +0.9999876457 +0.0000043670 -1.9999875000 +0.0000044185 +3.9999503906 +0.0000175361 +0.0000104125 +0.0002776667 +0.6666666344
+0.7000000000 +0.9999785156 +0.0000029452 +0.0116042969 +0.0070704404 +0.9999572052 +0.0000058659 +0.9999151004 +0.0000116341 -1.9999140625 +0.0000117810 +3.9996590332 +0.0000467299 +0.0000634473 +0.0014502232 +0.6666664373
+0.8000000000 +0.9999054687 +0.0000061151 +0.0109968750 +0.0070699744 +0.9998116943 +0.0000121802 +0.9996263913 +0.0000241618 -1.9996234375 +0.0000242865 +3.9985056885 +0.0000963676 +0.0002393279 +0.0047186709 +0.6666656772
+0.9000000000 +0.9996984375 +0.0000111599 +0.0111953125 +0.0070685010 +0.9993994568 +0.0000222170 +0.9988091462 +0.0000440279 -1.9988109375 +0.0000435975 +3.9952831787 +0.0001728828 +0.0007085076 +0.0120145671 +0.6666633721
+1.0000000000 +0.9992593750 +0.0000177821 +0.0118781250 +0.0070653540 +0.9985256226 +0.0000353766 +0.9970784490 +0.0000700132 -1.9970953125 +0.0000688955 +3.9884846191 +0.0002728862 +0.0016189525 +0.0243025744 +0.6666582987
+1.1000000000 +0.9984269531 +0.0000262568 +0.0110449219 +0.0070595615 +0.9968701691 +0.0000521770 +0.9938045828 +0.0001030325 -1.9938953125 +0.0000997955 +3.9758177002 +0.0003946340 +0.0032089230 +0.0421411937 +0.6666484029
+1.2000000000 +0.9970343750 +0.0000368227 +0.0054820312 +0.0070500873 +0.9941046631 +0.0000730399 +0.9883507776 +0.0001437164 -1.9886320313 +0.0001365119 +3.9550300659 +0.0005384785 +0.0057852062 +0.0662595919 +0.6666306781
+1.3000000000 +0.9948417969 +0.0000498967 +0.0005144531 +0.0070347698 +0.9897599945 +0.0000986996 +0.9798196791 +0.0001931591 -1.9805414062 +0.0001800083 +3.9231923218 +0.0007069437 +0.0098055281 +0.0981676545 +0.6666003718
+1.4000000000 +0.9913757813 +0.0000686613 -0.0062195313 +0.0070102837 +0.9829202271 +0.0001350452 +0.9664969171 +0.0002614193 -1.9681406250 +0.0002357403 +3.8746889893 +0.0009192170 +0.0172411249 +0.1451715242 +0.6665408232
+1.5000000000 +0.9862816406 +0.0000899844 -0.0063441406 +0.0069745006 +0.9729134186 +0.0001758019 +0.9471786460 +0.0003359873 -1.9503734375 +0.0002968069 +3.8057184326 +0.0011463247 +0.0276384333 +0.2004635775 +0.6664489923
+1.6000000000 +0.9796843750 +0.0001143407 -0.0095765625 +0.0069280273 +0.9600429504 +0.0002215157 +0.9226638507 +0.0004166107 -1.9284500000 +0.0003570856 +3.7214696045 +0.0013637415 +0.0418361312 +0.2550201992 +0.6663117418
+1.7000000000 +0.9702199219 +0.0001513020 -0.0097933594 +0.0068618096 +0.9417845428 +0.0002886943 +0.8886250129 +0.0005279920 -1.8985703125 +0.0004377654 +3.6084020020 +0.0016435555 +0.0689462277 +0.3395118458 +0.6660402230
+1.8000000000 +0.9569800781 +0.0001999012 -0.0039613281 +0.0067697651 +0.9166100800 +0.0003741042 +0.8429731174 +0.0006603331 -1.8593750000 +0.0005303876 +3.4629016113 +0.0019480669 +0.1136654262 +0.4445408951 +0.6655561512
+1.9000000000 +0.9386195312 +0.0002670079 -0.0077656250 +0.0066421841 +0.8824324890 +0.0004851296 +0.7833941116 +0.0008132772 -1.8098703125 +0.0006278818 +3.2835152588 +0.0022432949 +0.1921164894 +0.5591373807 +0.6646517307
+2.0000000000 +0.9119218750 +0.0003853358 -0.0187554688 +0.0064584031 +0.8345711792 +0.0006566299 +0.7051323109 +0.0010073349 -1.7467921875 +0.0007469580 +3.0624418701 +0.0025714523 +0.3801181563 +0.7141711236 +0.6625397724
+2.1000000000 +0.8699816406 +0.0005975506 -0.0179558594 +0.0061793486 +0.7640093903 +0.0009159768 +0.6004906175 +0.0012330141 -1.6635382812 +0.0009003700 +2.7835729370 +0.0029436253 +0.8705627714 +0.9411816099 +0.6570841348
+2.2000000000 +0.7994183594 +0.0009718768 -0.0024800781 +0.0057356536 +0.6579606049 +0.0012836869 +0.4658691984 +0.0014416418 -1.5556835937 +0.0010807375 +2.4435113159 +0.0032987163 +2.1982128352 +1.2355634806 +0.6412904325
+2.3000000000 +0.6779277344 +0.0014473913 +0.0044417969 +0.0050073202 +0.5014848419 +0.0016241748 +0.3042459236 +0.0014800339 -1.4125632812 +0.0012630316 +2.0272400024 +0.0035401116 +4.6635218236 +1.5439838563 +0.5967374495
+2.4000000000 +0.5269328125 +0.0016783463 +0.0090203125 +0.0040860357 +0.3339951172 +0.0016247869 +0.1643513866 +0.0012093354 -1.2640546875 +0.0012624633 +1.6297105225 +0.0032421249 +6.0092723518 +1.4167230876 +0.5088977969
+2.5000000000 +0.3952160156 +0.0016099355 +0.0112800781 +0.0032241767 +0.2080335480 +0.0013414361 +0.0792669737 +0.0008123383 -1.1357343750 +0.0011472567 +1.3162165283 +0.0026813073 +5.3081957342 +1.0782293100 +0.3894738488
+2.6000000000 +0.3070503906 +0.0014155713 +0.0039746094 +0.0025917271 +0.1343567841 +0.0010274924 +0.0391665582 +0.0005121432 -1.0408671875 +0.0010347529 +1.1048187744 +0.0022186902 +3.9460274880 +0.8109546944 +0.2767724626
+2.7000000000 +0.2524765625 +0.0012247996 +0.0034320313 +0.0021648939 +0.0937470947 +0.0007813176 +0.0209976605 +0.0003215050 -0.9682960938 +0.0009593019 +0.9560025269 +0.0019040197 +2.8446985590 +0.6463280701 +0.2035949238
+2.8000000000 +0.2170031250 +0.0010838566 +0.0015187500 +0.0018786026 +0.0705852600 +0.0006156067 +0.0125617100 +0.0002080288 -0.9102539063 +0.0009049984 +0.8449426147 +0.0016803756 +2.1481054857 +0.5348715397 +0.1595740142
+2.9000000000 +0.1913949219 +0.0009636058 +0.0005566406 +0.0016613613 +0.0552027374 +0.0004935553 +0.0079192796 +0.0001397071 -0.8598187500 +0.0008599323 +0.7540779541 +0.0014998962 +1.6393464326 +0.4501968894 +0.1337501069
+3.0000000000 +0.1734589844 +0.0008884230 +0.0019253906 +0.0015144342 +0.0458739288 +0.0004209967 +0.0056491814 +0.0001045295 -0.8181585937 +0.0008422513 +0.6835712280 +0.0014011789 +1.3470642835 +0.4035624818 +0.1051867729
+3.1000000000 +0.1586222656 +0.0008287128 +0.0030535156 +0.0013943995 +0.0388963226 +0.0003657585 +0.0041885090 +0.0000798796 -0.7801062500 +0.0008231390 +0.6221169189 +0.0013034238 +1.1342698925 +0.3609881748 +0.0771712613
+3.2000000000 +0.1469699219 +0.0007679645 +0.0027332031 +0.0012920541 +0.0333955475 +0.0003169016 +0.0031237951 +0.0000628410 -0.7464445312 +0.0008076544 +0.5702255493 +0.0012262507 +0.9436311640 +0.3261527771 +0.0663498848
+3.3000000000 +0.1386714844 +0.0007303896 +0.0027613281 +0.0012225289 +0.0298991608 +0.0002879483 +0.0025522442 +0.0000524142 -0.7150054688 +0.0007955705 +0.5238914673 +0.0011547894 +0.8276852509 +0.2975770080 +0.0483374718
+3.4000000000 +0.1308371094 +0.0006858023 +0.0011957031 +0.0011515949 +0.0265248444 +0.0002546161 +0.0020001544 +0.0000405424 -0.6868250000 +0.0007807360 +0.4839195557 +0.0010885448 +0.7082537540 +0.2699731497 +0.0523748449
+3.5000000000 +0.1237386719 +0.0006562079 +0.0000496094 +0.0010936963 +0.0239234344 +0.0002332072 +0.0016600431 +0.0000343987 -0.6603640625 +0.0007708525 +0.4479649658 +0.0010335810 +0.6299191245 +0.2483570057 +0.0331678950
+3.6000000000 +0.1182078125 +0.0006303975 -0.0002218750 +0.0010469254 +0.0219211060 +0.0002144993 +0.0014007338 +0.0000287069 -0.6360109375 +0.0007629337 +0.4161512695 +0.0009860773 +0.5651924637 +0.2299527291 +0.0283509352
+3.7000000000 +0.1138597656 +0.0006043011 -0.0008621094 +0.0010066504 +0.0202676422 +0.0001990894 +0.0012035093 +0.0000275025 -0.6143601562 +0.0007539873 +0.3888083374 +0.0009436698 +0.5053298843 +0.2126153082 +0.0233887334
+3.8000000000 +0.1103335938 +0.0005812278 -0.0006500000 +0.0009728719 +0.0189300171 +0.0001847823 +0.0010412357 +0.0000230569 -0.5938382813 +0.0007439372 +0.3637127563 +0.0008984598 +0.4551757595 +0.1962344965 +0.0314416577
+3.9000000000 +0.1072039062 +0.0005642255 +0.0000625000 +0.0009449784 +0.0178596863 +0.0001750863 +0.0009320725 +0.0000204141 -0.5741679687 +0.0007382859 +0.3405701782 +0.0008630239 +0.4179369855 +0.1834804998 +0.0259510538
+4.0000000000 +0.1040824219 +0.0005525625 +0.0008246094 +0.0009202983 +0.0169396576 +0.0001658754 +0.0008372452 +0.0000182548 -0.5577296875 +0.0007269555 +0.3216316895 +0.0008241815 +0.3908164512 +0.1691085621 +0.0274271459
+4.1000000000 +0.1006613281 +0.0005353890 +0.0003417969 +0.0008906574 +0.0158655304 +0.0001559571 +0.0007381673 +0.0000169595 -0.5404484375 +0.0007244596 +0.3025813477 +0.0007984560 +0.3579521508 +0.1598566044 +0.0224829260
+4.2000000000 +0.0993257812 +0.0005243795 -0.0000375000 +0.0008765012 +0.0153650879 +0.0001511215 +0.0006928401 +0.0000156994 -0.5256945312 +0.0007228909 +0.2868061646 +0.0007757641 +0.3352062214 +0.1516759998 +0.0217684182
+4.3000000000 +0.0958281250 +0.0005090644 +0.0005875000 +0.0008475145 +0.0143659607 +0.0001412472 +0.0006053965 +0.0000137017 -0.5109562500 +0.0007116970 +0.2712065430 +0.0007395229 +0.3085652035 +0.1402566203 +0.0222016847
+4.4000000000 +0.0936554687 +0.0004993390 -0.0000515625 +0.0008294014 +0.0137581360 +0.0001359779 +0.0005590859 +0.0000128015 -0.4976679688 +0.0007168178 +0.2579499634 +0.0007278400 +0.2901404602 +0.1358883472 +0.0154493484
+4.5000000000 +0.0916351563 +0.0004882904 -0.0005890625 +0.0008113324 +0.0131655518 +0.0001305110 +0.0005139939 +0.0000121392 -0.4852984375 +0.0007037394 +0.2454195557 +0.0006973203 +0.2712775052 +0.1252185407 +0.0115410942
+4.6000000000 +0.0896808594 +0.0004756881 -0.0007558594 +0.0007927064 +0.0125682404 +0.0001237491 +0.0004642373 +0.0000101841 -0.4715460938 +0.0007019515 +0.2322104370 +0.0006778171 +0.2518585777 +0.1192253276 +0.0203524978
+4.7000000000 +0.0884464844 +0.0004691600 -0.0000667969 +0.0007818247 +0.0122250031 +0.0001190017 +0.0004326790 +0.0000090696 -0.4591289063 +0.0006988027 +0.2205658569 +0.0006526748 +0.2397806273 +0.1131835727 +0.0349571899
+4.8000000000 +0.0868175781 +0.0004607788 +0.0000855469 +0.0007675815 +0.0117836334 +0.0001155461 +0.0004058720 +0.0000086202 -0.4478453125 +0.0006931869 +0.2101755859 +0.0006334184 +0.2264715494 +0.1067795779 +0.0256625270
+4.9000000000 +0.0858484375 +0.0004546042 +0.0003632812 +0.0007583904 +0.0115032532 +0.0001125917 +0.0003858628 +0.0000083633 -0.4382804687 +0.0006972704 +0.2018134888 +0.0006241270 +0.2159437820 +0.1036764759 +0.0279909626
+5.0000000000 +0.0839878906 +0.0004450715 -0.0000339844 +0.0007421501 +0.0110157379 +0.0001086507 +0.0003574460 +0.0000078174 -0.4280289063 +0.0006895436 +0.1927181519 +0.0006046820 +0.2028427337 +0.0973763304 +0.0181117956
