N=108, bonds=216, runtime=1006.675 sec
Metropolis acceptance = 0.0537
Replica-exchange acceptance = 0.9975

# T, E/N, C/N, nsamples, Eerr, Cerr
0.001 -0.99908993  0.92649255 500000 2.662e-06 2.190e-02
0.0012588148 -0.99885026  0.95666666 500000 3.008e-06 2.230e-02
0.0015846148 -0.99853965  0.93247480 500000 7.028e-06 1.976e-02
0.0019947366 -0.99816621  0.92478083 500000 3.947e-06 2.274e-02
0.002511004 -0.99769530  0.90007739 500000 3.445e-06 1.627e-02
0.0031608891 -0.99708951  0.91914317 500000 3.851e-06 1.299e-02
0.0039789741 -0.99632489  0.92822065 500000 5.688e-06 1.626e-02
0.0050087916 -0.99535877  0.92489901 500000 7.997e-06 1.397e-02
0.0063051412 -0.99409098  0.94928833 500000 1.299e-05 1.087e-02
0.0079370053 -0.99255715  0.95210934 500000 9.346e-06 1.007e-02
0.00999122 -0.99054414  0.96078043 500000 1.370e-05 1.057e-02
0.012577096 -0.98799841  0.98822051 500000 8.987e-06 1.298e-02
0.015832235 -0.98478792  0.98854219 500000 9.388e-06 6.816e-03
0.019929852 -0.98072567  0.99581130 500000 1.033e-05 5.193e-03
0.025087993 -0.97563904  0.99189932 500000 1.233e-05 6.248e-03
0.031581138 -0.96920051  0.99505097 500000 1.866e-05 5.397e-03
0.039754805 -0.96112717  0.99157655 500000 1.480e-05 3.410e-03
0.050043939 -0.95094603  0.98920980 500000 1.915e-05 2.320e-03
0.062996052 -0.93812776  0.99076171 500000 2.642e-05 3.352e-03
0.079300365 -0.92208509  0.97952056 500000 1.942e-05 3.248e-03
0.099824476 -0.90232174  0.95201042 500000 2.970e-05 2.412e-03
0.12566053 -0.87842219  0.90072609 500000 2.062e-05 2.432e-03
0.15818334 -0.85015218  0.83535393 500000 3.222e-05 1.599e-03
0.19912354 -0.81746177  0.76325083 500000 1.782e-05 1.580e-03
0.25065966 -0.78005461  0.69121587 500000 2.714e-05 1.693e-03
0.3155341 -0.73773787  0.62070782 500000 2.978e-05 1.205e-03
0.39719901 -0.69017685  0.54914062 500000 3.864e-05 9.339e-04
0.5 -0.63708255  0.48430006 500000 4.169e-05 1.062e-03

Estimate at T/J = 0.005
  T: 0.005
  n: 500000
  tau: 39.31694476637137
  suggested_meas_sweeps: 7864
  C_per_spin: 0.9281544110200933

Estimate at T/J = 0.001
  T: 0.001
  n: 500000
  tau: 178.65114497568703
  suggested_meas_sweeps: 35731
  C_per_spin: 0.9264925519347043
