# T, am1a, am1e, m1a, m1e, m2a, m2e, m4a, m4e, e1a, e1e, e2a, e2e, susc, spec, bind
+3.0000000000 +0.4567273438 +0.0023878564 +0.0166070313 +0.0033030229 +0.4366741943 +0.0023486686 +0.4113341276 +0.0022432899 -5.6611859375 +0.0016606784 +32.1593403320 +0.0181768751 +4.8655856599 +0.7844559153 +0.2809510878
+3.1000000000 +0.4533441406 +0.0023591503 +0.0159285156 +0.0032706681 +0.4281445129 +0.0023083179 +0.3964409923 +0.0021792395 -5.5741140625 +0.0019074662 +31.2162846680 +0.0204882123 +4.5961001930 +0.9692376189 +0.2790974948
+3.2000000000 +0.4517730469 +0.0023251371 +0.0168191406 +0.0032406269 +0.4203493958 +0.0022615840 +0.3812840934 +0.0021080050 -5.4679875000 +0.0021901658 +30.0907603516 +0.0229984964 +4.3250101974 +1.1992065713 +0.2807057677
+3.3000000000 +0.4467011719 +0.0022769432 +0.0163363281 +0.0031884709 +0.4069207458 +0.0021965179 +0.3585721317 +0.0020133836 -5.3276281250 +0.0025585795 +28.6454746094 +0.0259884527 +4.0218920513 +1.5388983425 +0.2781688585
+3.4000000000 +0.4398566406 +0.0022168297 +0.0179996094 +0.0031213909 +0.3900472229 +0.0021209857 +0.3320800453 +0.0019093229 -5.1537468750 +0.0030176701 +26.9253601563 +0.0293492838 +3.7002043971 +2.0166272923 +0.2724092911
+3.5000000000 +0.4280730469 +0.0021344038 +0.0174511719 +0.0030214615 +0.3654737244 +0.0020217409 +0.2970684876 +0.0017820398 -4.9255984375 +0.0035855132 +24.7757561523 +0.0330906355 +3.3321543480 +2.6866217004 +0.2586504768
+3.6000000000 +0.4056253906 +0.0020151782 +0.0119949219 +0.0028584340 +0.3269696838 +0.0018855251 +0.2491173746 +0.0016175223 -4.6081031250 +0.0042705187 +21.9641076172 +0.0369724288 +2.8877818012 +3.6024355879 +0.2232740966
+3.7000000000 +0.3758976562 +0.0018493266 +0.0089953125 +0.0026363729 +0.2780994019 +0.0017010954 +0.1930882954 +0.0014067050 -4.1933921875 +0.0048438900 +18.5230688477 +0.0391701459 +2.3662763915 +4.3875801173 +0.1677868299
+3.8000000000 +0.3375046875 +0.0016557379 +0.0042914063 +0.0023640523 +0.2235681396 +0.0014843589 +0.1381155717 +0.0011694486 -3.7388031250 +0.0050996381 +15.0189011719 +0.0384188544 +1.8468837990 +4.6105367950 +0.0789110660
+3.9000000000 +0.2978859375 +0.0014441235 +0.0017976562 +0.0020745632 +0.1721557373 +0.0012413291 +0.0912735136 +0.0009179344 -3.3052250000 +0.0049049421 +11.8868505859 +0.0344795516 +1.3689387577 +4.0492866706 -0.0265509590
+4.0000000000 +0.2645042969 +0.0012547005 +0.0014316406 +0.0018229880 +0.1329334534 +0.0010231576 +0.0595453640 +0.0007033291 -2.9451562500 +0.0044773834 +9.4758238281 +0.0292649098 +1.0075348849 +3.2075139648 -0.1232026664
+4.1000000000 +0.2358527344 +0.0010878860 +0.0005472656 +0.0016044162 +0.1029663513 +0.0008263149 +0.0379139213 +0.0005150851 -2.6575484375 +0.0039658758 +7.6916905273 +0.0239232325 +0.7389633406 +2.3952478941 -0.1920289500
+4.2000000000 +0.2145449219 +0.0009602449 -0.0002308594 +0.0014397246 +0.0829123352 +0.0006750161 +0.0251003243 +0.0003779512 -2.4481171875 +0.0035482798 +6.4968893555 +0.0198027912 +0.5620237974 +1.8271622376 -0.2170818419
+4.3000000000 +0.1984472656 +0.0008619840 +0.0008761719 +0.0013143554 +0.0691019714 +0.0005659842 +0.0175886063 +0.0002929476 -2.2816937500 +0.0032256865 +5.6223285156 +0.0166633647 +0.4423539230 +1.4406131637 -0.2278047207
+4.4000000000 +0.1859351563 +0.0007917148 +0.0007757812 +0.0012211037 +0.0596443726 +0.0004860611 +0.0130076665 +0.0002270252 -2.1595453125 +0.0029811414 +5.0191241211 +0.0144865024 +0.3646907670 +1.1751674855 -0.2188189260
+4.5000000000 +0.1760742188 +0.0007287118 +0.0010414063 +0.0011428242 +0.0522429688 +0.0004144669 +0.0096006409 +0.0001670583 -2.0515406250 +0.0027928856 +4.5208273437 +0.0126532911 +0.3020919217 +0.9861006466 -0.1725281455
+4.6000000000 +0.1675179687 +0.0006822726 +0.0016687500 +0.0010802699 +0.0466821045 +0.0003658775 +0.0075338727 +0.0001338980 -1.9562531250 +0.0026641577 +4.1108357422 +0.0113942146 +0.2590585689 +0.8587053402 -0.1523812193
+4.7000000000 +0.1597515625 +0.0006467633 +0.0021648438 +0.0010277158 +0.0422526733 +0.0003301310 +0.0061447484 +0.0001101020 -1.8744859375 +0.0025585919 +3.7755532227 +0.0104535643 +0.2278415199 +0.7586584127 -0.1472933187
+4.8000000000 +0.1545511719 +0.0006203524 +0.0003972656 +0.0009909514 +0.0392795471 +0.0003033072 +0.0052226939 +0.0000921711 -1.8068890625 +0.0024973632 +3.5143209961 +0.0097769898 +0.2052464319 +0.6929803109 -0.1283410154
+4.9000000000 +0.1489839844 +0.0005945609 +0.0009144531 +0.0009530936 +0.0363363342 +0.0002787414 +0.0044282004 +0.0000804161 -1.7377687500 +0.0024147051 +3.2530722656 +0.0091073956 +0.1846871070 +0.6216930603 -0.1179536338
+5.0000000000 +0.1439937500 +0.0005665173 +0.0002789063 +0.0009161304 +0.0335718750 +0.0002543528 +0.0037148850 +0.0000664023 -1.6775375000 +0.0023393373 +3.0330320312 +0.0083918987 +0.1643222395 +0.5603839164 -0.0986843263
