# T, am1a, am1e, m1a, m1e, m2a, m2e, m4a, m4e, e1a, e1e, e2a, e2e, susc, spec, bind
+3.0000000000 +0.4967496094 +0.0023926327 +0.0163722656 +0.0034477521 +0.4757478333 +0.0023538801 +0.4479660662 +0.0022495607 -5.6575531250 +0.0016545352 +32.1174068359 +0.0181236995 +4.8850700552 +0.7786629244 +0.3402639371
+3.1000000000 +0.4913757812 +0.0023658662 +0.0148617188 +0.0034099934 +0.4653430664 +0.0023168876 +0.4312628894 +0.0021909418 -5.5744171875 +0.0018968484 +31.2180483398 +0.0203893000 +4.6223051976 +0.9584773165 +0.3361433059
+3.2000000000 +0.4844562500 +0.0023306448 +0.0122734375 +0.0033608906 +0.4519740723 +0.0022683462 +0.4100963500 +0.0021168542 -5.4673046875 +0.0021909708 +30.0834346680 +0.0229533531 +4.3455242820 +1.2000882626 +0.3308282393
+3.3000000000 +0.4780535156 +0.0022850767 +0.0117589844 +0.0033062816 +0.4373981873 +0.0022076705 +0.3862695360 +0.0020293574 -5.3332156250 +0.0025432776 +28.7019193359 +0.0258032602 +4.0506768185 +1.5205461639 +0.3269997190
+3.4000000000 +0.4680730469 +0.0022227561 +0.0093089844 +0.0032273499 +0.4167181580 +0.0021300783 +0.3551433650 +0.0019236240 -5.1530687500 +0.0030350710 +26.9225837891 +0.0294304945 +3.7200146964 +2.0399515396 +0.3182932389
+3.5000000000 +0.4524738281 +0.0021401621 +0.0081746094 +0.0031139906 +0.3879443176 +0.0020313251 +0.3155520600 +0.0017946309 -4.9237671875 +0.0035893498 +24.7588206055 +0.0331084195 +3.3501577598 +2.6923744066 +0.3011065424
+3.6000000000 +0.4324441406 +0.0020255484 +0.0118144531 +0.0029621876 +0.3511217957 +0.0019040018 +0.2682954277 +0.0016433213 -4.6068984375 +0.0042995065 +21.9629434570 +0.0371490898 +2.9175797492 +3.6515073758 +0.2746018578
+3.7000000000 +0.3983375000 +0.0018710620 +0.0086632812 +0.0027323645 +0.2987076904 +0.0017333287 +0.2094034206 +0.0014460008 -4.1979843750 +0.0048917167 +18.5802285156 +0.0395374983 +2.4222257561 +4.4746504737 +0.2177065232
+3.8000000000 +0.3559835937 +0.0016778334 +0.0044125000 +0.0024459653 +0.2393293213 +0.0015177418 +0.1494201287 +0.0012071691 -3.7411000000 +0.0051142186 +15.0420384766 +0.0385971340 +1.8965053014 +4.6369385776 +0.1304470493
+3.9000000000 +0.3115792969 +0.0014721721 +0.0017886719 +0.0021434207 +0.1837732849 +0.0012833459 +0.0996516887 +0.0009636343 -3.3121968750 +0.0049467282 +11.9494529297 +0.0348872420 +1.4226318223 +4.1185737422 +0.0164449984
+4.0000000000 +0.2732445312 +0.0012751666 -0.0001257812 +0.0018688536 +0.1397045654 +0.0010503834 +0.0636495783 +0.0007279243 -2.9413671875 +0.0045048660 +9.4633936523 +0.0294468888 +1.0406718651 +3.2470108826 -0.0870589068
+4.1000000000 +0.2419535156 +0.0011030004 -0.0002746094 +0.0016371150 +0.1072059021 +0.0008453362 +0.0400768402 +0.0005315617 -2.6558984375 +0.0039972912 +7.6929299805 +0.0241205658 +0.7596393893 +2.4333457519 -0.1623443994
+4.2000000000 +0.2188167969 +0.0009723558 +0.0012847656 +0.0014637125 +0.0856998230 +0.0006907456 +0.0264296413 +0.0003907112 -2.4465843750 +0.0035579861 +6.4921457031 +0.0198350197 +0.5762900176 +1.8371722417 -0.1995273783
+4.3000000000 +0.2007027344 +0.0008691161 +0.0015027344 +0.0013275338 +0.0704960999 +0.0005689149 +0.0179162646 +0.0002845532 -2.2830015625 +0.0032171418 +5.6260961914 +0.0166194647 +0.4497043686 +1.4329910032 -0.2016999161
+4.4000000000 +0.1872957031 +0.0007963787 +0.0004738281 +0.0012293110 +0.0604484436 +0.0004884349 +0.0131967591 +0.0002227428 -2.1563765625 +0.0029864333 +5.0067112305 +0.0144464977 +0.3690001919 +1.1793433097 -0.2038594570
+4.5000000000 +0.1763964844 +0.0007349224 -0.0006316406 +0.0011480392 +0.0527201599 +0.0004216385 +0.0098905767 +0.0001720119 -2.0442468750 +0.0028175113 +4.4964800781 +0.0127716898 +0.3072631497 +1.0035667506 -0.1861699619
+4.6000000000 +0.1678757812 +0.0006841765 -0.0004304688 +0.0010828896 +0.0469061768 +0.0003690351 +0.0076476647 +0.0001380206 -1.9535781250 +0.0026695343 +4.1015240234 +0.0115284256 +0.2605064185 +0.8621747689 -0.1586373130
+4.7000000000 +0.1606835937 +0.0006445333 -0.0007609375 +0.0010299947 +0.0424361450 +0.0003265107 +0.0060651949 +0.0001074119 -1.8725828125 +0.0025544047 +3.7675657227 +0.0104323938 +0.2262730583 +0.7561773341 -0.1226688011
+4.8000000000 +0.1549285156 +0.0006208105 -0.0006808594 +0.0009927060 +0.0394190735 +0.0003032502 +0.0052322899 +0.0000946633 -1.8041656250 +0.0024754442 +3.5001265625 +0.0097088766 +0.2055497138 +0.6808693335 -0.1224259998
+4.9000000000 +0.1498609375 +0.0005958216 -0.0014390625 +0.0009572926 +0.0366584351 +0.0002798293 +0.0044760176 +0.0000792436 -1.7393453125 +0.0024044598 +3.2565791992 +0.0090322703 +0.1854711441 +0.6164287096 -0.1102548651
+5.0000000000 +0.1453101562 +0.0005709743 -0.0004500000 +0.0009240577 +0.0341555054 +0.0002577536 +0.0038240743 +0.0000689236 -1.6809296875 +0.0023281213 +3.0423305664 +0.0084077033 +0.1669179374 +0.5550232373 -0.0926564420
