# T, am1a, am1e, m1a, m1e, m2a, m2e, m4a, m4e, e1a, e1e, e2a, e2e, susc, spec, bind
+3.0000000000 +0.4900125000 +0.0024000806 +0.0052937500 +0.0034296491 +0.4705277344 +0.0023903007 +0.4499378540 +0.0023561387 -5.6572687500 +0.0033341368 +32.4493484375 +0.0329746816 +1.2288825825 +0.7905044049 +0.3225756185
+3.1000000000 +0.4878531250 +0.0023758742 +0.0053500000 +0.0034050080 +0.4637917969 +0.0023647649 +0.4387873581 +0.0023248792 -5.5734687500 +0.0037678767 +31.6314296875 +0.0365717658 +1.1653735499 +0.9454747642 +0.3200347382
+3.2000000000 +0.4847265625 +0.0023440730 +0.0053546875 +0.0033716402 +0.4547469727 +0.0023325575 +0.4244277912 +0.0022861899 -5.4638750000 +0.0042872303 +30.5891437500 +0.0406010160 +1.0989356613 +1.1487714600 +0.3158632415
+3.3000000000 +0.4783671875 +0.0023067882 +0.0047109375 +0.0033228897 +0.4416860352 +0.0022942584 +0.4056314137 +0.0022412346 -5.3315562500 +0.0048466326 +29.3650859375 +0.0447021666 +1.0320042137 +1.3804868916 +0.3069206017
+3.4000000000 +0.4717796875 +0.0022663135 +0.0051078125 +0.0032710742 +0.4280231445 +0.0022534842 +0.3863314610 +0.0021939521 -5.1838562500 +0.0054023252 +28.0397703125 +0.0484477740 +0.9668097459 +1.6157850406 +0.2970825658
+3.5000000000 +0.4631843750 +0.0022208006 +0.0036812500 +0.0032085994 +0.4118179687 +0.0022085957 +0.3647098297 +0.0021428760 -5.0184687500 +0.0059776625 +26.6143265625 +0.0520441298 +0.9018432160 +1.8668381620 +0.2831708963
+3.6000000000 +0.4525812500 +0.0021632455 +0.0017000000 +0.0031305437 +0.3920150391 +0.0021478350 +0.3382035942 +0.0020700837 -4.8182875000 +0.0064968369 +24.9042500000 +0.0550621704 +0.8319344498 +2.0843895893 +0.2664132016
+3.7000000000 +0.4419000000 +0.0021020973 +0.0010906250 +0.0030497005 +0.3720281250 +0.0020859822 +0.3124578003 +0.0019998355 -4.6064812500 +0.0069700097 +23.1629109375 +0.0573947311 +0.7643352000 +2.2711368075 +0.2474790944
+3.8000000000 +0.4307656250 +0.0020331767 -0.0005562500 +0.0029618871 +0.3509113281 +0.0020136724 +0.2853338257 +0.0019152673 -4.3615500000 +0.0074133332 +21.2214187500 +0.0590716196 +0.6962202292 +2.4357898587 +0.2276089586
+3.9000000000 +0.4168484375 +0.0019579925 -0.0012046875 +0.0028596790 +0.3271120117 +0.0019333623 +0.2565178600 +0.0018216816 -4.1188187500 +0.0077074628 +19.3408671875 +0.0597460291 +0.6291257102 +2.4996179273 +0.2008958803
+4.0000000000 +0.4032953125 +0.0018842393 -0.0020796875 +0.0027597876 +0.3046614258 +0.0018503223 +0.2297662937 +0.0017241301 -3.8692750000 +0.0079217043 +17.4814250000 +0.0595360373 +0.5680572668 +2.5101359744 +0.1748552825
+4.1000000000 +0.3876093750 +0.0018022067 -0.0044250000 +0.0026464098 +0.2801589844 +0.0017575398 +0.2020469055 +0.0016149905 -3.6206812500 +0.0080200044 +15.6821515625 +0.0585044437 +0.5069969045 +2.4488460187 +0.1419317356
+4.2000000000 +0.3714281250 +0.0017212265 -0.0018812500 +0.0025320947 +0.2564636719 +0.0016574257 +0.1756560150 +0.0014938130 -3.3761062500 +0.0079951626 +13.9549984375 +0.0565387758 +0.4514469327 +2.3191882324 +0.1097949381
+4.3000000000 +0.3578046875 +0.0016466862 -0.0026671875 +0.0024314609 +0.2364872070 +0.0015683803 +0.1543188694 +0.0013893572 -3.1504625000 +0.0078984795 +12.4208531250 +0.0542201454 +0.4035833028 +2.1593848879 +0.0802231517
+4.4000000000 +0.3459968750 +0.0015775094 -0.0017937500 +0.0023412179 +0.2192552734 +0.0014869283 +0.1365111000 +0.0012981800 -2.9486937500 +0.0077508626 +11.0978296875 +0.0516685530 +0.3619688579 +1.9859792200 +0.0534433385
+4.5000000000 +0.3336265625 +0.0015092736 -0.0008984375 +0.0022495674 +0.2024229492 +0.0014019674 +0.1195955578 +0.0011983022 -2.7631437500 +0.0075489663 +9.9144390625 +0.0488570246 +0.3239689458 +1.8010672034 +0.0270863472
+4.6000000000 +0.3223437500 +0.0014436534 -0.0019093750 +0.0021637193 +0.1872708984 +0.0013193007 +0.1046925591 +0.0011012832 -2.5812687500 +0.0072996844 +8.7943640625 +0.0456491998 +0.2899666270 +1.6116564860 +0.0049292215
+4.7000000000 +0.3112718750 +0.0013828986 -0.0028875000 +0.0020819353 +0.1733865234 +0.0012405823 +0.0916246605 +0.0010107281 -2.4280000000 +0.0070660285 +7.8923343750 +0.0427299405 +0.2604130835 +1.4465552739 -0.0159221899
+4.8000000000 +0.3009265625 +0.0013231704 -0.0021859375 +0.0020036417 +0.1605879883 +0.0011593340 +0.0795507114 +0.0009127814 -2.2908500000 +0.0068112041 +7.1036937500 +0.0397320033 +0.2334373075 +1.2886805747 -0.0282452170
+4.9000000000 +0.2931281250 +0.0012764786 -0.0037031250 +0.0019434910 +0.1511000000 +0.0011052290 +0.0716924591 +0.0008598549 -2.1687312500 +0.0065901562 +6.4406015625 +0.0375241611 +0.2128192729 +1.1576551955 -0.0467025781
+5.0000000000 +0.2848875000 +0.0012318373 -0.0050093750 +0.0018830342 +0.1418578125 +0.0010485173 +0.0640991776 +0.0007952497 -2.0641562500 +0.0063753454 +5.8865421875 +0.0350886017 +0.1942301595 +1.0405127444 -0.0617559057
