# T, am1a, am1e, m1a, m1e, m2a, m2e, m4a, m4e, e1a, e1e, e2a, e2e, susc, susce, spec, spece, bind, binde
+3.0000000000 +0.4911413194 +0.0033627812 +0.0159961806 +0.0066991778 +0.4705251910 +0.0032822803 +0.4453565320 +0.0030900354 -5.6609716667 +0.0008781123 +32.2411003086 +0.0094026776 +2.7503077480 +0.0006730453 +0.7779695480 +0.0031492097 +0.3291372175 +0.0046892483
+3.1000000000 +0.4880552778 +0.0032875153 +0.0151801389 +0.0062396621 +0.4622411265 +0.0031915963 +0.4311886714 +0.0029802734 -5.5735558333 +0.0005068012 +31.3214805864 +0.0052954068 +2.6005365848 +0.0005536310 +0.9625725352 +0.0033530271 +0.3270003853 +0.0046257042
+3.2000000000 +0.4838978472 +0.0033617118 +0.0142377083 +0.0060741441 +0.4517146007 +0.0032823573 +0.4138425356 +0.0030643003 -5.4662947222 +0.0008172672 +30.2214926235 +0.0082229799 +2.4462502097 +0.0005848630 +1.1992076507 +0.0028360575 +0.3235986541 +0.0047830260
+3.3000000000 +0.4781309028 +0.0030878109 +0.0136488194 +0.0061934742 +0.4382357504 +0.0029936617 +0.3926361252 +0.0027381121 -5.3322850000 +0.0008811272 +28.8904130864 +0.0088129575 +2.2857953938 +0.0008813918 +1.5112132275 +0.0040291578 +0.3182162340 +0.0045377786
+3.4000000000 +0.4692479167 +0.0029239430 +0.0131770833 +0.0060008156 +0.4198419599 +0.0028022366 +0.3657228891 +0.0024905887 -5.1610905556 +0.0011897791 +27.2525682716 +0.0114800647 +2.1130184981 +0.0009364700 +1.9173998404 +0.0059741648 +0.3080989074 +0.0045045969
+3.5000000000 +0.4571686806 +0.0027396141 +0.0115277083 +0.0052328850 +0.3962926871 +0.0025989214 +0.3331215537 +0.0022756183 -4.9447219444 +0.0015556380 +25.2711450926 +0.0150978455 +1.9256341349 +0.0015558825 +2.4122814895 +0.0054755313 +0.2926726628 +0.0044409676
+3.6000000000 +0.4393821528 +0.0026116838 +0.0095432639 +0.0045309773 +0.3653263792 +0.0024678295 +0.2937834610 +0.0021341867 -4.6757250000 +0.0018172869 +22.9252694444 +0.0158434921 +1.7220149414 +0.0022762780 +2.9523115097 +0.0086693050 +0.2659718288 +0.0045938633
+3.7000000000 +0.4177122917 +0.0021699435 +0.0082631250 +0.0038828997 +0.3293219271 +0.0019968230 +0.2504289304 +0.0016537318 -4.3568150000 +0.0018384170 +20.2748509877 +0.0146265745 +1.5060773377 +0.0023349173 +3.4000941449 +0.0068584401 +0.2300641653 +0.0042960112
+3.8000000000 +0.3919832639 +0.0019531463 +0.0074447917 +0.0033397477 +0.2894325444 +0.0017883787 +0.2054590159 +0.0014340517 -4.0038311111 +0.0020997488 +17.4896077778 +0.0163880640 +1.2859912174 +0.0027566560 +3.6371471186 +0.0053757726 +0.1822235781 +0.0044826108
+3.9000000000 +0.3639867361 +0.0017306087 +0.0059959028 +0.0028588013 +0.2489141184 +0.0015087416 +0.1628875078 +0.0011293904 -3.6434902778 +0.0030271614 +14.7901965123 +0.0211707827 +1.0744414552 +0.0025112187 +3.5859963811 +0.0050529003 +0.1234358422 +0.0046474258
+4.0000000000 +0.3360070139 +0.0012140273 +0.0046986806 +0.0022482465 +0.2111061478 +0.0010401939 +0.1258704966 +0.0007303066 -3.2986808333 +0.0024911593 +12.3430913889 +0.0172896997 +0.8837162618 +0.0021948863 +3.2889017024 +0.0087555185 +0.0583907123 +0.0039102272
+4.1000000000 +0.3096288194 +0.0010299516 +0.0031715972 +0.0016871824 +0.1779947357 +0.0008480925 +0.0956490463 +0.0005998006 -2.9933936111 +0.0018046432 +10.2890137346 +0.0107345221 +0.7210020459 +0.0019467516 +2.8452546592 +0.0059222136 -0.0064326279 +0.0035039833
+4.2000000000 +0.2859502083 +0.0007484882 +0.0020614583 +0.0012445368 +0.1499492959 +0.0006282622 +0.0717482169 +0.0004290167 -2.7285197222 +0.0020299547 +8.6077219444 +0.0107029566 +0.5843671879 +0.0017874040 +2.3731854341 +0.0055725113 -0.0636888352 +0.0027827120
+4.3000000000 +0.2665193750 +0.0005250338 +0.0013256250 +0.0009299902 +0.1283000367 +0.0004474605 +0.0545632113 +0.0003196982 -2.5126036111 +0.0018557665 +7.3164858951 +0.0103052203 +0.4794254188 +0.0015574092 +1.9533739207 +0.0039024441 -0.1048731145 +0.0022568437
+4.4000000000 +0.2500008333 +0.0003856424 +0.0013198611 +0.0006666505 +0.1111609761 +0.0003185632 +0.0419641242 +0.0002410553 -2.3358008333 +0.0013366287 +6.3209091667 +0.0073546378 +0.3981196817 +0.0012900308 +1.6083330395 +0.0038916059 -0.1319349378 +0.0018318862
+4.5000000000 +0.2359648611 +0.0003486002 +0.0012215278 +0.0007613229 +0.0977029282 +0.0002419942 +0.0328786437 +0.0001258535 -2.1884000000 +0.0015631045 +5.5388549383 +0.0074833724 +0.3361783787 +0.0006965989 +1.3328639028 +0.0031808173 -0.1481007754 +0.0021627971
+4.6000000000 +0.2244231250 +0.0003585737 +0.0006781250 +0.0006050761 +0.0872280536 +0.0002460851 +0.0262591610 +0.0001152579 -2.0655491667 +0.0012655537 +4.9251752161 +0.0054788793 +0.2884776170 +0.0007544891 +1.1206035083 +0.0024688901 -0.1504238676 +0.0033072449
+4.7000000000 +0.2150046528 +0.0003527376 +0.0003870139 +0.0007672805 +0.0790191069 +0.0002234902 +0.0215278766 +0.0001150743 -1.9633263889 +0.0007754420 +4.4425895370 +0.0044790537 +0.2511640487 +0.0007130752 +0.9581524910 +0.0027241577 -0.1492112365 +0.0026605796
+4.8000000000 +0.2066561111 +0.0003279542 -0.0000041667 +0.0005611465 +0.0722362693 +0.0001968136 +0.0178984911 +0.0001037432 -1.8726408333 +0.0015458109 +4.0412121296 +0.0071343697 +0.2214633412 +0.0006568166 +0.8350070995 +0.0027707092 -0.1432808022 +0.0023516820
+4.9000000000 +0.1998233333 +0.0003513407 -0.0001344444 +0.0004022452 +0.0669630015 +0.0002281966 +0.0152658958 +0.0001001651 -1.7951955556 +0.0012061742 +3.7133448765 +0.0047761055 +0.1986054068 +0.0006769267 +0.7355983686 +0.0017285928 -0.1347446837 +0.0024686051
+5.0000000000 +0.1936770139 +0.0002161736 -0.0002715972 +0.0004659051 +0.0625576370 +0.0001350970 +0.0132457392 +0.0000659122 -1.7267172222 +0.0014181536 +3.4392571605 +0.0049615756 +0.1803339644 +0.0004878840 +0.6590659441 +0.0014627695 -0.1281657257 +0.0026492200
