# T, am1a, am1e, m1a, m1e, m2a, m2e, m4a, m4e, e1a, e1e, e2a, e2e, susc, spec, bind
+3.0000000000 +0.4858250000 +0.0023983059 -0.0073625000 +0.0034133802 +0.4661007812 +0.0023885555 +0.4454578369 +0.0023533491 -5.6529687500 +0.0033635649 +32.4085984375 +0.0332176736 +1.2270658700 +0.8045204427 +0.3165201941
+3.1000000000 +0.4827921875 +0.0023737974 -0.0097859375 +0.0033852219 +0.4584848633 +0.0023623427 +0.4334348850 +0.0023214906 -5.5700062500 +0.0037874507 +31.5987609375 +0.0367388647 +1.1633371198 +0.9553237252 +0.3126900936
+3.2000000000 +0.4795500000 +0.0023427892 -0.0093281250 +0.0033519682 +0.4495146484 +0.0023292128 +0.4190727165 +0.0022807114 -5.4643625000 +0.0042581043 +30.5845156250 +0.0404094030 +1.0977322297 +1.1332157712 +0.3086779087
+3.3000000000 +0.4744656250 +0.0023044589 -0.0089156250 +0.0033070356 +0.4375388672 +0.0022899035 +0.4011865837 +0.0022337544 -5.3330062500 +0.0047923905 +29.3596359375 +0.0443017584 +1.0299211534 +1.3497598163 +0.3014590503
+3.4000000000 +0.4683515625 +0.0022616897 -0.0101546875 +0.0032552253 +0.4239627930 +0.0022464090 +0.3815985836 +0.0021853948 -5.1812125000 +0.0054120009 +28.0165531250 +0.0485119945 +0.9628687382 +1.6215780690 +0.2923312626
+3.5000000000 +0.4620781250 +0.0022167366 -0.0114250000 +0.0032013377 +0.4100730469 +0.0022014025 +0.3620068268 +0.0021338330 -5.0188687500 +0.0059462276 +26.6033484375 +0.0519305510 +0.8985456150 +1.8472553897 +0.2824154893
+3.6000000000 +0.4528359375 +0.0021596218 -0.0109046875 +0.0031284986 +0.3916190430 +0.0021420205 +0.3368955486 +0.0020638735 -4.8203750000 +0.0064687660 +24.9098125000 +0.0549028333 +0.8291495852 +2.0664164931 +0.2677718610
+3.7000000000 +0.4416390625 +0.0020982226 -0.0075390625 +0.0030458568 +0.3711465820 +0.0020787269 +0.3105940052 +0.0019906259 -4.6037000000 +0.0069822365 +23.1441187500 +0.0574550589 +0.7615200887 +2.2791118305 +0.2484101895
+3.8000000000 +0.4294234375 +0.0020264866 -0.0052453125 +0.0029522995 +0.3486704102 +0.0020012631 +0.2817732197 +0.0018979401 -4.3612375000 +0.0073587129 +21.1864187500 +0.0588454390 +0.6916459852 +2.4000290511 +0.2274114375
+3.9000000000 +0.4173375000 +0.0019545440 -0.0065937500 +0.0028589194 +0.3269802734 +0.0019253647 +0.2551972740 +0.0018097515 -4.1146875000 +0.0076822236 +19.2913156250 +0.0596597978 +0.6269115263 +2.4832740590 +0.2043690461
+4.0000000000 +0.4019796875 +0.0018752508 -0.0071921875 +0.0027486295 +0.3022502930 +0.0018358355 +0.2261669140 +0.0017025811 -3.8512937500 +0.0079083479 +17.3341421875 +0.0593912673 +0.5626504952 +2.5016786387 +0.1747712374
+4.1000000000 +0.3886093750 +0.0017964357 -0.0058531250 +0.0026460831 +0.2801044922 +0.0017475561 +0.2006166161 +0.0016007143 -3.6082250000 +0.0079859689 +15.5703156250 +0.0582241110 +0.5037551058 +2.4281051511 +0.1476744683
+4.2000000000 +0.3739828125 +0.0017251857 -0.0066453125 +0.0025439615 +0.2589137695 +0.0016645088 +0.1778599262 +0.0015034833 -3.3749562500 +0.0079882091 +13.9427890625 +0.0565881257 +0.4535261923 +2.3151558940 +0.1156044314
+4.3000000000 +0.3590609375 +0.0016437764 -0.0064734375 +0.0024339417 +0.2370047852 +0.0015672512 +0.1544223270 +0.0013861292 -3.1401000000 +0.0078714180 +12.3385968750 +0.0539780184 +0.4021582449 +2.1446134040 +0.0836220959
+4.4000000000 +0.3445984375 +0.0015704444 -0.0058328125 +0.0023311257 +0.2173999023 +0.0014751784 +0.1343087658 +0.0012803570 -2.9384812500 +0.0077590242 +11.0427703125 +0.0514780738 +0.3587338881 +1.9901638478 +0.0527504357
+4.5000000000 +0.3327265625 +0.0015033456 -0.0043078125 +0.0022421548 +0.2011088867 +0.0013931917 +0.1180841122 +0.0011867591 -2.7571625000 +0.0075171345 +9.8622375000 +0.0484887614 +0.3214290536 +1.7859100828 +0.0267874737
+4.6000000000 +0.3226453125 +0.0014373072 -0.0030609375 +0.0021605827 +0.1867340820 +0.0013116361 +0.1036851856 +0.0010909642 -2.5790500000 +0.0072805088 +8.7717312500 +0.0453768405 +0.2874229021 +1.6032002628 +0.0088297169
+4.7000000000 +0.3111109375 +0.0013738429 -0.0028078125 +0.0020753308 +0.1722877930 +0.0012288735 +0.0900882885 +0.0009946413 -2.4207312500 +0.0070088603 +7.8249046875 +0.0422575553 +0.2570137108 +1.4232430260 -0.0116681238
+4.8000000000 +0.3006640625 +0.0013243886 -0.0011359375 +0.0020034832 +0.1605590820 +0.0011638081 +0.0799571888 +0.0009218477 -2.2929187500 +0.0067937647 +7.1036859375 +0.0397666064 +0.2338673452 +1.2820899607 -0.0338713694
+4.9000000000 +0.2922437500 +0.0012760359 -0.0002718750 +0.0019399551 +0.1505371094 +0.0011021921 +0.0712545151 +0.0008536832 -2.1694625000 +0.0065746993 +6.4356343750 +0.0371207769 +0.2126716733 +1.1522311278 -0.0481030608
+5.0000000000 +0.2836515625 +0.0012320914 -0.0017484375 +0.0018786772 +0.1411801758 +0.0010447115 +0.0635887241 +0.0007870079 -2.0604062500 +0.0063835289 +5.8752515625 +0.0349707678 +0.1943102940 +1.0431856944 -0.0634361512
