# T, am1a, am1e, m1a, m1e, m2a, m2e, m4a, m4e, e1a, e1e, e2a, e2e, susc, spec, bind
+3.0000000000 +0.4800531250 +0.0023967384 +0.0137718750 +0.0033912960 +0.4602251953 +0.0023854064 +0.4394137688 +0.0023489076 -5.6516375000 +0.0033748373 +32.3965875000 +0.0332794725 +1.2254623599 +0.8099218997 +0.3084690453
+3.1000000000 +0.4776296875 +0.0023725700 +0.0129640625 +0.0033657302 +0.4532936523 +0.0023594973 +0.4281642269 +0.0023168997 -5.5653875000 +0.0038230268 +31.5581593750 +0.0369196663 +1.1621343688 +0.9733550049 +0.3054078841
+3.2000000000 +0.4743140625 +0.0023435870 +0.0132171875 +0.0033335234 +0.4446698242 +0.0023300309 +0.4148930126 +0.0022811829 -5.4633812500 +0.0042900448 +30.5847140625 +0.0405833316 +1.0984799717 +1.1502802807 +0.3005775816
+3.3000000000 +0.4694390625 +0.0023073312 +0.0126296875 +0.0032907621 +0.4333241211 +0.0022923539 +0.3979652523 +0.0022374420 -5.3404000000 +0.0048131810 +29.4465406250 +0.0444922291 +1.0324901221 +1.3614963673 +0.2935227689
+3.4000000000 +0.4636609375 +0.0022622609 +0.0107640625 +0.0032387442 +0.4196944336 +0.0022453285 +0.3778034145 +0.0021812922 -5.1862312500 +0.0053611248 +28.0466609375 +0.0482747493 +0.9633551465 +1.5912337149 +0.2850458267
+3.5000000000 +0.4568625000 +0.0022110159 +0.0100093750 +0.0031787057 +0.4042669922 +0.0021938102 +0.3559439278 +0.0021217950 -5.0011312500 +0.0059649307 +26.4345296875 +0.0520289734 +0.8939138207 +1.8588942469 +0.2740214865
+3.6000000000 +0.4487796875 +0.0021547471 +0.0103578125 +0.0031105197 +0.3871206055 +0.0021360219 +0.3323659374 +0.0020555047 -4.8051125000 +0.0064971811 +24.7776406250 +0.0550318295 +0.8254106558 +2.0846104782 +0.2607306901
+3.7000000000 +0.4396765625 +0.0020947272 +0.0094671875 +0.0030362029 +0.3688307617 +0.0020739671 +0.3080897121 +0.0019837322 -4.6008687500 +0.0069638388 +23.1077953125 +0.0573414170 +0.7589850037 +2.2671170872 +0.2450787146
+3.8000000000 +0.4270656250 +0.0020253406 +0.0088593750 +0.0029427315 +0.3464652344 +0.0019991934 +0.2799091339 +0.0018940124 -4.3529875000 +0.0074050392 +21.1418843750 +0.0590795468 +0.6908639424 +2.4303426037 +0.2227217936
+3.9000000000 +0.4130062500 +0.0019535941 +0.0069906250 +0.0028424746 +0.3232353516 +0.0019213324 +0.2521418266 +0.0018020879 -4.1144312500 +0.0076802163 +19.2879734375 +0.0595495755 +0.6263023139 +2.4819765171 +0.1955743041
+4.0000000000 +0.4007921875 +0.0018786013 +0.0050203125 +0.0027467021 +0.3018000977 +0.0018390442 +0.2263666355 +0.0017057225 -3.8672000000 +0.0078457071 +17.4174406250 +0.0590804551 +0.5646628804 +2.4622047850 +0.1715765015
+4.1000000000 +0.3871468750 +0.0017953112 +0.0041093750 +0.0026400356 +0.2788083984 +0.0017436447 +0.1993460014 +0.0015931558 -3.6082500000 +0.0079450762 +15.5444375000 +0.0579095789 +0.5031246658 +2.4033022606 +0.1451802047
+4.2000000000 +0.3722234375 +0.0017158456 +0.0037171875 +0.0025313115 +0.2563153320 +0.0016511178 +0.1747451450 +0.0014831619 -3.3700000000 +0.0079308929 +13.8728625000 +0.0560767350 +0.4486287414 +2.2820521542 +0.1133857780
+4.3000000000 +0.3577359375 +0.0016440344 +0.0026953125 +0.0024294120 +0.2360889648 +0.0015662896 +0.1538685177 +0.0013875459 -3.1402000000 +0.0078915851 +12.3519406250 +0.0540769440 +0.4022845167 +2.1556167312 +0.0798107840
+4.4000000000 +0.3446734375 +0.0015707526 +0.0011109375 +0.0023317863 +0.2174903320 +0.0014771734 +0.1345836948 +0.0012845516 -2.9382750000 +0.0077104728 +11.0115156250 +0.0512640295 +0.3588747400 +1.9653352474 +0.0516005796
+4.5000000000 +0.3325171875 +0.0015001090 -0.0002609375 +0.0022393118 +0.2005807617 +0.0013899243 +0.1175082287 +0.0011824745 -2.7454062500 +0.0075186682 +9.7984703125 +0.0483766752 +0.3200465128 +1.7866388819 +0.0264271089
+4.6000000000 +0.3224828125 +0.0014388330 +0.0003953125 +0.0021610451 +0.1868047852 +0.0013140932 +0.1039696644 +0.0010953471 -2.5753437500 +0.0073006793 +8.7643921875 +0.0455393646 +0.2880334636 +1.6120958464 +0.0068624706
+4.7000000000 +0.3110453125 +0.0013801761 +0.0015859375 +0.0020793155 +0.1729446289 +0.0012385694 +0.0912720081 +0.0010098007 -2.4342562500 +0.0070482676 +7.9127265625 +0.0427856689 +0.2593887404 +1.4392924015 -0.0171902612
+4.8000000000 +0.3012859375 +0.0013220959 +0.0004015625 +0.0020043114 +0.1606907227 +0.0011603637 +0.0796792637 +0.0009161170 -2.2897625000 +0.0068036069 +7.0945750000 +0.0397923435 +0.2330583551 +1.2858074261 -0.0285903598
+4.9000000000 +0.2918421875 +0.0012770846 -0.0023265625 +0.0019390994 +0.1504096680 +0.0011039951 +0.0713752789 +0.0008561680 -2.1700875000 +0.0065947865 +6.4489281250 +0.0373872548 +0.2130214059 +1.1592825438 -0.0516592793
+5.0000000000 +0.2851937500 +0.0012344232 -0.0016000000 +0.0018860338 +0.1422875000 +0.0010502433 +0.0643661758 +0.0007978205 -2.0630437500 +0.0063664566 +5.8774203125 +0.0348781305 +0.1950464799 +1.0376133108 -0.0597488523
