# T, am1a, am1e, m1a, m1e, m2a, m2e, m4a, m4e, e1a, e1e, e2a, e2e, susc, spec, bind
+3.0000000000 +0.4903421875 +0.0023984929 +0.0093484375 +0.0034295000 +0.4705461914 +0.0023884513 +0.4496017078 +0.0023535869 -5.6526437500 +0.0033606694 +32.4041453125 +0.0332055103 +1.2272572297 +0.8031359077 +0.3231348214
+3.1000000000 +0.4869765625 +0.0023719585 +0.0099265625 +0.0033988789 +0.4621936523 +0.0023610242 +0.4366003796 +0.0023200956 -5.5595875000 +0.0038411097 +31.4991781250 +0.0371363791 +1.1615353802 +0.9825847323 +0.3187368460
+3.2000000000 +0.4828390625 +0.0023445901 +0.0095890625 +0.0033649878 +0.4530176758 +0.0023334900 +0.4230320301 +0.0022873402 -5.4606625000 +0.0043059173 +30.5604718750 +0.0406901376 +1.0994205775 +1.1588077126 +0.3128972265
+3.3000000000 +0.4760125000 +0.0023055279 +0.0102500000 +0.0033132355 +0.4392062500 +0.0022916710 +0.4029723740 +0.0022374598 -5.3305750000 +0.0048659247 +29.3621187500 +0.0447269200 +1.0308768477 +1.3914988714 +0.3036669703
+3.4000000000 +0.4681140625 +0.0022635787 +0.0094953125 +0.0032557340 +0.4240823242 +0.0022499790 +0.3823420422 +0.0021894467 -5.1805875000 +0.0054192597 +28.0132218750 +0.0485548578 +0.9644778763 +1.6259308372 +0.2913521760
+3.5000000000 +0.4595375000 +0.0022123902 +0.0072625000 +0.0031894701 +0.4069615234 +0.0021981429 +0.3588909660 +0.0021292522 -5.0056562500 +0.0059637201 +26.4792328125 +0.0520445541 +0.8950254150 +1.8581398457 +0.2776717988
+3.6000000000 +0.4489000000 +0.0021584982 +0.0072093750 +0.0031137751 +0.3878757812 +0.0021427801 +0.3341078766 +0.0020664063 -4.8108375000 +0.0065209854 +24.8450875000 +0.0551769690 +0.8282869833 +2.0999136402 +0.2597470738
+3.7000000000 +0.4391859375 +0.0020989696 +0.0056890625 +0.0030375931 +0.3691112305 +0.0020806368 +0.3094050747 +0.0019922278 -4.6017000000 +0.0069701555 +23.1189656250 +0.0573853039 +0.7620624552 +2.2712318305 +0.2430073556
+3.8000000000 +0.4268390625 +0.0020318684 +0.0050734375 +0.0029466312 +0.3473311523 +0.0020123277 +0.2826174328 +0.0019142041 -4.3624312500 +0.0074148787 +21.2300234375 +0.0591617473 +0.6953244929 +2.4368055696 +0.2191093588
+3.9000000000 +0.4129437500 +0.0019582802 +0.0054437500 +0.0028455551 +0.3239169922 +0.0019305689 +0.2540060677 +0.0018160854 -4.1200250000 +0.0077113101 +19.3531781250 +0.0597322692 +0.6293105704 +2.5021140033 +0.1930337447
+4.0000000000 +0.3972968750 +0.0018768670 +0.0057218750 +0.0027327516 +0.2987500000 +0.0018399474 +0.2246678253 +0.0017109925 -3.8704125000 +0.0079111139 +17.4835218750 +0.0595778283 +0.5636207725 +2.5034289548 +0.1609191704
+4.1000000000 +0.3829890625 +0.0017994841 +0.0048296875 +0.0026276559 +0.2762063477 +0.0017493771 +0.1987027592 +0.0016020315 -3.6256312500 +0.0079992865 +15.7047453125 +0.0584668305 +0.5054662465 +2.4362102097 +0.1318088935
+4.2000000000 +0.3703593750 +0.0017188391 +0.0041218750 +0.0025264867 +0.2553423828 +0.0016542350 +0.1746594688 +0.0014913291 -3.3838000000 +0.0079511655 +13.9789437500 +0.0564092085 +0.4501954901 +2.2937336145 +0.1070542662
+4.3000000000 +0.3584093750 +0.0016456645 +0.0032187500 +0.0024329785 +0.2367857422 +0.0015671403 +0.1543046410 +0.0013849205 -3.1672625000 +0.0078730922 +12.5109750000 +0.0540744873 +0.4030826497 +2.1455258030 +0.0826255567
+4.4000000000 +0.3434187500 +0.0015726071 +0.0014281250 +0.0023284014 +0.2168601562 +0.0014758082 +0.1341487244 +0.0012794964 -2.9584000000 +0.0077536243 +11.1568781250 +0.0516587734 +0.3597226124 +1.9873946818 +0.0491636859
+4.5000000000 +0.3300265625 +0.0014973312 +0.0011609375 +0.0022282067 +0.1985975586 +0.0013827440 +0.1159202312 +0.0011731319 -2.7589437500 +0.0075322738 +9.8811765625 +0.0486367297 +0.3188623169 +1.7931108716 +0.0203066199
+4.6000000000 +0.3200484375 +0.0014349056 -0.0024015625 +0.0021493219 +0.1847891602 +0.0013049537 +0.1022631992 +0.0010819238 -2.5915875000 +0.0072812514 +8.8369906250 +0.0455136242 +0.2864631576 +1.6035273004 +0.0017366262
+4.7000000000 +0.3079265625 +0.0013762874 -0.0000171875 +0.0020650996 +0.1705854492 +0.0012295408 +0.0895702206 +0.0009977461 -2.4246250000 +0.0070699350 +7.8781656250 +0.0426492451 +0.2579291279 +1.4481551720 -0.0260261318
+4.8000000000 +0.2992593750 +0.0013193282 +0.0007250000 +0.0019948730 +0.1591812500 +0.0011563376 +0.0788233368 +0.0009128211 -2.2932937500 +0.0067795344 +7.0976796875 +0.0395783784 +0.2320835882 +1.2767246276 -0.0369307163
+4.9000000000 +0.2904906250 +0.0012683974 +0.0010031250 +0.0019283223 +0.1487380859 +0.0010907286 +0.0697105736 +0.0008388070 -2.1782562500 +0.0065619250 +6.4671546875 +0.0370140862 +0.2101331681 +1.1477580320 -0.0503475448
+5.0000000000 +0.2813875000 +0.0012240727 +0.0015468750 +0.0018648773 +0.1391130859 +0.0010331073 +0.0620448753 +0.0007803184 -2.0654937500 +0.0063634815 +5.8860203125 +0.0350433024 +0.1917893145 +1.0366437640 -0.0686824865
