# T, am1a, am1e, m1a, m1e, m2a, m2e, m4a, m4e, e1a, e1e, e2a, e2e, susc, spec, bind
+3.0000000000 +0.4949083333 +0.0023953192 +0.0158041667 +0.0034430606 +0.4744364198 +0.0023674255 +0.4492780552 +0.0022886319 -5.6642277778 +0.0022041115 +32.2778006173 +0.0234929821 +2.7540259362 +0.7772971949 +0.3346687664
+3.1000000000 +0.4921437500 +0.0023666481 +0.0130937500 +0.0034134841 +0.4662463927 +0.0023328998 +0.4350825654 +0.0022396982 -5.5739777778 +0.0025625575 +31.3318962963 +0.0266836557 +2.6017655468 +0.9839801299 +0.3328561970
+3.2000000000 +0.4883868056 +0.0023328982 +0.0118840278 +0.0033766737 +0.4562182292 +0.0022927528 +0.4184036879 +0.0021830898 -5.4655916667 +0.0029276487 +30.2155373457 +0.0297398634 +2.4490862699 +1.2053147306 +0.3299164133
+3.3000000000 +0.4820222222 +0.0022907478 +0.0106930556 +0.0033246508 +0.4422464506 +0.0022423996 +0.3967161618 +0.0021147951 -5.3346222222 +0.0033596514 +28.9096845679 +0.0330383758 +2.2898293953 +1.4925299638 +0.3238704348
+3.4000000000 +0.4735555556 +0.0022358139 +0.0109319444 +0.0032561093 +0.4242094136 +0.0021793666 +0.3699391860 +0.0020340364 -5.1662166667 +0.0038943309 +27.2964271605 +0.0368212900 +2.1171658170 +1.8891669972 +0.3147508924
+3.5000000000 +0.4617645833 +0.0021674277 +0.0105576389 +0.0031663259 +0.4011362461 +0.0021031769 +0.3378444183 +0.0019375187 -4.9512333333 +0.0045022377 +25.3255172840 +0.0406723578 +1.9327856474 +2.3827761193 +0.3001391799
+3.6000000000 +0.4447354167 +0.0020790199 +0.0077284722 +0.0030439399 +0.3706825424 +0.0020086019 +0.2987848138 +0.0018261363 -4.6772611111 +0.0051603085 +22.9419228395 +0.0444677541 +1.7289295160 +2.9587537166 +0.2751752756
+3.7000000000 +0.4215555556 +0.0019704607 +0.0031694444 +0.0028853408 +0.3330177083 +0.0018877178 +0.2534399265 +0.0016811356 -4.3596611111 +0.0056637821 +20.2897820988 +0.0464997798 +1.5111109159 +3.3742100381 +0.2382383172
+3.8000000000 +0.3945555556 +0.0018438324 +0.0026583333 +0.0027002581 +0.2916628086 +0.0017456087 +0.2069531901 +0.0015137630 -4.0057972222 +0.0060192772 +17.4956793210 +0.0469324726 +1.2883142105 +3.6131333570 +0.1890599244
+3.9000000000 +0.3662145833 +0.0017101505 +0.0016020833 +0.0025054697 +0.2510977045 +0.0015937442 +0.1646508747 +0.0013414971 -3.6505250000 +0.0061312048 +14.8299996914 +0.0454515009 +1.0798576932 +3.5589749485 +0.1295229959
+4.0000000000 +0.3364916667 +0.0015673931 +0.0013805556 +0.0022994216 +0.2114954861 +0.0014261562 +0.1260872027 +0.0011540462 -3.2944694444 +0.0060285722 +12.3072762346 +0.0423710043 +0.8844195994 +3.2709314569 +0.0603901745
+4.1000000000 +0.3097201389 +0.0014328881 +0.0000645833 +0.0021098181 +0.1780532986 +0.0012656800 +0.0957808148 +0.0009817341 -2.9959750000 +0.0057545758 +10.3004719136 +0.0384373610 +0.7211127879 +2.8367522705 -0.0070643558
+4.2000000000 +0.2856597222 +0.0013048811 -0.0002125000 +0.0019346190 +0.1497100694 +0.0011095384 +0.0716561263 +0.0008174145 -2.7324777778 +0.0053819810 +8.6250635802 +0.0339620762 +0.5837879361 +2.3645485188 -0.0656879335
+4.3000000000 +0.2672555556 +0.0011973576 -0.0010472222 +0.0017942342 +0.1287721451 +0.0009757261 +0.0546639238 +0.0006789020 -2.5167277778 +0.0050040087 +7.3355228395 +0.0297436651 +0.4801111793 +1.9501216200 -0.0988431055
+4.4000000000 +0.2490881944 +0.0011026347 -0.0002215278 +0.0016634078 +0.1106770640 +0.0008602578 +0.0418511522 +0.0005654386 -2.3372055556 +0.0046578500 +6.3303524691 +0.0261262271 +0.3978992899 +1.6137198227 -0.1388614813
+4.5000000000 +0.2355583333 +0.0010257206 +0.0001555556 +0.0015618244 +0.0975718364 +0.0007635675 +0.0328416739 +0.0004703374 -2.1887083333 +0.0043339386 +5.5417651235 +0.0229248427 +0.3366728641 +1.3356816979 -0.1498867544
+4.6000000000 +0.2251229167 +0.0009636269 +0.0013131944 +0.0014817361 +0.0878233989 +0.0006908425 +0.0268034812 +0.0004047382 -2.0706861111 +0.0040544769 +4.9452922840 +0.0203194610 +0.2906849059 +1.1187073382 -0.1583757732
+4.7000000000 +0.2161708333 +0.0009119300 +0.0013833333 +0.0014141479 +0.0799944830 +0.0006252041 +0.0220343236 +0.0003395560 -1.9630888889 +0.0038268743 +4.4395166667 +0.0180541737 +0.2547930932 +0.9546741745 -0.1477793216
+4.8000000000 +0.2076166667 +0.0008640472 +0.0016472222 +0.0013506024 +0.0729677855 +0.0005707467 +0.0183543679 +0.0002931552 -1.8735472222 +0.0036535312 +4.0441108025 +0.0163966621 +0.2239732891 +0.8342681384 -0.1490947663
+4.9000000000 +0.2000763889 +0.0008253284 +0.0002625000 +0.0012968921 +0.0672772377 +0.0005251982 +0.0155595539 +0.0002570122 -1.7933833333 +0.0034971383 +3.7054228395 +0.0148972362 +0.2001796623 +0.7334929668 -0.1458811735
+5.0000000000 +0.1938472222 +0.0007971622 +0.0011750000 +0.0012549309 +0.0629954475 +0.0004906370 +0.0135974148 +0.0002296875 -1.7251166667 +0.0033884709 +3.4352969136 +0.0139318558 +0.1830146542 +0.6613479360 -0.1421332137
