# T, am1a, am1e, m1a, m1e, m2a, m2e, m4a, m4e, e1a, e1e, e2a, e2e, susc, spec, bind
+3.0000000000 +0.4951500000 +0.0023972483 -0.0049093750 +0.0034460898 +0.4750455078 +0.0023886077 +0.4538860985 +0.0023531432 -5.6452562500 +0.0033619969 +32.3210390625 +0.0332969529 +1.2259839217 +0.8037705499 +0.3295672893
+3.1000000000 +0.4918828125 +0.0023738835 -0.0035296875 +0.0034181470 +0.4673616211 +0.0023652855 +0.4422099072 +0.0023266285 -5.5664125000 +0.0038063845 +31.5644906250 +0.0368758382 +1.1634215219 +0.9648990715 +0.3251595266
+3.2000000000 +0.4878140625 +0.0023409131 -0.0047609375 +0.0033805874 +0.4571575195 +0.0023304125 +0.4262258869 +0.0022847195 -5.4527500000 +0.0043225027 +30.4798437500 +0.0408913663 +1.0959747998 +1.1677518555 +0.3201911201
+3.3000000000 +0.4835562500 +0.0023061045 -0.0030187500 +0.0033411909 +0.4465513672 +0.0022950802 +0.4101038506 +0.0022436808 -5.3297125000 +0.0048573776 +29.3496000000 +0.0447306083 +1.0313925831 +1.3866147546 +0.3144648217
+3.4000000000 +0.4770062500 +0.0022647132 -0.0048312500 +0.0032888777 +0.4326919922 +0.0022514051 +0.3899753609 +0.0021913717 -5.1835375000 +0.0054176251 +28.0430875000 +0.0484871797 +0.9654448454 +1.6249501538 +0.3056823614
+3.5000000000 +0.4694562500 +0.0022150006 -0.0038750000 +0.0032273180 +0.4166382813 +0.0022002835 +0.3672373505 +0.0021308789 -5.0089812500 +0.0059469772 +26.5045546875 +0.0518991030 +0.8971387912 +1.8477211751 +0.2948082080
+3.6000000000 +0.4592828125 +0.0021577657 -0.0050046875 +0.0031510068 +0.3971788086 +0.0021428623 +0.3414253551 +0.0020667648 -4.8030625000 +0.0065366754 +24.7785343750 +0.0552122638 +0.8277249188 +2.1100308594 +0.2785564124
+3.7000000000 +0.4478234375 +0.0020959094 -0.0040453125 +0.0030669322 +0.3762592773 +0.0020792947 +0.3145097012 +0.0019940175 -4.5843062500 +0.0070547861 +23.0066640625 +0.0578503583 +0.7598419294 +2.3267205478 +0.2594773320
+3.8000000000 +0.4348671875 +0.0020218605 -0.0017421875 +0.0029691044 +0.3526262695 +0.0020011900 +0.2845357441 +0.0019010782 -4.3378687500 +0.0074308626 +21.0258140625 +0.0591606519 +0.6884917843 +2.4473227371 +0.2372429136
+3.9000000000 +0.4214203125 +0.0019557279 +0.0008453125 +0.0028748445 +0.3305899414 +0.0019315388 +0.2585233906 +0.0018191297 -4.0989500000 +0.0077443571 +19.2003937500 +0.0598467377 +0.6276712272 +2.5236056778 +0.2115043216
+4.0000000000 +0.4065468750 +0.0018807549 -0.0040125000 +0.0027692681 +0.3067699219 +0.0018472738 +0.2306046021 +0.0017204832 -3.8554687500 +0.0078989118 +17.3603515625 +0.0593827999 +0.5659582412 +2.4957122803 +0.1831897785
+4.1000000000 +0.3910984375 +0.0018050447 -0.0029890625 +0.0026611864 +0.2832854492 +0.0017597702 +0.2041222912 +0.0016154247 -3.6127500000 +0.0079760382 +15.5966500000 +0.0582578643 +0.5085949713 +2.4220701368 +0.1521468382
+4.2000000000 +0.3758640625 +0.0017296821 -0.0040390625 +0.0025540629 +0.2609458008 +0.0016712403 +0.1798144764 +0.0015101227 -3.3778750000 +0.0079667883 +13.9488281250 +0.0564691931 +0.4558933612 +2.3027561083 +0.1197566088
+4.3000000000 +0.3614062500 +0.0016495618 -0.0029687500 +0.0024466703 +0.2394566406 +0.0015735811 +0.1563857773 +0.0013941153 -3.1480625000 +0.0078587372 +12.3806875000 +0.0538410148 +0.4049940952 +2.1377090285 +0.0908778744
+4.4000000000 +0.3476093750 +0.0015807724 -0.0013468750 +0.0023493836 +0.2207859375 +0.0014915153 +0.1377311462 +0.0012992574 -2.9440812500 +0.0077168084 +11.0495796875 +0.0513715145 +0.3634678542 +1.9685663478 +0.0581796063
+4.5000000000 +0.3342859375 +0.0015070657 -0.0010015625 +0.0022505331 +0.2025969727 +0.0013975724 +0.1191738728 +0.0011872535 -2.7561125000 +0.0075074549 +9.8506312500 +0.0482665146 +0.3230218121 +1.7813136888 +0.0321815547
+4.6000000000 +0.3242718750 +0.0014512984 -0.0018437500 +0.0021760028 +0.1894029297 +0.0013280750 +0.1064247932 +0.0011074400 -2.5895375000 +0.0073030472 +8.8390843750 +0.0455380869 +0.2930458462 +1.6131417097 +0.0111095664
+4.7000000000 +0.3125671875 +0.0013865521 -0.0006390625 +0.0020892517 +0.1745993164 +0.0012488428 +0.0928692554 +0.0010223602 -2.4379062500 +0.0070865723 +7.9521671875 +0.0428718272 +0.2617908756 +1.4549789434 -0.0154665708
+4.8000000000 +0.3025687500 +0.0013266426 -0.0017343750 +0.0020121137 +0.1619470703 +0.0011706833 +0.0810468285 +0.0009337633 -2.3077187500 +0.0068169105 +7.1843765625 +0.0400153867 +0.2346640728 +1.2908407871 -0.0300743626
+4.9000000000 +0.2932453125 +0.0012764206 -0.0020734375 +0.0019439553 +0.1511627930 +0.0011034766 +0.0715566113 +0.0008552161 -2.1802687500 +0.0065760724 +6.4833609375 +0.0373002227 +0.2127999336 +1.1527124467 -0.0438514416
+5.0000000000 +0.2837203125 +0.0012277149 -0.0007140625 +0.0018760868 +0.1407885742 +0.0010425800 +0.0633003414 +0.0007934518 -2.0637437500 +0.0063556769 +5.8748234375 +0.0349390092 +0.1929323472 +1.0341025100 -0.0645105651
