# T, am1a, am1e, m1a, m1e, m2a, m2e, m4a, m4e, e1a, e1e, e2a, e2e, susc, spec, bind
+3.0000000000 +0.4696777500 +0.0023941155 +0.0176912500 +0.0033524460 +0.4498687475 +0.0023487825 +0.4230530609 +0.0022301297 -5.6608080000 +0.0013171650 +32.1141441600 +0.0146015390 +7.6423852885 +0.7710771906 +0.3032099514
+3.1000000000 +0.4648000000 +0.0023661307 +0.0146650000 +0.0033157463 +0.4399820150 +0.0023068139 +0.4064397890 +0.0021603222 -5.5742960000 +0.0015153464 +31.1646268800 +0.0165001290 +7.2239669355 +0.9557854776 +0.3001497632
+3.2000000000 +0.4612312500 +0.0023326943 +0.0100217500 +0.0032798336 +0.4303927725 +0.0022571194 +0.3890214491 +0.0020802928 -5.4722000000 +0.0017178804 +30.0630173600 +0.0183251472 +6.8018283289 +1.1527785158 +0.2999608109
+3.3000000000 +0.4569237500 +0.0022878491 +0.0096852500 +0.0032328611 +0.4181494475 +0.0021931908 +0.3672523943 +0.0019826664 -5.3385830000 +0.0020094053 +28.6619768400 +0.0208049253 +6.3445495208 +1.4830890002 +0.2998673572
+3.4000000000 +0.4474165000 +0.0022229025 +0.0102705000 +0.0031532835 +0.3978333450 +0.0021047906 +0.3354771128 +0.0018570208 -5.1606490000 +0.0024198005 +26.8665154800 +0.0239539593 +5.8132888390 +2.0261018928 +0.2934558917
+3.5000000000 +0.4304932500 +0.0021294426 +0.0037442500 +0.0030277526 +0.3667054625 +0.0019858840 +0.2922222993 +0.0017013927 -4.9158340000 +0.0029850970 +24.5218560800 +0.0278519579 +5.1823149773 +2.9096503221 +0.2756351962
+3.6000000000 +0.4056322500 +0.0019875228 -0.0017332500 +0.0028396496 +0.3225473925 +0.0018204463 +0.2365978092 +0.0015025082 -4.5687570000 +0.0036913696 +21.4185889200 +0.0319655976 +4.3891630628 +4.2056203314 +0.2419420730
+3.7000000000 +0.3670982500 +0.0017738928 +0.0024777500 +0.0025525615 +0.2606289475 +0.0015861718 +0.1685650835 +0.0012424701 -4.0810680000 +0.0042912177 +17.3916980000 +0.0342153196 +3.4018330364 +5.3804381255 +0.1728180201
+3.8000000000 +0.3146480000 +0.0015072813 +0.0048245000 +0.0021786232 +0.1898792450 +0.0012898674 +0.1026044390 +0.0009349408 -3.5405490000 +0.0043302996 +13.2855470000 +0.0316353703 +2.3914705552 +5.1943197964 +0.0513851847
+3.9000000000 +0.2628100000 +0.0012402464 +0.0047245000 +0.0018067597 +0.1305975400 +0.0009857237 +0.0559217630 +0.0006391008 -3.0824660000 +0.0038848683 +10.1052847200 +0.0259552211 +1.5776524077 +3.9690208997 -0.0929231034
+4.0000000000 +0.2237405000 +0.0010169347 +0.0038200000 +0.0015117165 +0.0914260600 +0.0007341277 +0.0299164616 +0.0004170147 -2.7491050000 +0.0032875014 +7.9898849200 +0.0199480476 +1.0341562165 +2.7019163686 -0.1930233996
+4.1000000000 +0.1962315000 +0.0008557574 +0.0034610000 +0.0013018031 +0.0677996300 +0.0005506127 +0.0167237617 +0.0002650626 -2.5191460000 +0.0028435843 +6.6695354400 +0.0157123099 +0.7144592295 +1.9240860838 -0.2127130998
+4.2000000000 +0.1771375000 +0.0007475386 +0.0019565000 +0.0011589481 +0.0537302550 +0.0004319889 +0.0103515157 +0.0001768401 -2.3486500000 +0.0025268822 +5.7715621600 +0.0128457942 +0.5322038356 +1.4478760629 -0.1952118465
+4.3000000000 +0.1626895000 +0.0006742738 +0.0016740000 +0.0010565377 +0.0446536800 +0.0003564491 +0.0070761902 +0.0001257737 -2.2161320000 +0.0023400410 +5.1302727200 +0.0111050558 +0.4229257346 +1.1845953411 -0.1829427620
+4.4000000000 +0.1512085000 +0.0006133425 +0.0006485000 +0.0009735393 +0.0379115700 +0.0002978325 +0.0049854555 +0.0000911591 -2.1088390000 +0.0021913751 +4.6392869200 +0.0097509202 +0.3419899893 +0.9921745459 -0.1562188625
+4.5000000000 +0.1420452500 +0.0005724193 +0.0009142500 +0.0009121756 +0.0332834075 +0.0002594832 +0.0038010465 +0.0000694166 -2.0175560000 +0.0021090938 +4.2484632800 +0.0089549162 +0.2912567656 +0.8786719351 -0.1437375088
+4.6000000000 +0.1357965000 +0.0005403322 +0.0009905000 +0.0008677278 +0.0301190450 +0.0002303127 +0.0030289141 +0.0000558998 -1.9344120000 +0.0020359159 +3.9077479200 +0.0082540933 +0.2538772954 +0.7835450579 -0.1129696259
+4.7000000000 +0.1297297500 +0.0005126798 -0.0002217500 +0.0008267917 +0.0273434325 +0.0002068907 +0.0024598136 +0.0000443438 -1.8606120000 +0.0019661884 +3.6165128800 +0.0076269326 +0.2236941376 +0.7000265525 -0.0966672723
+4.8000000000 +0.1248272500 +0.0004884802 -0.0006767500 +0.0007925576 +0.0251263575 +0.0001879354 +0.0020441226 +0.0000359750 -1.7926400000 +0.0019168020 +3.3605233600 +0.0071500025 +0.1988440658 +0.6378697500 -0.0792613143
+4.9000000000 +0.1207060000 +0.0004722263 -0.0006570000 +0.0007663128 +0.0234898450 +0.0001754578 +0.0017831906 +0.0000316437 -1.7325230000 +0.0018732481 +3.1419982800 +0.0067490559 +0.1820389095 +0.5845994772 -0.0772492687
+5.0000000000 +0.1177480000 +0.0004576748 +0.0001025000 +0.0007457082 +0.0222432400 +0.0001648608 +0.0015819247 +0.0000271793 -1.6782540000 +0.0018407237 +2.9520670400 +0.0064285506 +0.1675729699 +0.5421222059 -0.0657821552
