# T, am1a, am1e, m1a, m1e, m2a, m2e, m4a, m4e, e1a, e1e, e2a, e2e, susc, spec, bind
+3.0000000000 +0.4563372500 +0.0023901808 +0.0316622500 +0.0033006051 +0.4367622625 +0.0023438566 +0.4105078216 +0.0022238701 -5.6605260000 +0.0013173052 +32.1109663200 +0.0146106213 +7.6172858921 +0.7712413704 +0.2826849093
+3.1000000000 +0.4547480000 +0.0023631154 +0.0297040000 +0.0032759960 +0.4301683100 +0.0023034531 +0.3972806294 +0.0021568646 -5.5767290000 +0.0015081348 +31.1908851600 +0.0164189239 +7.2055666612 +0.9467098915 +0.2843522519
+3.2000000000 +0.4504895000 +0.0023284437 +0.0303815000 +0.0032360615 +0.4198067900 +0.0022516854 +0.3790412245 +0.0020729938 -5.4700950000 +0.0017257984 +30.0410745200 +0.0184038789 +6.7770625122 +1.1634297948 +0.2830872991
+3.3000000000 +0.4435085000 +0.0022813792 +0.0307405000 +0.0031778234 +0.4048874400 +0.0021855122 +0.3549923778 +0.0019719181 -5.3350490000 +0.0020144248 +28.6250641200 +0.0208394059 +6.3087166796 +1.4905076916 +0.2781795798
+3.4000000000 +0.4334117500 +0.0022202808 +0.0303577500 +0.0030988305 +0.3850316175 +0.0021019187 +0.3249718336 +0.0018527613 -5.1649890000 +0.0023997814 +26.9074694000 +0.0238020552 +5.7995844842 +1.9927165215 +0.2693124989
+3.5000000000 +0.4190667500 +0.0021292236 +0.0287227500 +0.0029838552 +0.3569606675 +0.0019864245 +0.2852562123 +0.0017004680 -4.9251210000 +0.0029666370 +24.6088542800 +0.0277035436 +5.1812493298 +2.8737748193 +0.2537692752
+3.6000000000 +0.3930545000 +0.0019904686 +0.0247480000 +0.0027944498 +0.3129704550 +0.0018249573 +0.2311692714 +0.0015052008 -4.5803280000 +0.0036776913 +21.5204211200 +0.0318600620 +4.4021837508 +4.1745102810 +0.2133126498
+3.7000000000 +0.3556530000 +0.0017811228 +0.0208520000 +0.0025147077 +0.2533849950 +0.0015941859 +0.1658610994 +0.0012498624 -4.1067470000 +0.0042869273 +17.6004807600 +0.0342693734 +3.4296199619 +5.3696847187 +0.1388843172
+3.8000000000 +0.3053595000 +0.0015099534 +0.0137980000 +0.0021462316 +0.1844427900 +0.0012960731 +0.1012113569 +0.0009441024 -3.5641700000 +0.0043733030 +13.4683389600 +0.0321679359 +2.3999569937 +5.2979997999 +0.0082901503
+3.9000000000 +0.2537590000 +0.0012242147 +0.0084065000 +0.0017626048 +0.1243416950 +0.0009717991 +0.0532365947 +0.0006343001 -3.0867470000 +0.0039247888 +10.1441657200 +0.0263586550 +1.5371298697 +4.0510103747 -0.1477715256
+4.0000000000 +0.2153105000 +0.0009963779 +0.0049725000 +0.0014666684 +0.0860693700 +0.0007097650 +0.0275585907 +0.0004015031 -2.7473860000 +0.0033122084 +7.9869588000 +0.0202076973 +0.9927689647 +2.7426810438 -0.2400480166
+4.1000000000 +0.1912445000 +0.0008479078 +0.0038445000 +0.0012778653 +0.0653323650 +0.0005463057 +0.0162063149 +0.0002706703 -2.5158480000 +0.0028693193 +6.6588108800 +0.0159636069 +0.7014123468 +1.9590703206 -0.2656285397
+4.2000000000 +0.1724232500 +0.0007360038 +0.0033202500 +0.0011334330 +0.0513978425 +0.0004236973 +0.0098225137 +0.0001773852 -2.3491300000 +0.0025359626 +5.7756560000 +0.0129759234 +0.5159063181 +1.4583006978 -0.2394003340
+4.3000000000 +0.1597017500 +0.0006621407 +0.0031772500 +0.0010372050 +0.0430418625 +0.0003498066 +0.0067471887 +0.0001291537 -2.2173300000 +0.0023364768 +5.1349172800 +0.0111068450 +0.4078421755 +1.1809894597 -0.2140022384
+4.4000000000 +0.1494637500 +0.0006038547 +0.0030092500 +0.0009606765 +0.0369250325 +0.0002895083 +0.0047160601 +0.0000877333 -2.1098540000 +0.0021985646 +4.6448313600 +0.0098084681 +0.3314913622 +0.9986955511 -0.1529654822
+4.5000000000 +0.1416882500 +0.0005638944 +0.0028632500 +0.0009053513 +0.0327946375 +0.0002536747 +0.0036495225 +0.0000685569 -2.0146500000 +0.0020942537 +4.2342505600 +0.0088858838 +0.2826461625 +0.8663503086 -0.1311211508
+4.6000000000 +0.1347325000 +0.0005317363 +0.0030005000 +0.0008581023 +0.0294625850 +0.0002253677 +0.0028996680 +0.0000550285 -1.9336940000 +0.0020396117 +3.9055731200 +0.0082527058 +0.2458638792 +0.7863924119 -0.1134874291
+4.7000000000 +0.1287805000 +0.0005051092 +0.0021900000 +0.0008183067 +0.0267898300 +0.0002015492 +0.0023425789 +0.0000415958 -1.8583720000 +0.0019696344 +3.6087248800 +0.0076358632 +0.2171364430 +0.7024825243 -0.0880104343
+4.8000000000 +0.1250542500 +0.0004855216 +0.0010087500 +0.0007916248 +0.0250678125 +0.0001864570 +0.0020190432 +0.0000358833 -1.7924860000 +0.0019181388 +3.3601763200 +0.0071691654 +0.1964426470 +0.6387598082 -0.0710049688
+4.9000000000 +0.1202637500 +0.0004667360 +0.0020692500 +0.0007611305 +0.0231770675 +0.0001700315 +0.0016936049 +0.0000288624 -1.7316160000 +0.0018707369 +3.1384802400 +0.0067422169 +0.1778305701 +0.5830331884 -0.0509301955
+5.0000000000 +0.1169257500 +0.0004536876 +0.0020827500 +0.0007399424 +0.0219049275 +0.0001612301 +0.0015196314 +0.0000271428 -1.6778060000 +0.0018347746 +2.9496888800 +0.0064063070 +0.1646659297 +0.5386236255 -0.0556826222
