# T, am1a, am1e, m1a, m1e, m2a, m2e, m4a, m4e, e1a, e1e, e2a, e2e, susc, spec, bind
+3.0000000000 +0.4941953125 +0.0023999715 -0.0103546875 +0.0034442572 +0.4746235352 +0.0023915679 +0.4540513828 +0.0023580628 -5.6524375000 +0.0033842477 +32.4081750000 +0.0333034319 +1.2287708174 +0.8144449931 +0.3281300638
+3.1000000000 +0.4913671875 +0.0023751819 -0.0104546875 +0.0034168405 +0.4671012695 +0.0023652863 +0.4419667606 +0.0023256806 -5.5683062500 +0.0037843372 +31.5788828125 +0.0367097161 +1.1646944856 +0.9537537044 +0.3247785065
+3.2000000000 +0.4870125000 +0.0023447387 -0.0103375000 +0.0033800381 +0.4570931641 +0.0023346943 +0.4269660637 +0.0022893246 -5.4615125000 +0.0043139670 +30.5725312500 +0.0407284461 +1.0995599445 +1.1631444724 +0.3188188049
+3.3000000000 +0.4818671875 +0.0023085355 -0.0101765625 +0.0033364123 +0.4453694336 +0.0022957492 +0.4091725094 +0.0022429353 -5.3364250000 +0.0048591877 +29.4219000000 +0.0446835309 +1.0335682289 +1.3876484399 +0.3123865263
+3.4000000000 +0.4753078125 +0.0022676853 -0.0075859375 +0.0032846455 +0.4316133789 +0.0022555687 +0.3897937229 +0.0021965605 -5.1905062500 +0.0054152263 +28.1143421875 +0.0484552223 +0.9679805284 +1.6235114965 +0.3025327980
+3.5000000000 +0.4662437500 +0.0022166240 -0.0073312500 +0.0032166223 +0.4139201172 +0.0022032028 +0.3654939644 +0.0021363494 -5.0104687500 +0.0059713144 +26.5310609375 +0.0520491486 +0.8984543212 +1.8628752232 +0.2889078469
+3.6000000000 +0.4567656250 +0.0021582731 -0.0051343750 +0.0031421895 +0.3949605469 +0.0021441850 +0.3398950058 +0.0020674095 -4.8074750000 +0.0065138789 +24.8090406250 +0.0551003578 +0.8281142697 +2.0953391968 +0.2736999107
+3.7000000000 +0.4444078125 +0.0020963687 -0.0051921875 +0.0030547578 +0.3732887695 +0.0020790807 +0.3122475666 +0.0019912705 -4.5863187500 +0.0069964176 +22.9923140625 +0.0574917531 +0.7601749869 +2.2883791216 +0.2530561441
+3.8000000000 +0.4328984375 +0.0020273678 -0.0045953125 +0.0029655891 +0.3518098633 +0.0020070513 +0.2849003819 +0.0019075393 -4.3496437500 +0.0074252591 +21.1247796875 +0.0591707234 +0.6922476046 +2.4436331696 +0.2327166849
+3.9000000000 +0.4186453125 +0.0019520301 -0.0043078125 +0.0028620893 +0.3276807617 +0.0019249624 +0.2555938839 +0.0018102850 -4.0951250000 +0.0077022034 +19.1430062500 +0.0596590458 +0.6252999550 +2.4962077416 +0.2065358423
+4.0000000000 +0.4040234375 +0.0018775251 -0.0066859375 +0.0027576904 +0.3042389648 +0.0018414123 +0.2281933147 +0.0017119100 -3.8474750000 +0.0079250077 +17.3152937500 +0.0595080527 +0.5640161072 +2.5122298744 +0.1782267640
+4.1000000000 +0.3888296875 +0.0017939164 -0.0037265625 +0.0026452792 +0.2799139648 +0.0017433390 +0.1999210690 +0.0015914094 -3.5945312500 +0.0079841783 +15.4705390625 +0.0581522034 +0.5023431764 +2.4270164476 +0.1494728552
+4.2000000000 +0.3753218750 +0.0017204061 -0.0031937500 +0.0025458211 +0.2592583984 +0.0016592079 +0.1773337502 +0.0014963653 -3.3615875000 +0.0079588612 +13.8340093750 +0.0562706801 +0.4510167184 +2.2981758321 +0.1205635215
+4.3000000000 +0.3629734375 +0.0016441093 -0.0052234375 +0.0024487050 +0.2398735352 +0.0015690024 +0.1560100483 +0.0013891326 -3.1460312500 +0.0078578109 +12.3673203125 +0.0539450716 +0.4023211863 +2.1372051371 +0.0962118448
+4.4000000000 +0.3488062500 +0.0015760616 -0.0045968750 +0.0023505504 +0.2210246094 +0.0014855553 +0.1371268600 +0.0012920007 -2.9461500000 +0.0077125256 +11.0591218750 +0.0514258767 +0.3613047612 +1.9663818616 +0.0643357990
+4.5000000000 +0.3362671875 +0.0015071919 -0.0034484375 +0.0022579240 +0.2039407227 +0.0014009650 +0.1200999409 +0.0011967306 -2.7498250000 +0.0075330417 +9.8314062500 +0.0484750061 +0.3230759156 +1.7934765190 +0.0374714258
+4.6000000000 +0.3245921875 +0.0014467667 -0.0035234375 +0.0021741265 +0.1890854492 +0.0013257221 +0.1060548656 +0.0011083369 -2.5885000000 +0.0072806286 +8.8206343750 +0.0454330650 +0.2912186471 +1.6032530246 +0.0112349110
+4.7000000000 +0.3124500000 +0.0013855578 -0.0033000000 +0.0020880908 +0.1744158203 +0.0012444055 +0.0923626823 +0.0010127069 -2.4292687500 +0.0070427299 +7.8853484375 +0.0424573938 +0.2614155500 +1.4370316181 -0.0120536429
+4.8000000000 +0.3037765625 +0.0013323588 -0.0037890625 +0.0020203530 +0.1632874023 +0.0011763196 +0.0820118893 +0.0009356407 -2.2948000000 +0.0068331210 +7.1337687500 +0.0399444228 +0.2366906747 +1.2969872986 -0.0252982159
+4.9000000000 +0.2936703125 +0.0012843563 -0.0038234375 +0.0019507081 +0.1522250977 +0.0011162359 +0.0730117847 +0.0008716353 -2.1775812500 +0.0066026171 +6.4856421875 +0.0375838499 +0.2154541884 +1.1620372093 -0.0502657120
+5.0000000000 +0.2839343750 +0.0012327028 -0.0022468750 +0.0018801325 +0.1414009766 +0.0010485178 +0.0639698189 +0.0007970992 -2.0595250000 +0.0063633973 +5.8613562500 +0.0348585318 +0.1945031912 +1.0366163356 -0.0664709957
