# T, am1a, am1e, m1a, m1e, m2a, m2e, m4a, m4e, e1a, e1e, e2a, e2e, susc, spec, bind
+3.0000000000 +0.4985861111 +0.0023928081 +0.0547041667 +0.0034446219 +0.4776093364 +0.0023647778 +0.4517976313 +0.0022855819 -5.6570500000 +0.0022222784 +32.1997555556 +0.0236465115 +2.7482547147 +0.7901634122 +0.3397976298
+3.1000000000 +0.4947166667 +0.0023659728 +0.0515847222 +0.0034131975 +0.4686576775 +0.0023316833 +0.4371099009 +0.0022374674 -5.5724861111 +0.0025453605 +31.3117558642 +0.0265109678 +2.6002811287 +0.9708177527 +0.3366268079
+3.2000000000 +0.4890375000 +0.0023319521 +0.0500736111 +0.0033696080 +0.4566777006 +0.0022903597 +0.4183844226 +0.0021795320 -5.4658611111 +0.0029288843 +30.2187722222 +0.0297121449 +2.4471002724 +1.2063323540 +0.3312948925
+3.3000000000 +0.4840520833 +0.0022891411 +0.0503381944 +0.0033218186 +0.4439130980 +0.0022403123 +0.3978188107 +0.0021136234 -5.3305888889 +0.0033897034 +28.8747814815 +0.0333374296 +2.2866183122 +1.5193506748 +0.3270727100
+3.4000000000 +0.4738868056 +0.0022311087 +0.0483076389 +0.0032455697 +0.4236825424 +0.0021742978 +0.3686097407 +0.0020284393 -5.1548250000 +0.0039257103 +27.1886688272 +0.0371007319 +2.1082641666 +1.9197344009 +0.3155142460
+3.5000000000 +0.4623958333 +0.0021603990 +0.0415944444 +0.0031574228 +0.4005028549 +0.0020953333 +0.3360193941 +0.0019301336 -4.9367250000 +0.0045422238 +25.1965256173 +0.0410061860 +1.9202703249 +2.4252888244 +0.3017163760
+3.6000000000 +0.4448500000 +0.0020702755 +0.0366791667 +0.0030330998 +0.3693331404 +0.0019992108 +0.2962807251 +0.0018172480 -4.6636888889 +0.0051802296 +22.8233851852 +0.0445359460 +1.7144161793 +2.9816420357 +0.2759882967
+3.7000000000 +0.4226076389 +0.0019630456 +0.0320701389 +0.0028797163 +0.3327391397 +0.0018808889 +0.2522250591 +0.0016739026 -4.3430305556 +0.0057112235 +20.1666373457 +0.0466880699 +1.4997592529 +3.4309733974 +0.2406199226
+3.8000000000 +0.3986534722 +0.0018425047 +0.0253951389 +0.0027114232 +0.2947175347 +0.0017444257 +0.2085792666 +0.0015140030 -3.9946805556 +0.0060329364 +17.4133256173 +0.0469482288 +1.2864594676 +3.6295501072 +0.1995431417
+3.9000000000 +0.3710388889 +0.0017088708 +0.0212208333 +0.0025200650 +0.2544794367 +0.0015928789 +0.1662503167 +0.0013414691 -3.6289305556 +0.0061640918 +14.6889780864 +0.0455679842 +1.0782422738 +3.5972570636 +0.1442718142
+4.0000000000 +0.3424916667 +0.0015751007 +0.0164444444 +0.0023252302 +0.2165382330 +0.0014365884 +0.1294402514 +0.0011668935 -3.2966000000 +0.0060283974 +12.3212345679 +0.0423849181 +0.8931392216 +3.2707417678 +0.0798070199
+4.1000000000 +0.3145625000 +0.0014374155 +0.0122055556 +0.0021298306 +0.1815961034 +0.0012710294 +0.0975977731 +0.0009875259 -2.9886055556 +0.0057552132 +10.2566623457 +0.0383800891 +0.7256769101 +2.8373807521 +0.0134806619
+4.2000000000 +0.2898368056 +0.0013131304 +0.0072770833 +0.0019552805 +0.1529778356 +0.0011205211 +0.0736249195 +0.0008287871 -2.7215055556 +0.0054147193 +8.5793598765 +0.0340919563 +0.5911925297 +2.3934028319 -0.0486886166
+4.3000000000 +0.2696104167 +0.0012038556 +0.0073006944 +0.0018069810 +0.1306605131 +0.0009850970 +0.0558888159 +0.0006902890 -2.5109138889 +0.0050231717 +7.3139787037 +0.0299547508 +0.4853363973 +1.9650862773 -0.0912265778
+4.4000000000 +0.2524743056 +0.0011100050 +0.0059034722 +0.0016807206 +0.1130277199 +0.0008697905 +0.0430366841 +0.0005768006 -2.3330305556 +0.0046630663 +6.3127990741 +0.0262455496 +0.4032363677 +1.6173362620 -0.1229168887
+4.5000000000 +0.2380020833 +0.0010311424 +0.0061729167 +0.0015743020 +0.0991751736 +0.0007707185 +0.0335959973 +0.0004758248 -2.1875944444 +0.0043397415 +5.5389037037 +0.0230620481 +0.3402414555 +1.3392608895 -0.1385715916
+4.6000000000 +0.2264576389 +0.0009654064 +0.0039173611 +0.0014878516 +0.0885634452 +0.0006857294 +0.0266524770 +0.0003934380 -2.0650833333 +0.0040511905 +4.9210549383 +0.0202077467 +0.2917595192 +1.1168944956 -0.1326802219
+4.7000000000 +0.2162972222 +0.0009026320 +0.0057041667 +0.0014083832 +0.0793742670 +0.0006146090 +0.0214100416 +0.0003311332 -1.9611277778 +0.0038070417 +4.4257648148 +0.0179357465 +0.2496238363 +0.9448046874 -0.1327571190
+4.8000000000 +0.2068611111 +0.0008518492 +0.0041416667 +0.0013397784 +0.0718173997 +0.0005540863 +0.0174382041 +0.0002787099 -1.8609638889 +0.0036219031 +3.9879138889 +0.0161409612 +0.2176941030 +0.8198863955 -0.1269928201
+4.9000000000 +0.1991041667 +0.0008173007 +0.0026333333 +0.0012879708 +0.0663616898 +0.0005130503 +0.0149326979 +0.0002442415 -1.7857388889 +0.0034930869 +3.6769296296 +0.0148845088 +0.1963044781 +0.7317944612 -0.1302698748
+5.0000000000 +0.1936416667 +0.0007868857 +0.0016875000 +0.0012476159 +0.0622646605 +0.0004753257 +0.0129142697 +0.0002109907 -1.7187888889 +0.0033727482 +3.4092524691 +0.0137446432 +0.1783264711 +0.6552248034 -0.1103639421
