# T, am1a, am1e, m1a, m1e, m2a, m2e, m4a, m4e, e1a, e1e, e2a, e2e, susc, spec, bind
+3.0000000000 +0.4760205000 +0.0023949519 -0.0314445000 +0.0033728273 +0.4560273050 +0.0023490585 +0.4286839296 +0.0022300856 -5.6609570000 +0.0013117672 +32.1152634800 +0.0145511349 +7.6477262860 +0.7647702685 +0.3128773668
+3.1000000000 +0.4702065000 +0.0023675545 -0.0320270000 +0.0033327203 +0.4453067200 +0.0023087974 +0.4115198845 +0.0021632388 -5.5767900000 +0.0015037142 +31.1910329600 +0.0163949800 +7.2326634632 +0.9411681157 +0.3082469665
+3.2000000000 +0.4647747500 +0.0023325226 -0.0302702500 +0.0032890947 +0.4336420425 +0.0022569963 +0.3918067154 +0.0020800337 -5.4704510000 +0.0017355873 +30.0463246800 +0.0184906535 +6.8008273207 +1.1766653966 +0.3054750403
+3.3000000000 +0.4579962500 +0.0022878988 -0.0269557500 +0.0032342433 +0.4191397975 +0.0021931808 +0.3680798502 +0.0019837744 -5.3383000000 +0.0020273223 +28.6618483200 +0.0209778514 +6.3448252268 +1.5096550047 +0.3016019947
+3.4000000000 +0.4490895000 +0.0022270402 -0.0306800000 +0.0031588306 +0.4000697050 +0.0021094015 +0.3380387607 +0.0018634167 -5.1683310000 +0.0024001795 +26.9420798000 +0.0238403421 +5.8349507644 +1.9933778067 +0.2959979657
+3.5000000000 +0.4365185000 +0.0021360718 -0.0330015000 +0.0030494729 +0.3730605050 +0.0019951385 +0.2983972448 +0.0017127775 -4.9298160000 +0.0029492581 +24.6510107200 +0.0276400008 +5.2146315474 +2.8402034788 +0.2853144414
+3.6000000000 +0.4097897500 +0.0019920557 -0.0307097500 +0.0028535767 +0.3266590825 +0.0018295521 +0.2405965938 +0.0015148468 -4.5756150000 +0.0036907510 +21.4811183600 +0.0320297491 +4.4092067582 +4.2042108934 +0.2484138921
+3.7000000000 +0.3612165000 +0.0017748474 -0.0233265000 +0.0025295086 +0.2564806850 +0.0015897542 +0.1668750845 +0.0012485144 -4.0934800000 +0.0043032812 +17.4973076800 +0.0343661359 +3.4054952737 +5.4107316991 +0.1544079053
+3.8000000000 +0.3050572500 +0.0014940495 -0.0157107500 +0.0021336615 +0.1823472875 +0.0012804442 +0.0988320304 +0.0009316006 -3.5343900000 +0.0043732550 +13.2569270400 +0.0320188015 +2.3496674137 +5.2978834342 +0.0092185924
+3.9000000000 +0.2539932500 +0.0012123931 -0.0092337500 +0.0017551580 +0.1233084525 +0.0009577401 +0.0518956190 +0.0006191331 -3.0611020000 +0.0038663308 +9.9682860000 +0.0257725111 +1.5075867040 +3.9312330414 -0.1376894913
+4.0000000000 +0.2177475000 +0.0009998758 -0.0067685000 +0.0014778213 +0.0874040400 +0.0007158576 +0.0281375478 +0.0004070063 -2.7426430000 +0.0032679944 +7.9492821200 +0.0199269333 +0.9997516561 +2.6699468409 -0.2277274801
+4.1000000000 +0.1923182500 +0.0008454931 -0.0049252500 +0.0012801991 +0.0655806525 +0.0005423136 +0.0160649841 +0.0002640204 -2.5134580000 +0.0028342555 +6.6387912800 +0.0157097710 +0.6974230053 +1.9114822263 -0.2451095941
+4.2000000000 +0.1733562500 +0.0007389721 -0.0039902500 +0.0011388553 +0.0518955775 +0.0004236508 +0.0098723507 +0.0001736541 -2.3501330000 +0.0025207386 +5.7772900400 +0.0128462754 +0.5200759068 +1.4408442308 -0.2219083198
+4.3000000000 +0.1594487500 +0.0006644196 -0.0029397500 +0.0010377066 +0.0430820375 +0.0003474245 +0.0066842146 +0.0001212041 -2.2179430000 +0.0023423177 +5.1387292400 +0.0111405799 +0.4106542703 +1.1869015076 -0.2004295022
+4.4000000000 +0.1494770000 +0.0006102180 -0.0016720000 +0.0009648215 +0.0372380150 +0.0002952427 +0.0048733994 +0.0000908724 -2.1100410000 +0.0022226523 +4.6498803600 +0.0099617323 +0.3385145789 +1.0206990616 -0.1714876156
+4.5000000000 +0.1415492500 +0.0005669568 -0.0017007500 +0.0009067924 +0.0328937925 +0.0002558982 +0.0037013563 +0.0000692215 -2.0142370000 +0.0021115690 +4.2354996400 +0.0089489749 +0.2857244961 +0.8807355448 -0.1402806186
+4.6000000000 +0.1357690000 +0.0005383871 -0.0004970000 +0.0008664208 +0.0300276500 +0.0002311661 +0.0030391705 +0.0000563495 -1.9343780000 +0.0020410080 +3.9084468000 +0.0082869480 +0.2520527965 +0.7874695327 -0.1235466775
+4.7000000000 +0.1304705000 +0.0005098278 -0.0002350000 +0.0008279413 +0.0274195250 +0.0002072583 +0.0024700705 +0.0000460061 -1.8607280000 +0.0019818655 +3.6194203200 +0.0077119752 +0.2212122049 +0.7112341784 -0.0951364491
+4.8000000000 +0.1245367500 +0.0004866077 +0.0000847500 +0.0007902670 +0.0249808825 +0.0001869367 +0.0020218577 +0.0000368774 -1.7911610000 +0.0019186088 +3.3555001200 +0.0071714516 +0.1973225083 +0.6390728823 -0.0799752155
+4.9000000000 +0.1208170000 +0.0004699134 -0.0000155000 +0.0007653347 +0.0234294900 +0.0001734887 +0.0017528746 +0.0000309947 -1.7268740000 +0.0018778495 +3.1231465600 +0.0067573062 +0.1802600512 +0.5874750026 -0.0643977044
+5.0000000000 +0.1178500000 +0.0004554750 +0.0004605000 +0.0007447602 +0.0221869200 +0.0001631760 +0.0015573157 +0.0000264460 -1.6753980000 +0.0018351835 +2.9416744000 +0.0063746699 +0.1659659500 +0.5388637664 -0.0545359212
