# T, am1a, am1e, m1a, m1e, m2a, m2e, m4a, m4e, e1a, e1e, e2a, e2e, susc, spec, bind
+3.0000000000 +0.5002152778 +0.0023957819 -0.0699697917 +0.0034456871 +0.4798061560 +0.0023441170 +0.4500093286 +0.0022155599 -5.6578041667 +0.0011040278 +32.0595030864 +0.0123059454 +11.0203599282 +0.7800815692 +0.3484186719
+3.1000000000 +0.4990414931 +0.0023680847 -0.0672359375 +0.0034235754 +0.4733554217 +0.0023013670 +0.4359169561 +0.0021430579 -5.5717215278 +0.0012589819 +31.1074821952 +0.0138119577 +10.4197011069 +0.9500315655 +0.3515032619
+3.2000000000 +0.4969250000 +0.0023333136 -0.0681329861 +0.0033914099 +0.4647085479 +0.0022479498 +0.4180851728 +0.0020554722 -5.4669194444 +0.0014401352 +29.9701677855 +0.0154579317 +9.7998341540 +1.1666190017 +0.3546695037
+3.3000000000 +0.4933996528 +0.0022880893 -0.0613406250 +0.0033507262 +0.4528573158 +0.0021812405 +0.3953921578 +0.0019526648 -5.3348937500 +0.0016898533 +28.5753154900 +0.0176263949 +9.1380697492 +1.5104021974 +0.3573359294
+3.4000000000 +0.4856364583 +0.0022255256 -0.0599833333 +0.0032801042 +0.4339613450 +0.0020926059 +0.3634824339 +0.0018231999 -5.1627576389 +0.0020005655 +26.8141569252 +0.0200920095 +8.3909043674 +1.9942067616 +0.3566310763
+3.5000000000 +0.4651619792 +0.0021324667 -0.0513039931 +0.0031449966 +0.3982722403 +0.0019696976 +0.3138091185 +0.0016579217 -4.9221625000 +0.0024742330 +24.4725568287 +0.0234194182 +7.4837447360 +2.8785088923 +0.3405464201
+3.6000000000 +0.4296385417 +0.0019839711 -0.0461142361 +0.0029150832 +0.3420349368 +0.0017949329 +0.2458592680 +0.0014449391 -4.5670361111 +0.0031605917 +21.2573924383 +0.0275948370 +6.2978264136 +4.4397066453 +0.2994737855
+3.7000000000 +0.3628343750 +0.0017258518 -0.0325729167 +0.0024986514 +0.2507913556 +0.0015135577 +0.1545305765 +0.0011380595 -4.0166222222 +0.0038441749 +16.7243613040 +0.0303906154 +4.6369000968 +6.2176362912 +0.1810299039
+3.8000000000 +0.2841661458 +0.0013630334 -0.0167335069 +0.0019671349 +0.1550648040 +0.0011170975 +0.0739613651 +0.0007510750 -3.3960152778 +0.0037189100 +12.0861314429 +0.0265538056 +2.8161248410 +5.5167923368 -0.0253147248
+3.9000000000 +0.2219967014 +0.0010324852 -0.0101296875 +0.0015150986 +0.0919235593 +0.0007483101 +0.0308486581 +0.0004279719 -2.9353180556 +0.0030342118 +8.9843497299 +0.0193948222 +1.5744378034 +3.4864628892 -0.2169181225
+4.0000000000 +0.1857465278 +0.0008211025 -0.0063479167 +0.0012392523 +0.0614701437 +0.0005128417 +0.0142988440 +0.0002397183 -2.6565500000 +0.0025074788 +7.3087559028 +0.0144364435 +0.9708613607 +2.2634820025 -0.2613953263
+4.1000000000 +0.1609277778 +0.0006862648 -0.0046750000 +0.0010572874 +0.0447361232 +0.0003716606 +0.0075265837 +0.0001395149 -2.4639125000 +0.0022017650 +6.2647755787 +0.0115835515 +0.6616404354 +1.6611035711 -0.2536027873
+4.2000000000 +0.1458043403 +0.0006031637 -0.0043043403 +0.0009459471 +0.0358111630 +0.0002904133 +0.0046560355 +0.0000893431 -2.3198166667 +0.0020043275 +5.5422425154 +0.0097554284 +0.4989345363 +1.3117808040 -0.2102028804
+4.3000000000 +0.1341427083 +0.0005394294 -0.0024184028 +0.0008606361 +0.0296336275 +0.0002337119 +0.0030630017 +0.0000600815 -2.1999659722 +0.0018684495 +4.9794944252 +0.0085309235 +0.3897832624 +1.0875477045 -0.1626696835
+4.4000000000 +0.1257170139 +0.0005008219 -0.0010677083 +0.0008036873 +0.0258376688 +0.0002008432 +0.0022811053 +0.0000449870 -2.0971791667 +0.0017916780 +4.5265648534 +0.0077727159 +0.3283494941 +0.9550740220 -0.1389834872
+4.5000000000 +0.1184019097 +0.0004666455 -0.0014425347 +0.0007537780 +0.0227293318 +0.0001727931 +0.0017109201 +0.0000325130 -2.0092458333 +0.0017164302 +4.1549141204 +0.0071030472 +0.2787302276 +0.8380110336 -0.1039137285
+4.6000000000 +0.1130887153 +0.0004406319 -0.0017064236 +0.0007168055 +0.0205553156 +0.0001528809 +0.0013574234 +0.0000238444 -1.9279854167 +0.0016813533 +3.8302057292 +0.0066831304 +0.2431176452 +0.7695286658 -0.0708922520
+4.7000000000 +0.1079295139 +0.0004183842 -0.0016090278 +0.0006827885 +0.0186505932 +0.0001389317 +0.0011199258 +0.0000198148 -1.8542451389 +0.0016235061 +3.5436559221 +0.0061833275 +0.2145236386 +0.6872814724 -0.0732050048
+4.8000000000 +0.1039378472 +0.0004015170 -0.0016493056 +0.0006566771 +0.0172517120 +0.0001270531 +0.0009433217 +0.0000167330 -1.7880354167 +0.0015815119 +3.2971178434 +0.0058057498 +0.1934590774 +0.6252949507 -0.0565113304
+4.9000000000 +0.1002713542 +0.0003858588 -0.0015689236 +0.0006326010 +0.0160098247 +0.0001167153 +0.0008012125 +0.0000134380 -1.7272263889 +0.0015564125 +3.0802077932 +0.0055213545 +0.1750181946 +0.5811386273 -0.0419654489
+5.0000000000 +0.0973942708 +0.0003752135 +0.0000536458 +0.0006147570 +0.0151170513 +0.0001108319 +0.0007198734 +0.0000128542 -1.6751013889 +0.0015365063 +2.9003987269 +0.0052875131 +0.1621845294 +0.5439402075 -0.0500275546
