# T, am1a, am1e, m1a, m1e, m2a, m2e, m4a, m4e, e1a, e1e, e2a, e2e, susc, spec, bind
+3.0000000000 +0.5717946181 +0.0023626931 -0.0084776042 +0.0037086721 +0.5502418342 +0.0023149897 +0.5171331628 +0.0021951313 -5.6639638889 +0.0011129398 +32.1300323302 +0.0124116741 +10.7180519526 +0.7927263299 +0.4306570832
+3.1000000000 +0.5610343750 +0.0023407592 -0.0083659722 +0.0036532716 +0.5339257186 +0.0022780502 +0.4926571844 +0.0021284084 -5.5757083333 +0.0012666735 +31.1527018904 +0.0139018381 +10.1806210974 +0.9616753354 +0.4239477409
+3.2000000000 +0.5532442708 +0.0023080266 -0.0084401042 +0.0036023862 +0.5191586866 +0.0022261132 +0.4677489356 +0.0020425898 -5.4686895833 +0.0014549183 +29.9912372492 +0.0156246459 +9.5885758518 +1.1906928334 +0.4215160645
+3.3000000000 +0.5449107639 +0.0022634975 -0.0081277778 +0.0035418869 +0.5018645785 +0.0021600659 +0.4385034358 +0.0019398525 -5.3359361111 +0.0016827716 +28.5854829861 +0.0175771068 +8.9426983815 +1.4977693124 +0.4196651423
+3.4000000000 +0.5321368056 +0.0022015920 -0.0057190972 +0.0034533215 +0.4770498698 +0.0020717984 +0.3992705299 +0.0018110151 -5.1593541667 +0.0019982557 +26.7786564429 +0.0200646113 +8.2114005162 +1.9896044737 +0.4151850878
+3.5000000000 +0.5103437500 +0.0021148935 -0.0088024306 +0.0033139261 +0.4393617188 +0.0019571982 +0.3462637132 +0.0016544719 -4.9226229167 +0.0024555746 +24.4734102431 +0.0232651450 +7.3609087098 +2.8352584755 +0.4020824537
+3.6000000000 +0.4692699653 +0.0019759860 -0.0052043403 +0.0030674421 +0.3763951304 +0.0017957222 +0.2706580184 +0.0014543335 -4.5588451389 +0.0031552285 +21.1812876736 +0.0275358364 +6.2472332055 +4.4246519249 +0.3631873957
+3.7000000000 +0.3922772569 +0.0017412924 -0.0017980903 +0.0026227952 +0.2751654140 +0.0015359610 +0.1700830589 +0.0011592434 -4.0227583333 +0.0037930664 +16.7580787037 +0.0300216157 +4.7202409050 +6.0534075766 +0.2512236626
+3.8000000000 +0.3023381944 +0.0014059199 -0.0016763889 +0.0020644007 +0.1704728178 +0.0011630230 +0.0831658772 +0.0007860172 -3.4217993056 +0.0037298201 +12.2651728202 +0.0266713674 +2.9961259194 +5.5492088581 +0.0460763014
+3.9000000000 +0.2325878472 +0.0010744671 -0.0016052083 +0.0015833012 +0.1002762876 +0.0007906528 +0.0350606062 +0.0004549010 -2.9524090278 +0.0030874252 +9.0980068480 +0.0198206455 +1.7050774501 +3.6098251426 -0.1622556649
+4.0000000000 +0.1910828125 +0.0008453167 -0.0000727431 +0.0012756866 +0.0650950533 +0.0005388695 +0.0158525804 +0.0002567340 -2.6600958333 +0.0025349336 +7.3331453704 +0.0146011955 +1.0289668340 +2.3133197507 -0.2470467540
+4.1000000000 +0.1659756944 +0.0007023005 +0.0016732639 +0.0010871312 +0.0472769724 +0.0003870611 +0.0082277643 +0.0001495789 -2.4676458333 +0.0021964113 +6.2822448688 +0.0115460566 +0.6929224251 +1.6530352795 -0.2270472205
+4.2000000000 +0.1485394097 +0.0006139356 +0.0012998264 +0.0009635733 +0.0371406334 +0.0003004604 +0.0049904839 +0.0000962981 -2.3210208333 +0.0019999710 +5.5471330633 +0.0097491784 +0.5169146468 +1.3060845266 -0.2059319175
+4.3000000000 +0.1362715278 +0.0005491568 +0.0018385417 +0.0008750640 +0.0306328583 +0.0002428414 +0.0032972501 +0.0000659167 -2.2032097222 +0.0018856696 +4.9963630787 +0.0086423154 +0.4039678559 +1.1076863061 -0.1712661554
+4.4000000000 +0.1265607639 +0.0005072299 +0.0013784722 +0.0008109719 +0.0263089144 +0.0002051453 +0.0023755435 +0.0000464848 -2.1006375000 +0.0017909523 +4.5409783179 +0.0077838445 +0.3368057725 +0.9543005814 -0.1440259294
+4.5000000000 +0.1195057292 +0.0004704836 +0.0015005208 +0.0007604860 +0.0231358109 +0.0001757676 +0.0017710353 +0.0000332353 -2.0073104167 +0.0017327365 +4.1493901427 +0.0071741741 +0.2833341314 +0.8540091299 -0.1029009188
+4.6000000000 +0.1135465278 +0.0004427209 +0.0021371528 +0.0007198666 +0.0207328848 +0.0001553811 +0.0013955845 +0.0000250921 -1.9312701389 +0.0016761587 +3.8421846644 +0.0066573066 +0.2454283054 +0.7647809716 -0.0822196329
+4.7000000000 +0.1087156250 +0.0004228828 +0.0016795139 +0.0006886483 +0.0189722801 +0.0001404449 +0.0011489382 +0.0000202153 -1.8564270833 +0.0016335677 +3.5530632523 +0.0062280047 +0.2191616571 +0.6958266214 -0.0639870637
+4.8000000000 +0.1040190972 +0.0004021294 +0.0016409722 +0.0006573736 +0.0172882933 +0.0001269457 +0.0009434931 +0.0000163866 -1.7879340278 +0.0015919063 +3.2980747106 +0.0058465610 +0.1940496216 +0.6335413935 -0.0522361419
+4.9000000000 +0.1006138889 +0.0003882891 +0.0010763889 +0.0006354670 +0.0161538918 +0.0001187565 +0.0008250721 +0.0000146466 -1.7303826389 +0.0015587694 +3.0914145640 +0.0055391198 +0.1772298263 +0.5829000474 -0.0539409960
+5.0000000000 +0.0977796875 +0.0003776480 +0.0014897569 +0.0006177250 +0.0152655876 +0.0001121499 +0.0007361422 +0.0000129196 -1.6725375000 +0.0015305699 +2.8910874614 +0.0052664445 +0.1642959457 +0.5397452497 -0.0529637529
