# T, am1a, am1e, m1a, m1e, m2a, m2e, m4a, m4e, e1a, e1e, e2a, e2e, susc, spec, bind
+3.0000000000 +0.4535460000 +0.0023897369 +0.0374725000 +0.0032891241 +0.4341376800 +0.0023439386 +0.4082374553 +0.0022244821 -5.6618330000 +0.0013139871 +32.1254154000 +0.0145680528 +7.6144568628 +0.7673608903 +0.2780009414
+3.1000000000 +0.4494915000 +0.0023618435 +0.0366885000 +0.0032551066 +0.4251747950 +0.0023024631 +0.3928270600 +0.0021551891 -5.5758330000 +0.0014970738 +31.1795628400 +0.0163229217 +7.1978124654 +0.9328740492 +0.2756555782
+3.2000000000 +0.4423820000 +0.0023260640 +0.0363160000 +0.0032047072 +0.4121247900 +0.0022500061 +0.3723479486 +0.0020714007 -5.4688830000 +0.0017366592 +30.0293206800 +0.0184929175 +6.7632173774 +1.1781192610 +0.2692476291
+3.3000000000 +0.4349320000 +0.0022809404 +0.0384955000 +0.0031455981 +0.3972734050 +0.0021860847 +0.3489848023 +0.0019745949 -5.3396780000 +0.0020158808 +28.6747121600 +0.0208518604 +6.3062897084 +1.4926631435 +0.2629341759
+3.4000000000 +0.4252950000 +0.0022193542 +0.0367415000 +0.0030681722 +0.3778971650 +0.0021009358 +0.3193635111 +0.0018514163 -5.1687170000 +0.0023919041 +26.9444836400 +0.0237498242 +5.7947449404 +1.9796558298 +0.2545529989
+3.5000000000 +0.4109752500 +0.0021294484 +0.0328072500 +0.0029546842 +0.3502826675 +0.0019860143 +0.2804680556 +0.0017000704 -4.9335590000 +0.0029289628 +24.6831573200 +0.0274482211 +5.1823431825 +2.8012482737 +0.2380528442
+3.6000000000 +0.3861555000 +0.0019871402 +0.0285265000 +0.0027669991 +0.3070651150 +0.0018189245 +0.2266284369 +0.0015001339 -4.5959260000 +0.0036303178 +21.6497040800 +0.0316445855 +4.3874734672 +4.0676565010 +0.1988161456
+3.7000000000 +0.3493065000 +0.0017717302 +0.0208500000 +0.0024856660 +0.2475761500 +0.0015766018 +0.1607208735 +0.0012298893 -4.1117390000 +0.0042842620 +17.6405936400 +0.0343275143 +3.3935437583 +5.3630097581 +0.1259557514
+3.8000000000 +0.3015665000 +0.0014981854 +0.0154495000 +0.0021241824 +0.1807247300 +0.0012778343 +0.0979758487 +0.0009249802 -3.5618960000 +0.0043899248 +13.4579607200 +0.0322255072 +2.3626941073 +5.3383490664 +0.0000860893
+3.9000000000 +0.2542747500 +0.0012211959 +0.0059087500 +0.0017626224 +0.1243084275 +0.0009684919 +0.0529716494 +0.0006331595 -3.0846250000 +0.0039230246 +10.1305162800 +0.0263661817 +1.5295584362 +4.0473694239 -0.1426707118
+4.0000000000 +0.2179215000 +0.0010023488 +0.0021000000 +0.0014804855 +0.0876779050 +0.0007207736 +0.0284679980 +0.0004138917 -2.7536250000 +0.0033360220 +8.0276123600 +0.0203955663 +1.0047031209 +2.7822607461 -0.2343983816
+4.1000000000 +0.1918650000 +0.0008442547 +0.0004765000 +0.0012779142 +0.0653228150 +0.0005435942 +0.0160868558 +0.0002703643 -2.5221910000 +0.0028604320 +6.6887302800 +0.0159468107 +0.6953813848 +1.9469532393 -0.2566667675
+4.2000000000 +0.1733447500 +0.0007358518 -0.0014127500 +0.0011369424 +0.0517075175 +0.0004234596 +0.0098463871 +0.0001769966 -2.3541660000 +0.0025756229 +5.8074508800 +0.0132346459 +0.5156932178 +1.5042705467 -0.2275756826
+4.3000000000 +0.1604537500 +0.0006632956 -0.0012767500 +0.0010409397 +0.0433438475 +0.0003468020 +0.0066895549 +0.0001229108 -2.2213560000 +0.0023501251 +5.1553460000 +0.0112051452 +0.4092660840 +1.1948270485 -0.1869189068
+4.4000000000 +0.1507735000 +0.0006133190 -0.0009720000 +0.0009718296 +0.0377790550 +0.0002984790 +0.0049908460 +0.0000926676 -2.1089850000 +0.0022245723 +4.6457666000 +0.0099616038 +0.3419637886 +1.0224631703 -0.1656032121
+4.5000000000 +0.1426905000 +0.0005692321 -0.0013365000 +0.0009126856 +0.0333215850 +0.0002557327 +0.0037262966 +0.0000660777 -2.0181730000 +0.0021064521 +4.2505078800 +0.0089430290 +0.2880223602 +0.8764722078 -0.1186774092
+4.6000000000 +0.1359685000 +0.0005363212 -0.0006845000 +0.0008659183 +0.0299930500 +0.0002272169 +0.0029646847 +0.0000531357 -1.9358640000 +0.0020301227 +3.9124253600 +0.0082385497 +0.2501221089 +0.7790923133 -0.0985402995
+4.7000000000 +0.1296232500 +0.0005075584 -0.0010932500 +0.0008231891 +0.0271068075 +0.0002041623 +0.0024020681 +0.0000435424 -1.8575570000 +0.0019681638 +3.6054647600 +0.0076318549 +0.2192472459 +0.7014339147 -0.0897009131
+4.8000000000 +0.1245262500 +0.0004868917 -0.0022457500 +0.0007903209 +0.0249893275 +0.0001870264 +0.0020236219 +0.0000359652 -1.7904290000 +0.0019301738 +3.3546588400 +0.0072134473 +0.1975529284 +0.6468005033 -0.0801870630
+4.9000000000 +0.1202782500 +0.0004665019 -0.0013427500 +0.0007610850 +0.0231718175 +0.0001708911 +0.0017050844 +0.0000298057 -1.7295270000 +0.0018901841 +3.1341754800 +0.0068050447 +0.1776522465 +0.5952179770 -0.0585330726
+5.0000000000 +0.1167805000 +0.0004517965 -0.0016215000 +0.0007382388 +0.0218024900 +0.0001613172 +0.0015162781 +0.0000273237 -1.6719230000 +0.0018378879 +2.9304398000 +0.0063971339 +0.1632960964 +0.5404531283 -0.0632745155
