# T, am1a, am1e, m1a, m1e, m2a, m2e, m4a, m4e, e1a, e1e, e2a, e2e, susc, spec, bind
+3.0000000000 +0.5048085000 +0.0023948764 -0.0219155000 +0.0034776740 +0.4842489450 +0.0023494681 +0.4552970528 +0.0022323764 -5.6631480000 +0.0013233867 +32.1412993600 +0.0146705325 +7.6472441109 +0.7783787790 +0.3528034136
+3.1000000000 +0.5004812500 +0.0023678820 -0.0237827500 +0.0034430744 +0.4747560825 +0.0023089548 +0.4386442225 +0.0021650777 -5.5788910000 +0.0015092347 +31.2151363600 +0.0164536119 +7.2346645451 +0.9480912605 +0.3512907603
+3.2000000000 +0.4954975000 +0.0023324378 -0.0241770000 +0.0034005290 +0.4631284200 +0.0022572969 +0.4183034995 +0.0020834728 -5.4728880000 +0.0017327595 +30.0726012800 +0.0184790112 +6.8003327342 +1.1728341745 +0.3499191418
+3.3000000000 +0.4900832500 +0.0022853374 -0.0265272500 +0.0033480911 +0.4490922675 +0.0021906264 +0.3936376264 +0.0019825617 -5.3362840000 +0.0020256946 +28.6400644800 +0.0209650653 +6.3306265324 +1.5072318766 +0.3494147768
+3.4000000000 +0.4778402500 +0.0022239158 -0.0245222500 +0.0032617557 +0.4261633575 +0.0021073753 +0.3592564380 +0.0018642992 -5.1596410000 +0.0024267896 +26.8574675600 +0.0240713640 +5.8185897935 +2.0378227606 +0.3406270995
+3.5000000000 +0.4625420000 +0.0021332649 -0.0212350000 +0.0031445467 +0.3959778750 +0.0019931221 +0.3156999039 +0.0017132244 -4.9172310000 +0.0029594630 +24.5294975600 +0.0276597628 +5.2009363782 +2.8598926747 +0.3288627352
+3.6000000000 +0.4324660000 +0.0019992089 -0.0178835000 +0.0029435543 +0.3469002850 +0.0018395614 +0.2556992604 +0.0015273973 -4.5811260000 +0.0036437558 +21.5177936800 +0.0316674800 +4.4409289957 +4.0978260195 +0.2917299070
+3.7000000000 +0.3836537500 +0.0017989147 -0.0145072500 +0.0026287997 +0.2766339675 +0.0016185484 +0.1813143055 +0.0012777406 -4.1069070000 +0.0042959073 +17.6048778800 +0.0343338227 +3.4984802057 +5.3922043342 +0.2102315049
+3.8000000000 +0.3202315000 +0.0015252317 -0.0061485000 +0.0022111291 +0.1956014850 +0.0013161654 +0.1075515935 +0.0009641553 -3.5508750000 +0.0043826624 +13.3770224400 +0.0321539834 +2.4487703002 +5.3207006536 +0.0629747381
+3.9000000000 +0.2614172500 +0.0012351598 -0.0057002500 +0.0017981329 +0.1293637725 +0.0009845701 +0.0555101150 +0.0006437163 -3.0767190000 +0.0038921359 +10.0721486800 +0.0261166811 +1.5647383052 +3.9838847800 -0.1056700052
+4.0000000000 +0.2196405000 +0.0010085660 -0.0021850000 +0.0014910180 +0.0889301650 +0.0007272787 +0.0290659459 +0.0004178370 -2.7422420000 +0.0033054918 +7.9569422400 +0.0201818505 +1.0172053940 +2.7315690840 -0.2250815788
+4.1000000000 +0.1935390000 +0.0008521092 -0.0000060000 +0.0012893889 +0.0665009500 +0.0005536987 +0.0166856674 +0.0002803751 -2.5139470000 +0.0028368040 +6.6418278000 +0.0157997962 +0.7083806214 +1.9149213634 -0.2576697911
+4.2000000000 +0.1749845000 +0.0007406799 +0.0006995000 +0.0011463350 +0.0525638450 +0.0004291702 +0.0101304396 +0.0001793851 -2.3453870000 +0.0025312836 +5.7571360400 +0.0128727651 +0.5224826133 +1.4529243777 -0.2221732861
+4.3000000000 +0.1603607500 +0.0006649523 +0.0004597500 +0.0010416552 +0.0434020325 +0.0003502330 +0.0067902616 +0.0001257141 -2.2146520000 +0.0023313003 +5.1220819200 +0.0110229328 +0.4113130781 +1.1757622439 -0.2015590383
+4.4000000000 +0.1504660000 +0.0006138224 -0.0002950000 +0.0009709666 +0.0377111350 +0.0002991810 +0.0050025007 +0.0000941819 -2.1085940000 +0.0022116658 +4.6418272800 +0.0098916767 +0.3425254055 +1.0106333841 -0.1725373694
+4.5000000000 +0.1427757500 +0.0005711640 -0.0004792500 +0.0009142458 +0.0334340475 +0.0002588718 +0.0037984206 +0.0000718764 -2.0184310000 +0.0021078715 +4.2517886000 +0.0089674133 +0.2899807269 +0.8776538185 -0.1326712900
+4.6000000000 +0.1358520000 +0.0005381041 +0.0003955000 +0.0008665715 +0.0300380050 +0.0002288161 +0.0029965546 +0.0000537810 -1.9362800000 +0.0020355132 +3.9149128000 +0.0082531546 +0.2517878064 +0.7832351682 -0.1070284055
+4.7000000000 +0.1305030000 +0.0005102832 -0.0000615000 +0.0008283506 +0.0274465900 +0.0002061921 +0.0024539218 +0.0000447584 -1.8590440000 +0.0019651390 +3.6105154400 +0.0076302462 +0.2216075956 +0.6992795204 -0.0858321018
+4.8000000000 +0.1253562500 +0.0004889132 +0.0005657500 +0.0007949106 +0.0252756325 +0.0001888379 +0.0020652484 +0.0000377308 -1.7883160000 +0.0019247366 +3.3462585600 +0.0071736562 +0.1991967310 +0.6431616499 -0.0775736752
+4.9000000000 +0.1209012500 +0.0004694437 +0.0003842500 +0.0007653767 +0.0234322075 +0.0001736546 +0.0017553056 +0.0000311420 -1.7308970000 +0.0018735502 +3.1364120400 +0.0067522939 +0.1798999030 +0.5847880691 -0.0656266371
+5.0000000000 +0.1169027500 +0.0004525938 +0.0009932500 +0.0007392380 +0.0218598975 +0.0001612546 +0.0015179766 +0.0000267140 -1.6761500000 +0.0018419000 +2.9451826400 +0.0064165187 +0.1638728908 +0.5428152700 -0.0588820511
