# T, am1a, am1e, m1a, m1e, m2a, m2e, m4a, m4e, e1a, e1e, e2a, e2e, susc, spec, bind
+3.0000000000 +0.4817195000 +0.0023947458 +0.0199355000 +0.0033950278 +0.4614459700 +0.0023479245 +0.4334423587 +0.0022281071 -5.6597450000 +0.0013260062 +32.1030451600 +0.0146970468 +7.6464097773 +0.7814632777 +0.3214710509
+3.1000000000 +0.4792655000 +0.0023674621 +0.0217105000 +0.0033668203 +0.4538904900 +0.0023082062 +0.4191292126 +0.0021621800 -5.5742430000 +0.0015178292 +31.1643372400 +0.0165372331 +7.2320990487 +0.9589200517 +0.3218519615
+3.2000000000 +0.4777225000 +0.0023322318 +0.0238585000 +0.0033362470 +0.4457909900 +0.0022569266 +0.4024783188 +0.0020812853 -5.4680620000 +0.0017452430 +30.0215369600 +0.0185759864 +6.7991313436 +1.1897941814 +0.3249146828
+3.3000000000 +0.4736102500 +0.0022850174 +0.0214597500 +0.0032889905 +0.4331588575 +0.0021897972 +0.3794350671 +0.0019802228 -5.3290870000 +0.0020409240 +28.5657830800 +0.0210719174 +6.3288541998 +1.5299800408 +0.3259039043
+3.4000000000 +0.4641857500 +0.0022210944 +0.0190887500 +0.0032110530 +0.4127988275 +0.0021036399 +0.3474149097 +0.0018578694 -5.1527920000 +0.0024289938 +26.7872658400 +0.0240282926 +5.8038357940 +2.0415263386 +0.3204048233
+3.5000000000 +0.4480950000 +0.0021322683 +0.0177615000 +0.0030916677 +0.3826518450 +0.0019925514 +0.3052328717 +0.0017121323 -4.9134950000 +0.0029928016 +24.5007075600 +0.0278813421 +5.1960775993 +2.9246893468 +0.3051318200
+3.6000000000 +0.4178472500 +0.0019889608 +0.0130547500 +0.0028838537 +0.3328349225 +0.0018307724 +0.2448481885 +0.0015199473 -4.5523390000 +0.0037659649 +21.2910900400 +0.0324948281 +4.3955166158 +4.3773122614 +0.2632538683
+3.7000000000 +0.3686470000 +0.0017738926 +0.0110005000 +0.0025575740 +0.2617684050 +0.0015927677 +0.1699990560 +0.0012528462 -4.0613500000 +0.0043518594 +17.2521110400 +0.0346243342 +3.4018322808 +5.5335808437 +0.1730280072
+3.8000000000 +0.3099887500 +0.0014945577 +0.0054032500 +0.0021529743 +0.1854411325 +0.0012834320 +0.1002763205 +0.0009343626 -3.5124170000 +0.0043580545 +13.0967787600 +0.0318114292 +2.3512659835 +5.2611189620 +0.0280028457
+3.9000000000 +0.2559250000 +0.0012134914 +0.0028360000 +0.0017634626 +0.1244000600 +0.0009625329 +0.0525341574 +0.0006274414 -3.0538610000 +0.0038370689 +9.9149909200 +0.0255995845 +1.5103193429 +3.8719520886 -0.1315645587
+4.0000000000 +0.2173357500 +0.0009922835 +0.0008407500 +0.0014715569 +0.0866198925 +0.0007070672 +0.0275007662 +0.0003994443 -2.7300740000 +0.0032398211 +7.8731616800 +0.0196115286 +0.9846266068 +2.6241102158 -0.2217666297
+4.1000000000 +0.1911182500 +0.0008406571 +0.0007742500 +0.0012727310 +0.0647943625 +0.0005384216 +0.0157942213 +0.0002631958 -2.5111900000 +0.0028191753 +6.6239852000 +0.0155614839 +0.6894677321 +1.8911956211 -0.2540143912
+4.2000000000 +0.1735902500 +0.0007383035 -0.0012317500 +0.0011394707 +0.0519372575 +0.0004248533 +0.0099174901 +0.0001745478 -2.3472510000 +0.0025254159 +5.7646962800 +0.0128843854 +0.5191353001 +1.4461962755 -0.2255259015
+4.3000000000 +0.1607100000 +0.0006646248 -0.0001550000 +0.0010427934 +0.0434967500 +0.0003498714 +0.0067883677 +0.0001271156 -2.2167640000 +0.0023412386 +5.1332985600 +0.0111613892 +0.4109080442 +1.1858081574 -0.1959980999
+4.4000000000 +0.1513660000 +0.0006136621 -0.0009635000 +0.0009743458 +0.0379749150 +0.0003006071 +0.0050566787 +0.0000980539 -2.1077990000 +0.0022117055 +4.6384822800 +0.0099504544 +0.3423465692 +1.0106697087 -0.1688276643
+4.5000000000 +0.1429210000 +0.0005740224 -0.0018405000 +0.0009165573 +0.0336064800 +0.0002615641 +0.0038660273 +0.0000746923 -2.0180390000 +0.0021076745 +4.2501730800 +0.0089711944 +0.2928903946 +0.8774897505 -0.1410314361
+4.6000000000 +0.1357410000 +0.0005383624 -0.0021390000 +0.0008662333 +0.0300189800 +0.0002302049 +0.0030209108 +0.0000572850 -1.9327310000 +0.0020249753 +3.8994701200 +0.0081986690 +0.2520295852 +0.7751465106 -0.1174414609
+4.7000000000 +0.1300962500 +0.0005121702 -0.0014317500 +0.0008278846 +0.0274177675 +0.0002073325 +0.0024712050 +0.0000453201 -1.8602880000 +0.0019710997 +3.6160808000 +0.0076671482 +0.2232496433 +0.7035280989 -0.0957799372
+4.8000000000 +0.1242950000 +0.0004855832 -0.0014555000 +0.0007886503 +0.0248808900 +0.0001856593 +0.0019978341 +0.0000366619 -1.7901930000 +0.0019253354 +3.3530676400 +0.0071905816 +0.1964925620 +0.6435619043 -0.0757375670
+4.9000000000 +0.1199715000 +0.0004681688 -0.0010530000 +0.0007609095 +0.0231604400 +0.0001725539 +0.0017273994 +0.0000310463 -1.7273900000 +0.0018718378 +3.1240272800 +0.0067374655 +0.1789240651 +0.5837195664 -0.0734403308
+5.0000000000 +0.1167680000 +0.0004525936 -0.0011420000 +0.0007386999 +0.0218284050 +0.0001614060 +0.0015185549 +0.0000277259 -1.6717800000 +0.0018351678 +2.9295620000 +0.0063741102 +0.1638727835 +0.5388545264 -0.0623441960
