# T, am1a, am1e, m1a, m1e, m2a, m2e, m4a, m4e, e1a, e1e, e2a, e2e, susc, spec, bind
+3.0000000000 +0.5202058594 +0.0023891668 -0.0069082031 +0.0035316113 +0.4989388611 +0.0023514615 +0.4701148320 +0.0022492192 -5.6588750000 +0.0016583400 +32.1328699219 +0.0181567045 +4.8709274657 +0.7822482222 +0.3705111589
+3.1000000000 +0.5158757812 +0.0023618385 -0.0109406250 +0.0034969249 +0.4892590576 +0.0023135667 +0.4534780562 +0.0021894132 -5.5741609375 +0.0018936215 +31.2147022461 +0.0203435982 +4.6065803548 +0.9552189066 +0.3685233843
+3.2000000000 +0.5094867187 +0.0023279977 -0.0095882813 +0.0034506076 +0.4763596436 +0.0022677806 +0.4326316705 +0.0021197082 -5.4664968750 +0.0021945333 +30.0752271484 +0.0229706914 +4.3356585394 +1.2039941503 +0.3644830612
+3.3000000000 +0.5019171875 +0.0022830522 -0.0087562500 +0.0033924080 +0.4604139526 +0.0022088905 +0.4071488990 +0.0020348049 -5.3344218750 +0.0025408263 +28.7142886719 +0.0257567958 +4.0435023424 +1.5176164931 +0.3597714197
+3.4000000000 +0.4898070313 +0.0022240165 -0.0092429688 +0.0033078523 +0.4377609009 +0.0021355029 +0.3740495097 +0.0019360559 -5.1575515625 +0.0030335408 +26.9684329102 +0.0294488414 +3.7242347862 +2.0378950329 +0.3493702818
+3.5000000000 +0.4744718750 +0.0021429119 -0.0108804688 +0.0031964356 +0.4088064087 +0.0020393765 +0.3334849331 +0.0018111646 -4.9255328125 +0.0035924571 +24.7771034180 +0.0331185728 +3.3587720873 +2.6970380066 +0.3348500364
+3.6000000000 +0.4462179688 +0.0020281673 -0.0077085938 +0.0030149194 +0.3636489746 +0.0019119564 +0.2784636656 +0.0016566939 -4.6004468750 +0.0043216735 +21.9111859375 +0.0372746727 +2.9251288706 +3.6892567299 +0.2980881953
+3.7000000000 +0.4080328125 +0.0018716657 -0.0008046875 +0.0027686433 +0.3066160767 +0.0017370560 +0.2147079635 +0.0014499646 -4.1898265625 +0.0048698289 +18.5032559570 +0.0392879265 +2.4237889831 +4.4346966636 +0.2387329133
+3.8000000000 +0.3625480469 +0.0016825825 +0.0004738281 +0.0024732783 +0.2446844421 +0.0015268358 +0.1531195776 +0.0012186495 -3.7371125000 +0.0051062149 +15.0089470703 +0.0385173755 +1.9072565195 +4.6224364882 +0.1474953528
+3.9000000000 +0.3145230469 +0.0014736198 +0.0030589844 +0.0021550963 +0.1857869568 +0.0012849438 +0.1005600159 +0.0009626980 -3.2983265625 +0.0049260994 +11.8496163086 +0.0346607697 +1.4254311347 +4.0842948406 +0.0288783493
+4.0000000000 +0.2743925781 +0.0012700482 +0.0022035156 +0.0018695409 +0.1398121887 +0.0010471327 +0.0634069258 +0.0007276405 -2.9372687500 +0.0044813866 +9.4308607422 +0.0292963257 +1.0323344286 +3.2132521298 -0.0812481413
+4.1000000000 +0.2433300781 +0.0010980187 +0.0001488281 +0.0016388663 +0.1074353333 +0.0008399424 +0.0397624835 +0.0005277005 -2.6571609375 +0.0039530625 +7.6855723633 +0.0238683052 +0.7527930744 +2.3797953238 -0.1483069069
+4.2000000000 +0.2206625000 +0.0009716328 -0.0006703125 +0.0014701556 +0.0864547485 +0.0006885794 +0.0264400891 +0.0003874539 -2.4531843750 +0.0035318532 +6.5170730469 +0.0197631459 +0.5754332896 +1.8102837882 -0.1791361523
+4.3000000000 +0.2025964844 +0.0008713173 -0.0017730469 +0.0013361320 +0.0714130920 +0.0005715690 +0.0181674730 +0.0002884268 -2.2858265625 +0.0032082077 +5.6367069336 +0.0165263431 +0.4519852139 +1.4250431057 -0.1874561839
+4.4000000000 +0.1886371094 +0.0007936863 -0.0015628906 +0.0012326702 +0.0607814758 +0.0004835599 +0.0130475932 +0.0002183044 -2.1559765625 +0.0029752836 +5.0023274414 +0.0143517576 +0.3665093352 +1.1705537301 -0.1772444991
+4.5000000000 +0.1782914063 +0.0007369963 -0.0022117188 +0.0011566058 +0.0535143677 +0.0004233785 +0.0100337631 +0.0001759612 -2.0475375000 +0.0027936825 +4.5045962891 +0.0126220661 +0.3089997103 +0.9866634277 -0.1678895976
+4.6000000000 +0.1682976563 +0.0006892871 -0.0017570312 +0.0010877234 +0.0473287720 +0.0003724565 +0.0077889665 +0.0001398872 -1.9556796875 +0.0026631339 +4.1083743164 +0.0114169936 +0.2644128122 +0.8580454482 -0.1590658403
+4.7000000000 +0.1612253906 +0.0006539300 -0.0015207031 +0.0010379823 +0.0430986023 +0.0003352453 +0.0063530647 +0.0001151862 -1.8744109375 +0.0025509637 +3.7737129883 +0.0104384175 +0.2329188182 +0.7541414234 -0.1400808434
+4.8000000000 +0.1558273438 +0.0006210742 -0.0014640625 +0.0009963602 +0.0397114868 +0.0003036996 +0.0052663409 +0.0000931510 -1.8042687500 +0.0024790796 +3.5012191406 +0.0096856120 +0.2057243434 +0.6828706067 -0.1131544243
+4.9000000000 +0.1506894531 +0.0005957072 -0.0001378906 +0.0009604944 +0.0369019958 +0.0002791103 +0.0044778595 +0.0000791480 -1.7383812500 +0.0023909802 +3.2506408203 +0.0089381100 +0.1853999617 +0.6095365597 -0.0960982932
+5.0000000000 +0.1459878906 +0.0005723691 +0.0009980469 +0.0009275737 +0.0344167175 +0.0002574152 +0.0038350148 +0.0000669254 -1.6735593750 +0.0023381527 +3.0194792969 +0.0083950667 +0.1677344425 +0.5598164870 -0.0792123342
