# T, am1a, am1e, m1a, m1e, m2a, m2e, m4a, m4e, e1a, e1e, e2a, e2e, susc, susce, spec, spece, bind, binde
+3.0000000000 +0.5011341797 +0.0052609936 +0.0031781641 +0.0066739580 +0.4802065314 +0.0051620701 +0.4523123921 +0.0048730582 -5.6603295312 +0.0004594965 +32.1483659082 +0.0050947745 +4.8809447420 +0.0024347730 +0.7753485831 +0.0024337137 +0.3453758707 +0.0074633369
+3.1000000000 +0.4971019531 +0.0052321237 +0.0030557812 +0.0067558350 +0.4709157837 +0.0051151464 +0.4363590262 +0.0047773043 -5.5745862500 +0.0002848557 +31.2191978906 +0.0030415801 +4.6148476018 +0.0025888418 +0.9535748296 +0.0035747679 +0.3432941844 +0.0075053041
+3.2000000000 +0.4918744141 +0.0048158023 +0.0029791797 +0.0065435569 +0.4591817206 +0.0046721847 +0.4167778748 +0.0042882741 -5.4668060937 +0.0004638074 +30.0772817285 +0.0049888641 +4.3401872372 +0.0020281200 +1.1956919418 +0.0040808807 +0.3404036207 +0.0070079382
+3.3000000000 +0.4849058984 +0.0045189033 +0.0032087891 +0.0063881857 +0.4440206122 +0.0043757695 +0.3923425078 +0.0039775667 -5.3328573437 +0.0010411437 +28.6979107910 +0.0100725808 +4.0471791898 +0.0032271930 +1.5193829344 +0.0063878963 +0.3360157387 +0.0067152759
+3.4000000000 +0.4749879687 +0.0041174635 +0.0028127344 +0.0061277311 +0.4237346692 +0.0039354892 +0.3617987666 +0.0034683675 -5.1577832813 +0.0017976306 +26.9670485840 +0.0173413623 +3.7261470809 +0.0037554231 +2.0168187841 +0.0079386339 +0.3277539431 +0.0063867654
+3.5000000000 +0.4594600391 +0.0037528318 +0.0020647266 +0.0055757702 +0.3948338861 +0.0034986711 +0.3218543012 +0.0029501270 -4.9256176562 +0.0020682548 +24.7793283691 +0.0185907251 +3.3570655295 +0.0036314169 +2.7040720812 +0.0104277024 +0.3112801871 +0.0061874539
+3.6000000000 +0.4349738672 +0.0033533616 +0.0024699609 +0.0048143850 +0.3539179437 +0.0030592011 +0.2710045354 +0.0024840602 -4.6113675000 +0.0028624814 +21.9968388281 +0.0248271323 +2.9262796133 +0.0052836577 +3.6150452843 +0.0114932163 +0.2783065561 +0.0062170987
+3.7000000000 +0.3993053125 +0.0026680732 +0.0028532812 +0.0035724722 +0.2997450830 +0.0024591300 +0.2103920852 +0.0019648739 -4.2031384375 +0.0036747731 +18.6163123242 +0.0305187789 +2.4255855441 +0.0075667355 +4.4402842827 +0.0136996004 +0.2190397884 +0.0058728852
+3.8000000000 +0.3557865625 +0.0021426285 +0.0019387500 +0.0024674626 +0.2393942444 +0.0018933546 +0.1496135873 +0.0014042934 -3.7442145313 +0.0037803510 +15.0658844238 +0.0285752448 +1.8991874991 +0.0074302798 +4.6386661818 +0.0099845070 +0.1294338024 +0.0059029380
+3.9000000000 +0.3109118750 +0.0015955045 +0.0019893750 +0.0013256717 +0.1828844714 +0.0013968941 +0.0985168074 +0.0009807606 -3.3060378125 +0.0042690108 +11.9011301758 +0.0297680402 +1.4144462946 +0.0071588589 +4.0859935877 +0.0082393454 +0.0179362523 +0.0054659729
+4.0000000000 +0.2724980469 +0.0010099972 +0.0019762500 +0.0008832942 +0.1386920557 +0.0008393048 +0.0626317010 +0.0005705030 -2.9398376562 +0.0033392335 +9.4472650098 +0.0230281841 +1.0308267067 +0.0052580441 +3.2180322394 +0.0148284749 -0.0853806603 +0.0042849732
+4.1000000000 +0.2423664844 +0.0008154067 +0.0015021094 +0.0005894686 +0.1073540161 +0.0006303107 +0.0400056401 +0.0003861989 -2.6590920313 +0.0028893391 +7.7068482129 +0.0189338362 +0.7587255334 +0.0042793317 +2.4213941204 +0.0142820002 -0.1570249149 +0.0043898761
+4.2000000000 +0.2195282031 +0.0005885556 +0.0014034375 +0.0005529475 +0.0860281616 +0.0003753035 +0.0264995580 +0.0002007419 -2.4483948438 +0.0017808226 +6.5015465918 +0.0107230718 +0.5764886198 +0.0022290152 +1.8390115831 +0.0099304376 -0.1934899699 +0.0040564098
+4.3000000000 +0.2021044531 +0.0004483161 +0.0009075781 +0.0006706433 +0.0712368115 +0.0002818833 +0.0182615470 +0.0001353991 -2.2848315625 +0.0017132253 +5.6363877930 +0.0094144985 +0.4522953180 +0.0018714181 +1.4395783150 +0.0066070040 -0.1994582164 +0.0043568085
+4.4000000000 +0.1886021875 +0.0003541700 +0.0006650000 +0.0005631407 +0.0608725586 +0.0001718722 +0.0132526456 +0.0000659552 -2.1553792187 +0.0010765076 +5.0012266699 +0.0051755586 +0.3680075505 +0.0011410192 +1.1753900979 +0.0037478371 -0.1921926933 +0.0042277057
+4.5000000000 +0.1777601563 +0.0003199220 +0.0001303906 +0.0005253638 +0.0533564868 +0.0001732118 +0.0100436278 +0.0000651580 -2.0479354687 +0.0011451083 +4.5088226660 +0.0049935727 +0.3094299046 +0.0012074870 +0.9948282283 +0.0026219307 -0.1758962399 +0.0036039068
+4.6000000000 +0.1688487891 +0.0003370430 +0.0002914453 +0.0004096090 +0.0475327264 +0.0001759219 +0.0078270782 +0.0000506945 -1.9553590625 +0.0007692255 +4.1062998047 +0.0028754932 +0.2646494176 +0.0009641957 +0.8555457824 +0.0022323794 -0.1547023738 +0.0023376965
+4.7000000000 +0.1615711719 +0.0003193692 +0.0002042188 +0.0003762422 +0.0430929248 +0.0001463363 +0.0063171595 +0.0000398168 -1.8744798437 +0.0008190804 +3.7742004590 +0.0031225120 +0.2313077278 +0.0007656155 +0.7547858845 +0.0012750178 -0.1338864204 +0.0032516907
+4.8000000000 +0.1554231250 +0.0002272691 +0.0001603906 +0.0002948230 +0.0395433398 +0.0001045030 +0.0052463084 +0.0000330939 -1.8033834375 +0.0008353680 +3.4959266211 +0.0038004390 +0.2051530073 +0.0005637327 +0.6770217224 +0.0024449090 -0.1182897065 +0.0037381865
+4.9000000000 +0.1501691016 +0.0002171579 +0.0001936328 +0.0003166583 +0.0367148419 +0.0000855328 +0.0044752657 +0.0000171736 -1.7385698438 +0.0006837358 +3.2532139746 +0.0026541384 +0.1849941065 +0.0003819610 +0.6146350969 +0.0015814984 -0.1066684541 +0.0025677083
+5.0000000000 +0.1454556641 +0.0002313392 +0.0000805078 +0.0002517824 +0.0342443329 +0.0000959996 +0.0038294783 +0.0000172927 -1.6771285938 +0.0008571370 +3.0311370801 +0.0028683463 +0.1675065280 +0.0004120382 +0.5590256980 +0.0007719563 -0.0885373932 +0.0026243509
