# T, am1a, am1e, m1a, m1e, m2a, m2e, m4a, m4e, e1a, e1e, e2a, e2e, susc, spec, bind
+3.0000000000 +0.4742395833 +0.0023930904 -0.0092381944 +0.0033685795 +0.4539784529 +0.0023636151 +0.4295634974 +0.0022828455 -5.6625055556 +0.0022054574 +32.2585308642 +0.0235205835 +2.7489032464 +0.7782467899 +0.3052386765
+3.1000000000 +0.4722125000 +0.0023654666 -0.0065472222 +0.0033420019 +0.4468019290 +0.0023293675 +0.4166700839 +0.0022317364 -5.5744583333 +0.0025154757 +31.3276904321 +0.0262910139 +2.5991684577 +0.9481550460 +0.3042695901
+3.2000000000 +0.4703618056 +0.0023311973 -0.0061743056 +0.0033112737 +0.4386194637 +0.0022867747 +0.4015605692 +0.0021719140 -5.4700000000 +0.0028967202 +30.2565395062 +0.0294830760 +2.4455164006 +1.1799826388 +0.3042487307
+3.3000000000 +0.4657506944 +0.0022890498 -0.0064187500 +0.0032652430 +0.4265136767 +0.0022367438 +0.3820348351 +0.0021033192 -5.3357361111 +0.0033498875 +28.9189496914 +0.0329419638 +2.2864360071 +1.4838672527 +0.2999713955
+3.4000000000 +0.4552319444 +0.0022327398 -0.0063152778 +0.0031882649 +0.4066412037 +0.0021725184 +0.3541505182 +0.0020215521 -5.1630500000 +0.0039248433 +27.2732611111 +0.0370378249 +2.1113479108 +1.9188866012 +0.2860893474
+3.5000000000 +0.4449361111 +0.0021627147 -0.0032861111 +0.0031026228 +0.3850615355 +0.0020931982 +0.3235315349 +0.0019234134 -4.9480888889 +0.0045228321 +25.3018240741 +0.0408896182 +1.9243891802 +2.4046249128 +0.2726639951
+3.6000000000 +0.4294229167 +0.0020719955 -0.0040548611 +0.0029837653 +0.3561306520 +0.0019945734 +0.2859619591 +0.0018053037 -4.6775500000 +0.0051340580 +22.9338160494 +0.0442392430 +1.7172661065 +2.9287279080 +0.2484319676
+3.7000000000 +0.4086208333 +0.0019624887 -0.0007125000 +0.0028329532 +0.3210254630 +0.0018754871 +0.2437554216 +0.0016652765 -4.3532333333 +0.0056877731 +20.2446709877 +0.0465201558 +1.4989084300 +3.4028560406 +0.2115864722
+3.8000000000 +0.3824541667 +0.0018346104 +0.0025694444 +0.0026499831 +0.2809030093 +0.0017325490 +0.1989755401 +0.0014997826 -3.9996888889 +0.0060576918 +17.4653364198 +0.0471250579 +1.2754593441 +3.6593980351 +0.1594459325
+3.9000000000 +0.3546222222 +0.0016984111 +0.0053916667 +0.0024551571 +0.2411409336 +0.0015758232 +0.1574776967 +0.0013227247 -3.6427277778 +0.0061736717 +14.7940345679 +0.0456841706 +1.0650831983 +3.6084471122 +0.0972740580
+4.0000000000 +0.3296694444 +0.0015621571 +0.0035680556 +0.0022709172 +0.2062953318 +0.0014173664 +0.1229148669 +0.0011499665 -3.3111361111 +0.0060970511 +12.4505836420 +0.0429823215 +0.8785205027 +3.3456629153 +0.0372703229
+4.1000000000 +0.3046375000 +0.0014251774 +0.0030680556 +0.0020859040 +0.1740492284 +0.0012539003 +0.0931837746 +0.0009704757 -2.9988666667 +0.0057884556 +10.3334500000 +0.0386589399 +0.7133726809 +2.8702530494 -0.0253563829
+4.2000000000 +0.2833722222 +0.0012978105 +0.0031958333 +0.0019213412 +0.1476722994 +0.0011003552 +0.0702383708 +0.0008094764 -2.7307444444 +0.0054098395 +8.6276197531 +0.0341378869 +0.5774784262 +2.3890908821 -0.0736311417
+4.3000000000 +0.2641423611 +0.0011920451 +0.0014534722 +0.0017791005 +0.1266100502 +0.0009724640 +0.0538575559 +0.0006815405 -2.5088583333 +0.0050190038 +7.3019861111 +0.0299221785 +0.4758602502 +1.9618266673 -0.1199252195
+4.4000000000 +0.2493861111 +0.0010940259 -0.0000958333 +0.0016588334 +0.1100691358 +0.0008499308 +0.0410105070 +0.0005547818 -2.3320444444 +0.0046160487 +6.2907475309 +0.0258492085 +0.3917103004 +1.5848855703 -0.1283472380
+4.5000000000 +0.2352173611 +0.0010213591 +0.0005993056 +0.0015576732 +0.0970541860 +0.0007562734 +0.0322974910 +0.0004607541 -2.1846722222 +0.0043045730 +5.5139666667 +0.0227189022 +0.3338158319 +1.3176425744 -0.1429283075
+4.6000000000 +0.2240104167 +0.0009573725 +0.0010187500 +0.0014734493 +0.0868431520 +0.0006778532 +0.0259211315 +0.0003905239 -2.0619027778 +0.0040684683 +4.9135404321 +0.0203352467 +0.2869237975 +1.1264416453 -0.1456752861
+4.7000000000 +0.2138423611 +0.0009007308 -0.0012034722 +0.0013980320 +0.0781811921 +0.0006098938 +0.0209911160 +0.0003269901 -1.9609027778 +0.0038145255 +4.4271638889 +0.0179878438 +0.2485733877 +0.9485228909 -0.1447474803
+4.8000000000 +0.2056000000 +0.0008579025 -0.0013083333 +0.0013389316 +0.0717112269 +0.0005588439 +0.0176347602 +0.0002816846 -1.8743222222 +0.0036886761 +4.0573370370 +0.0165156340 +0.2207990014 +0.8503956943 -0.1430730827
+4.9000000000 +0.2006312500 +0.0008237314 +0.0000062500 +0.0012980200 +0.0673942323 +0.0005200111 +0.0153584452 +0.0002485052 -1.7948027778 +0.0035228070 +3.7177237654 +0.0150396300 +0.1994057175 +0.7443000065 -0.1271469394
+5.0000000000 +0.1933395833 +0.0007901770 -0.0014798611 +0.0012485311 +0.0623553819 +0.0004810436 +0.0131443118 +0.0002159792 -1.7200305556 +0.0033953654 +3.4196453704 +0.0138192703 +0.1798213497 +0.6640419720 -0.1268567479
