# T, am1a, am1e, m1a, m1e, m2a, m2e, m4a, m4e, e1a, e1e, e2a, e2e, susc, spec, bind
+3.0000000000 +0.4954843750 +0.0024005712 -0.0121562500 +0.0034491545 +0.4760144531 +0.0023910385 +0.4552723572 +0.0023575363 -5.6579875000 +0.0033209419 +32.4539687500 +0.0329333826 +1.2293849987 +0.7842599108 +0.3302545858
+3.1000000000 +0.4931468750 +0.0023747415 -0.0115656250 +0.0034228496 +0.4687697266 +0.0023644376 +0.4433676628 +0.0023252095 -5.5693312500 +0.0037846350 +31.5903890625 +0.0367534305 +1.1642626387 +0.9539038340 +0.3274514419
+3.2000000000 +0.4888296875 +0.0023420897 -0.0109984375 +0.0033847040 +0.4583698242 +0.0023312818 +0.4274978817 +0.0022859066 -5.4628375000 +0.0042772478 +30.5743875000 +0.0405502421 +1.0970768042 +1.1434280447 +0.3217642556
+3.3000000000 +0.4842703125 +0.0023081628 -0.0117109375 +0.0033447168 +0.4476223633 +0.0022950523 +0.4110563740 +0.0022428974 -5.3379437500 +0.0048168859 +29.4217390625 +0.0444199517 +1.0332345586 +1.3635931450 +0.3161567247
+3.4000000000 +0.4798937500 +0.0022680097 -0.0101750000 +0.0033013225 +0.4360527344 +0.0022555915 +0.3936497055 +0.0021969459 -5.1948187500 +0.0053580190 +28.1344765625 +0.0481675463 +0.9682575204 +1.5893906120 +0.3099021922
+3.5000000000 +0.4701265625 +0.0022193477 -0.0095515625 +0.0032324446 +0.4180391602 +0.0022054205 +0.3693119282 +0.0021389881 -5.0159562500 +0.0059461846 +26.5741015625 +0.0519446545 +0.9006636589 +1.8472286832 +0.2955695073
+3.6000000000 +0.4616593750 +0.0021623618 -0.0075125000 +0.0031626938 +0.4001617188 +0.0021475419 +0.3446068558 +0.0020723642 -4.8210875000 +0.0064742694 +24.9195312500 +0.0549141130 +0.8312548454 +2.0699340338 +0.2826492131
+3.7000000000 +0.4506703125 +0.0021000365 -0.0073765625 +0.0030799978 +0.3795098633 +0.0020829787 +0.3175797428 +0.0019958948 -4.5971375000 +0.0069820170 +23.0836156250 +0.0574185054 +0.7628373306 +2.2789685097 +0.2650032767
+3.8000000000 +0.4386812500 +0.0020329943 -0.0072343750 +0.0029904495 +0.3577638672 +0.0020127596 +0.2900430305 +0.0019155402 -4.3588437500 +0.0073850380 +21.1810703125 +0.0589733780 +0.6960952762 +2.4172315519 +0.2446500116
+3.9000000000 +0.4240234375 +0.0019588399 -0.0067546875 +0.0028863143 +0.3332780273 +0.0019358762 +0.2609789120 +0.0018259064 -4.1074937500 +0.0077296301 +19.2613921875 +0.0598213340 +0.6296703663 +2.5140168639 +0.2168033929
+4.0000000000 +0.4088000000 +0.0018846933 -0.0027718750 +0.0027802541 +0.3092001953 +0.0018525320 +0.2328797600 +0.0017246284 -3.8594375000 +0.0078997552 +17.3915031250 +0.0593951807 +0.5683310212 +2.4962453086 +0.1880468501
+4.1000000000 +0.3927984375 +0.0018040625 -0.0037109375 +0.0026667513 +0.2844762695 +0.0017589002 +0.2046759434 +0.0016154651 -3.6103062500 +0.0080059983 +15.5981515625 +0.0584538631 +0.5080415884 +2.4403001487 +0.1569497576
+4.2000000000 +0.3783781250 +0.0017264523 -0.0017468750 +0.0025612129 +0.2623955078 +0.0016657101 +0.1798350029 +0.0015017720 -3.3737875000 +0.0079397218 +13.9040093750 +0.0562219443 +0.4541923898 +2.2871358547 +0.1293568646
+4.3000000000 +0.3644765625 +0.0016507197 -0.0021796875 +0.0024588281 +0.2418381836 +0.0015784952 +0.1581515881 +0.0014019660 -3.1518125000 +0.0078627829 +12.4068562500 +0.0539191995 +0.4055628613 +2.1399106240 +0.0986311240
+4.4000000000 +0.3503078125 +0.0015799043 -0.0031171875 +0.0023587590 +0.2225594727 +0.0014911505 +0.1384739063 +0.0012988467 -2.9497937500 +0.0076915786 +11.0676984375 +0.0513099867 +0.3630687606 +1.9557150991 +0.0681317354
+4.5000000000 +0.3377250000 +0.0015116655 -0.0031312500 +0.0022663499 +0.2054634766 +0.0014078624 +0.1214983055 +0.0012033890 -2.7579625000 +0.0075030500 +9.8581875000 +0.0484815796 +0.3249966256 +1.7792239791 +0.0406442086
+4.6000000000 +0.3254046875 +0.0014476878 -0.0015640625 +0.0021778302 +0.1897202148 +0.0013255329 +0.1062752590 +0.0011088292 -2.5823375000 +0.0072950142 +8.7971562500 +0.0456459744 +0.2915895798 +1.6095949233 +0.0157992269
+4.7000000000 +0.3152015625 +0.0013920325 -0.0010546875 +0.0021027428 +0.1768622070 +0.0012558819 +0.0943698185 +0.0010302783 -2.4344750000 +0.0071019313 +7.9441656250 +0.0431208325 +0.2638644495 +1.4612926025 -0.0056382524
+4.8000000000 +0.3060265625 +0.0013418718 -0.0005953125 +0.0020351701 +0.1656770508 +0.0011870472 +0.0838121281 +0.0009493137 -2.3059687500 +0.0068351464 +7.1862609375 +0.0402099593 +0.2400826461 +1.2977562927 -0.0177963828
+4.9000000000 +0.2974234375 +0.0012874710 -0.0015515625 +0.0019669873 +0.1547639648 +0.0011171842 +0.0738759075 +0.0008685820 -2.1754437500 +0.0065857074 +6.4674171875 +0.0373218949 +0.2165004528 +1.1560927467 -0.0281154363
+5.0000000000 +0.2891078125 +0.0012395774 -0.0018453125 +0.0019042190 +0.1450454102 +0.0010586360 +0.0658665806 +0.0008061042 -2.0684687500 +0.0063660989 +5.8996515625 +0.0348993342 +0.1966786653 +1.0374966994 -0.0436043539
