# T, am1a, am1e, m1a, m1e, m2a, m2e, m4a, m4e, e1a, e1e, e2a, e2e, susc, spec, bind
+3.0000000000 +0.4797586806 +0.0023972941 -0.0082038194 +0.0033910981 +0.4600491512 +0.0023462196 +0.4318350751 +0.0022188396 -5.6615895833 +0.0010983909 +32.1018551119 +0.0122563021 +11.0342764640 +0.7721360285 +0.3198758565
+3.1000000000 +0.4766303819 +0.0023702024 -0.0073748264 +0.0033609393 +0.4518909035 +0.0023036282 +0.4164734971 +0.0021457946 -5.5752812500 +0.0012602822 +31.1472934606 +0.0138292475 +10.4383455101 +0.9519949993 +0.3201722053
+3.2000000000 +0.4751998264 +0.0023365627 -0.0064067708 +0.0033322471 +0.4441958779 +0.0022520808 +0.4001846943 +0.0020603392 -5.4713951389 +0.0014398789 +30.0190948110 +0.0154842976 +9.8271451324 +1.1662037593 +0.3239323249
+3.3000000000 +0.4700244792 +0.0022919071 -0.0022880208 +0.0032826487 +0.4310365463 +0.0021856030 +0.3768669170 +0.0019556044 -5.3396375000 +0.0016751045 +28.6239676312 +0.0175114967 +9.1685906325 +1.4841520631 +0.3238569761
+3.4000000000 +0.4620418403 +0.0022297914 +0.0068394097 +0.0032105867 +0.4123614547 +0.0020962211 +0.3458076826 +0.0018245795 -5.1657270833 +0.0020133217 +26.8468748650 +0.0201952417 +8.4231018021 +2.0197191549 +0.3221130761
+3.5000000000 +0.4415737847 +0.0021311912 +0.0100210069 +0.0030682488 +0.3766664364 +0.0019660439 +0.2964907546 +0.0016504025 -4.9213812500 +0.0024867506 +24.4673505594 +0.0235355355 +7.4747943375 +2.9077085572 +0.3034118948
+3.6000000000 +0.4061776042 +0.0019738116 +0.0120182292 +0.0028314003 +0.3208175432 +0.0017811306 +0.2298209434 +0.0014274558 -4.5580069444 +0.0032168081 +21.1893414738 +0.0280073168 +6.2334918814 +4.5990463129 +0.2556929527
+3.7000000000 +0.3479048611 +0.0016982422 +0.0162409722 +0.0024296866 +0.2363988546 +0.0014803044 +0.1435364592 +0.0011033023 -3.9902437500 +0.0038896221 +16.5272115934 +0.0306043577 +4.4897278287 +6.3655195682 +0.1438492572
+3.8000000000 +0.2736760417 +0.0013413509 +0.0078340278 +0.0019157642 +0.1468674648 +0.0010926537 +0.0693257335 +0.0007295915 -3.3812270833 +0.0037331229 +11.9901448495 +0.0265900719 +2.7272421100 +5.5590408246 -0.0713269304
+3.9000000000 +0.2177343750 +0.0010240379 +0.0044003472 +0.0014944484 +0.0893544030 +0.0007385390 +0.0298018041 +0.0004192461 -2.9355868056 +0.0030565611 +8.9913725116 +0.0195374929 +1.5487807353 +3.5380129574 -0.2441976777
+4.0000000000 +0.1830342014 +0.0008124765 +0.0017852431 +0.0012237550 +0.0599062440 +0.0005042265 +0.0137585308 +0.0002333565 -2.6566756944 +0.0025123977 +7.3104114390 +0.0144564045 +0.9505701034 +2.2723712423 -0.2779286992
+4.1000000000 +0.1612206597 +0.0006816265 +0.0007321181 +0.0010556532 +0.0445766867 +0.0003644992 +0.0073014687 +0.0001335419 -2.4643625000 +0.0021810230 +6.2633569830 +0.0114344362 +0.6527269074 +1.6299536605 -0.2248231965
+4.2000000000 +0.1466571181 +0.0005984277 +0.0003675347 +0.0009464777 +0.0358329367 +0.0002842761 +0.0045165163 +0.0000848577 -2.3175465278 +0.0019806341 +5.5279383681 +0.0096228084 +0.4911300481 +1.2809506909 -0.1725126066
+4.3000000000 +0.1352960069 +0.0005386026 +0.0006324653 +0.0008647011 +0.0299087179 +0.0002302544 +0.0030152150 +0.0000565958 -2.2033291667 +0.0018696910 +4.9944891975 +0.0085597675 +0.3885893057 +1.0889934257 -0.1235733559
+4.4000000000 +0.1263923611 +0.0004968997 -0.0004781250 +0.0008039150 +0.0258514034 +0.0001948475 +0.0021869176 +0.0000398764 -2.0999798611 +0.0017849894 +4.5373629051 +0.0077395514 +0.3232267988 +0.9479565225 -0.0907944437
+4.5000000000 +0.1190008681 +0.0004660799 -0.0004206597 +0.0007558149 +0.0228504256 +0.0001718140 +0.0017029443 +0.0000311864 -2.0079076389 +0.0017165958 +4.1495611304 +0.0070991223 +0.2780550077 +0.8381727580 -0.0871528063
+4.6000000000 +0.1130651042 +0.0004423802 -0.0011484375 +0.0007178163 +0.0206117272 +0.0001537811 +0.0013707882 +0.0000240707 -1.9297618056 +0.0016658223 +3.8349791860 +0.0066244546 +0.2450507293 +0.7553777225 -0.0755245437
+4.7000000000 +0.1082557292 +0.0004206607 -0.0006494792 +0.0006855125 +0.0187975200 +0.0001389983 +0.0011261678 +0.0000196623 -1.8557361111 +0.0016207917 +3.5488351466 +0.0061788245 +0.2168645244 +0.6849852007 -0.0623820410
+4.8000000000 +0.1044984375 +0.0004050973 -0.0005960069 +0.0006611301 +0.0174840772 +0.0001288958 +0.0009702581 +0.0000175970 -1.7890187500 +0.0015966065 +3.3025541860 +0.0058743029 +0.1969246131 +0.6372881132 -0.0579876756
+4.9000000000 +0.1007138889 +0.0003881884 -0.0009340278 +0.0006358070 +0.0161708960 +0.0001184024 +0.0008222633 +0.0000139993 -1.7237770833 +0.0015700898 +3.0700147184 +0.0055668839 +0.1771378857 +0.5913972965 -0.0481452399
+5.0000000000 +0.0977552083 +0.0003762926 -0.0011399306 +0.0006168190 +0.0152199267 +0.0001100529 +0.0007161119 +0.0000118492 -1.6703833333 +0.0015310416 +2.8839440201 +0.0052604550 +0.1631187631 +0.5400779892 -0.0304680180
