# T, am1a, am1e, m1a, m1e, m2a, m2e, m4a, m4e, e1a, e1e, e2a, e2e, susc, spec, bind
+3.0000000000 +0.4856118056 +0.0023984873 +0.0116138889 +0.0034124537 +0.4659284867 +0.0023478290 +0.4375813861 +0.0022212466 -5.6632659722 +0.0010956730 +32.1206014468 +0.0122296683 +11.0452637278 +0.7683195942 +0.3281086388
+3.1000000000 +0.4804090278 +0.0023723326 +0.0089447917 +0.0033757640 +0.4559113161 +0.0023075829 +0.4208526888 +0.0021521873 -5.5774708333 +0.0012514529 +31.1708262731 +0.0137401246 +10.4571165878 +0.9387028316 +0.3250865116
+3.2000000000 +0.4724015625 +0.0023364387 +0.0115432292 +0.0033218512 +0.4415210733 +0.0022527198 +0.3979307193 +0.0020619878 -5.4704013889 +0.0014477393 +30.0091293210 +0.0155521074 +9.8261026651 +1.1789713889 +0.3195701795
+3.3000000000 +0.4637579861 +0.0022905001 +0.0110489583 +0.0032588534 +0.4249271050 +0.0021836580 +0.3712975272 +0.0019539051 -5.3368180556 +0.0017000154 +28.5972290509 +0.0177463382 +9.1573368154 +1.5286227150 +0.3145560728
+3.4000000000 +0.4502076389 +0.0022261783 +0.0130409722 +0.0031652474 +0.4009217038 +0.0020912353 +0.3356688241 +0.0018170003 -5.1621909722 +0.0020138976 +26.8104469715 +0.0202001450 +8.3958262173 +2.0208747956 +0.3039016283
+3.5000000000 +0.4346694444 +0.0021305885 +0.0096315972 +0.0030431113 +0.3705138117 +0.0019645784 +0.2916632194 +0.0016472829 -4.9204791667 +0.0024960397 +24.4603238040 +0.0236013532 +7.4705671870 +2.9294722217 +0.2918070376
+3.6000000000 +0.4006725694 +0.0019633682 +0.0082322917 +0.0028047430 +0.3147311029 +0.0017692970 +0.2242721415 +0.0014154752 -4.5388097222 +0.0032793523 +21.0309597608 +0.0284217749 +6.1677038003 +4.7796229585 +0.2452993084
+3.7000000000 +0.3436510417 +0.0016853298 +0.0064555556 +0.0024065942 +0.2317094932 +0.0014679311 +0.1398821621 +0.0010945855 -3.9660770833 +0.0039283146 +16.3470336613 +0.0308521165 +4.4217128321 +6.4927930728 +0.1315327870
+3.8000000000 +0.2768906250 +0.0013407347 +0.0093350694 +0.0019266815 +0.1485712047 +0.0010886455 +0.0694793649 +0.0007225402 -3.3735312500 +0.0037307528 +11.9374537616 +0.0265157925 +2.7247371709 +5.5519844893 -0.0492169445
+3.9000000000 +0.2199645833 +0.0010265492 +0.0067684028 +0.0015040839 +0.0905365500 +0.0007386772 +0.0300226277 +0.0004175778 -2.9281777778 +0.0030469662 +8.9455852238 +0.0194371639 +1.5563864138 +3.5158355076 -0.2208985090
+4.0000000000 +0.1836468750 +0.0008126766 +0.0028649306 +0.0012261291 +0.0601439067 +0.0005041199 +0.0137827645 +0.0002329584 -2.6493833333 +0.0025080148 +7.2708375772 +0.0143835788 +0.9510383533 +2.2644497719 -0.2700821426
+4.1000000000 +0.1609901042 +0.0006824164 +0.0027119792 +0.0010552031 +0.0445455018 +0.0003679189 +0.0073988750 +0.0001382093 -2.4607777778 +0.0021629228 +6.2425566744 +0.0112819712 +0.6542407544 +1.6030121356 -0.2429015278
+4.2000000000 +0.1457277778 +0.0005955737 +0.0012604167 +0.0009410542 +0.0354249060 +0.0002828332 +0.0044547091 +0.0000851641 -2.3160055556 +0.0019898313 +5.5222588735 +0.0096411768 +0.4864567112 +1.2928746130 -0.1832613632
+4.3000000000 +0.1343331597 +0.0005406296 +0.0007203125 +0.0008622078 +0.0297366139 +0.0002338706 +0.0030720845 +0.0000601315 -2.1983236111 +0.0018725779 +4.9728886188 +0.0085451227 +0.3915197936 +1.0923589200 -0.1580541651
+4.4000000000 +0.1251854167 +0.0004979663 +0.0001993056 +0.0007998463 +0.0255902054 +0.0001979527 +0.0022222691 +0.0000421399 -2.0957152778 +0.0017882375 +4.5199342593 +0.0077589479 +0.3246158256 +0.9514095899 -0.1311698990
+4.5000000000 +0.1183059028 +0.0004645491 +0.0001281250 +0.0007521387 +0.0226285204 +0.0001707556 +0.0016783493 +0.0000306704 -2.0072368056 +0.0017170644 +4.1469320023 +0.0071061529 +0.2762314821 +0.8386304621 -0.0925687621
+4.6000000000 +0.1129802083 +0.0004408337 +0.0005239583 +0.0007165478 +0.0205379027 +0.0001539982 +0.0013704234 +0.0000243921 -1.9268145833 +0.0016720729 +3.8244475502 +0.0066315222 +0.2433404412 +0.7610570922 -0.0829822496
+4.7000000000 +0.1078824653 +0.0004208635 +0.0003574653 +0.0006841700 +0.0187236702 +0.0001395838 +0.0011299218 +0.0000205473 -1.8521645833 +0.0016214895 +3.5356827739 +0.0061692204 +0.2170736846 +0.6855751355 -0.0743484534
+4.8000000000 +0.1043119792 +0.0004031300 -0.0006050347 +0.0006591884 +0.0173815406 +0.0001303186 +0.0009814351 +0.0000206372 -1.7881743056 +0.0015954032 +3.2993798032 +0.0058590260 +0.1950165468 +0.6363278512 -0.0828387857
+4.9000000000 +0.1012243056 +0.0003873327 -0.0010496528 +0.0006373053 +0.0162474248 +0.0001187415 +0.0008279606 +0.0000150064 -1.7298659722 +0.0015598026 +3.0897556520 +0.0055375811 +0.1763578207 +0.5836730238 -0.0454887423
+5.0000000000 +0.0978315972 +0.0003747393 -0.0007753472 +0.0006161899 +0.0151882017 +0.0001105797 +0.0007197959 +0.0000127143 -1.6749902778 +0.0015439376 +2.9009421682 +0.0053257440 +0.1617747916 +0.5492144883 -0.0401007216
