# T, am1a, am1e, m1a, m1e, m2a, m2e, m4a, m4e, e1a, e1e, e2a, e2e, susc, spec, bind
+3.0000000000 +0.5049973958 +0.0023952779 -0.0330130208 +0.0034764449 +0.4845166221 +0.0023437060 +0.4544746657 +0.0022157977 -5.6595409722 +0.0010943856 +32.0783112076 +0.0122180195 +11.0157241085 +0.7665150609 +0.3546860365
+3.1000000000 +0.5053267361 +0.0023675826 -0.0332190972 +0.0034585744 +0.4795729962 +0.0023011175 +0.4417959244 +0.0021437260 -5.5738659722 +0.0012516129 +31.1306432677 +0.0137440949 +10.4152824469 +0.9389428064 +0.3596889322
+3.2000000000 +0.5004975694 +0.0023341504 -0.0355076389 +0.0034174821 +0.4684281395 +0.0022495898 +0.4218510940 +0.0020584081 -5.4679701389 +0.0014362044 +29.9812047647 +0.0154389294 +9.8068645101 +1.1602592562 +0.3591565162
+3.3000000000 +0.4937586806 +0.0022887130 -0.0403708333 +0.0033604171 +0.4533259307 +0.0021815968 +0.3958789793 +0.0019519588 -5.3361520833 +0.0016726935 +28.5864352045 +0.0174774666 +9.1430529218 +1.4798829490 +0.3578742835
+3.4000000000 +0.4850107639 +0.0022260371 -0.0429836806 +0.0032848040 +0.4334450883 +0.0020936575 +0.3632107213 +0.0018246395 -5.1662722222 +0.0020036996 +26.8509611497 +0.0201240815 +8.3947615270 +2.0004599035 +0.3555796700
+3.5000000000 +0.4663184028 +0.0021331886 -0.0370729167 +0.0031547511 +0.3994725911 +0.0019714704 +0.3150461735 +0.0016605816 -4.9236590278 +0.0024915295 +24.4907269869 +0.0235781513 +7.4888120932 +2.9188948710 +0.3419195620
+3.6000000000 +0.4304850694 +0.0019784644 -0.0302055556 +0.0029196656 +0.3418902537 +0.0017913754 +0.2452499795 +0.0014439826 -4.5511784722 +0.0032415405 +21.1335288773 +0.0281907470 +6.2629143460 +4.6700376811 +0.3006182682
+3.7000000000 +0.3664861111 +0.0017211611 -0.0234972222 +0.0025112535 +0.2528078872 +0.0015093437 +0.1550365652 +0.0011329592 -3.9954208333 +0.0038644602 +16.5607497299 +0.0304840887 +4.6117291179 +6.2834288976 +0.1914038950
+3.8000000000 +0.2790390625 +0.0013545932 -0.0087973958 +0.0019441085 +0.1512597090 +0.0011031295 +0.0715552861 +0.0007335256 -3.3816819444 +0.0036746884 +11.9759061728 +0.0261456274 +2.7813566107 +5.3863718505 -0.0424949187
+3.9000000000 +0.2208720486 +0.0010385895 -0.0034880208 +0.0015159075 +0.0919311861 +0.0007509105 +0.0310060067 +0.0004248997 -2.9483145833 +0.0030395338 +9.0621095100 +0.0194219607 +1.5931098182 +3.4987041679 -0.2229222744
+4.0000000000 +0.1849529514 +0.0008227846 -0.0036175347 +0.0012376741 +0.0612865753 +0.0005127244 +0.0142714967 +0.0002344157 -2.6649611111 +0.0025132658 +7.3546779321 +0.0144423803 +0.9748433179 +2.2739418753 -0.2665360599
+4.1000000000 +0.1609984375 +0.0006858974 -0.0013949653 +0.0010575533 +0.0447387044 +0.0003693921 +0.0074595729 +0.0001361485 -2.4676631944 +0.0021848206 +6.2802992863 +0.0114251797 +0.6609321676 +1.6356347940 -0.2422983281
+4.2000000000 +0.1469317708 +0.0006030541 +0.0005571181 +0.0009504684 +0.0361359146 +0.0002882434 +0.0046291738 +0.0000862005 -2.3210326389 +0.0019989032 +5.5470170718 +0.0097248248 +0.4987532336 +1.3046902936 -0.1816915540
+4.3000000000 +0.1350479167 +0.0005447134 +0.0008593750 +0.0008675498 +0.0301064453 +0.0002355783 +0.0031262837 +0.0000586325 -2.1995694444 +0.0018734758 +4.9785021991 +0.0085695608 +0.3974569289 +1.0934067048 -0.1497096348
+4.4000000000 +0.1264319444 +0.0005012054 +0.0013229167 +0.0008067150 +0.0260333116 +0.0001991257 +0.0022637748 +0.0000414656 -2.0995680556 +0.0017873336 +4.5359684799 +0.0077501980 +0.3288526382 +0.9504480498 -0.1134048968
+4.5000000000 +0.1190901042 +0.0004701998 +0.0013751736 +0.0007586843 +0.0230259657 +0.0001744630 +0.0017476892 +0.0000314265 -2.0097270833 +0.0017306244 +4.1588053819 +0.0071877429 +0.2829924096 +0.8519284086 -0.0987711603
+4.6000000000 +0.1134465278 +0.0004418435 +0.0008739583 +0.0007189989 +0.0206791401 +0.0001547353 +0.0013853477 +0.0000257907 -1.9293347222 +0.0016697019 +3.8338486497 +0.0066339820 +0.2444564497 +0.7589002751 -0.0798727725
+4.7000000000 +0.1088468750 +0.0004204498 +0.0005934028 +0.0006877211 +0.0189187645 +0.0001399823 +0.0011417217 +0.0000208770 -1.8578048611 +0.0016311180 +3.5578607446 +0.0062258150 +0.2166471504 +0.6937413010 -0.0632941999
+4.8000000000 +0.1052684028 +0.0004049858 +0.0003201389 +0.0006641136 +0.0176419777 +0.0001295740 +0.0009828158 +0.0000179009 -1.7921041667 +0.0015945948 +3.3133466435 +0.0058811317 +0.1968162329 +0.6356831208 -0.0525829317
+4.9000000000 +0.1008177083 +0.0003890746 -0.0007065972 +0.0006367667 +0.0162193721 +0.0001188511 +0.0008280913 +0.0000143797 -1.7252833333 +0.0015566905 +3.0735339892 +0.0055063655 +0.1779476119 +0.5813462259 -0.0492739550
+5.0000000000 +0.0978572917 +0.0003773943 -0.0007166667 +0.0006179117 +0.0152731072 +0.0001118438 +0.0007336291 +0.0000130395 -1.6718319444 +0.0015296086 +2.8886101466 +0.0052494677 +0.1640752596 +0.5390674338 -0.0483359522
