# T, am1a, am1e, m1a, m1e, m2a, m2e, m4a, m4e, e1a, e1e, e2a, e2e, susc, spec, bind
+3.0000000000 +0.5009957500 +0.0023947785 +0.0383572500 +0.0034602168 +0.4803953025 +0.0023488246 +0.4514587207 +0.0022303169 -5.6610030000 +0.0013176831 +32.1164065200 +0.0146065113 +7.6466186994 +0.7716839334 +0.3479223909
+3.1000000000 +0.4988675000 +0.0023673724 +0.0384640000 +0.0034335382 +0.4730468700 +0.0023081276 +0.4368714559 +0.0021631625 -5.5762320000 +0.0015081655 +31.1853458400 +0.0164309880 +7.2315512079 +0.9467484099 +0.3492351777
+3.2000000000 +0.4948222500 +0.0023326012 +0.0367362500 +0.0033953669 +0.4624901975 +0.0022578223 +0.4178076524 +0.0020832607 -5.4703450000 +0.0017439893 +30.0463343600 +0.0185703101 +6.8012855752 +1.1880853612 +0.3488964387
+3.3000000000 +0.4896632500 +0.0022879530 +0.0356602500 +0.0033462202 +0.4491592475 +0.0021946098 +0.3943965118 +0.0019877716 -5.3400340000 +0.0020150796 +28.6783849600 +0.0208452229 +6.3451257303 +1.4914769408 +0.3483549219
+3.4000000000 +0.4814460000 +0.0022260113 +0.0367970000 +0.0032735351 +0.4299953100 +0.0021105312 +0.3630696460 +0.0018685473 -5.1667460000 +0.0024163531 +26.9288147200 +0.0239654700 +5.8295605613 +2.0203329714 +0.3454523777
+3.5000000000 +0.4629810000 +0.0021325399 +0.0348255000 +0.0031426408 +0.3962604550 +0.0019960588 +0.3163923705 +0.0017207499 -4.9154190000 +0.0030084365 +24.5233715600 +0.0280389342 +5.1974013897 +2.9553274649 +0.3283495967
+3.6000000000 +0.4329785000 +0.0019904623 +0.0325295000 +0.0029363661 +0.3459479950 +0.0018344096 +0.2542823560 +0.0015258815 -4.5532280000 +0.0037602340 +21.2974596000 +0.0324311702 +4.4021559316 +4.3639998458 +0.2917716032
+3.7000000000 +0.3858607500 +0.0017802359 +0.0268322500 +0.0026217272 +0.2756581075 +0.0016074675 +0.1793454683 +0.0012715523 -4.0629150000 +0.0043278036 +17.2564736400 +0.0344443966 +3.4262051111 +5.4725737237 +0.2132665563
+3.8000000000 +0.3243262500 +0.0015162161 +0.0232492500 +0.0022169994 +0.1971439725 +0.0013132948 +0.1078554736 +0.0009649902 -3.5278190000 +0.0043736363 +13.2106546800 +0.0320034225 +2.4199067384 +5.2988073632 +0.0749740238
+3.9000000000 +0.2660045000 +0.0012357465 +0.0141195000 +0.0018141239 +0.1318411750 +0.0009886550 +0.0564796402 +0.0006484470 -3.0602680000 +0.0038440344 +9.9563042400 +0.0257058691 +1.5662251533 +3.8860224075 -0.0830999528
+4.0000000000 +0.2259900000 +0.0010184749 +0.0074320000 +0.0015207555 +0.0925631250 +0.0007419074 +0.0305849948 +0.0004313347 -2.7409880000 +0.0032761284 +7.9423359200 +0.0199582349 +1.0372911225 +2.6832543991 -0.1899018500
+4.1000000000 +0.1966112500 +0.0008524409 +0.0035672500 +0.0013010522 +0.0677222025 +0.0005470509 +0.0165568852 +0.0002645083 -2.5114870000 +0.0028084859 +6.6230706800 +0.0154888292 +0.7089321676 +1.8768811947 -0.2033590668
+4.2000000000 +0.1775805000 +0.0007474386 +0.0000530000 +0.0011606185 +0.0538814150 +0.0004330317 +0.0104038646 +0.0001795357 -2.3473670000 +0.0025197986 +5.7641072400 +0.0128005809 +0.5320614529 +1.4397698827 -0.1945255783
+4.3000000000 +0.1630007500 +0.0006720109 -0.0002482500 +0.0010563277 +0.0446331925 +0.0003548938 +0.0070301075 +0.0001275333 -2.2155600000 +0.0023466753 +5.1289815200 +0.0111023863 +0.4200918139 +1.1913218302 -0.1763181767
+4.4000000000 +0.1523062500 +0.0006162546 -0.0005542500 +0.0009796386 +0.0383879825 +0.0003015209 +0.0051102322 +0.0000947447 -2.1072920000 +0.0022009427 +4.6344455200 +0.0097975156 +0.3452451980 +1.0008571629 -0.1559227386
+4.5000000000 +0.1440410000 +0.0005757191 -0.0003795000 +0.0009220326 +0.0340059100 +0.0002620018 +0.0039022005 +0.0000702556 -2.0170030000 +0.0021047331 +4.2454971600 +0.0089297129 +0.2946244515 +0.8750422617 -0.1248109222
+4.6000000000 +0.1362812500 +0.0005400479 -0.0008767500 +0.0008694521 +0.0302386475 +0.0002291754 +0.0030152312 +0.0000546055 -1.9340590000 +0.0020353687 +3.9062932400 +0.0082461133 +0.2536101826 +0.7831239344 -0.0991947469
+4.7000000000 +0.1300580000 +0.0005126130 -0.0011090000 +0.0008280208 +0.0274259650 +0.0002057374 +0.0024452982 +0.0000435877 -1.8568380000 +0.0019486175 +3.5997317600 +0.0075429386 +0.2236357795 +0.6875708545 -0.0836442703
+4.8000000000 +0.1246045000 +0.0004861096 -0.0011865000 +0.0007902053 +0.0249783850 +0.0001868561 +0.0020205272 +0.0000370719 -1.7885080000 +0.0019223622 +3.3465799200 +0.0071803555 +0.1969188246 +0.6415757549 -0.0794803214
+4.9000000000 +0.1201787500 +0.0004670807 -0.0010017500 +0.0007610602 +0.0231695075 +0.0001721183 +0.0017218145 +0.0000317884 -1.7287700000 +0.0018766468 +3.1295178400 +0.0067730967 +0.1780933785 +0.5867227284 -0.0691324540
+5.0000000000 +0.1168615000 +0.0004534318 -0.0014085000 +0.0007395715 +0.0218806250 +0.0001624670 +0.0015345829 +0.0000277903 -1.6754380000 +0.0018426844 +2.9429119200 +0.0064391948 +0.1644802964 +0.5432777126 -0.0684387981
