# T, am1a, am1e, m1a, m1e, m2a, m2e, m4a, m4e, e1a, e1e, e2a, e2e, susc, spec, bind
+3.0000000000 +0.5116476562 +0.0023915491 +0.0070328125 +0.0035018357 +0.4905635986 +0.0023531604 +0.4621471915 +0.0022500038 -5.6620031250 +0.0016432606 +32.1662916016 +0.0180243401 +4.8806458557 +0.7680868555 +0.3598696399
+3.1000000000 +0.5084093750 +0.0023638399 +0.0064546875 +0.0034711237 +0.4819896484 +0.0023150872 +0.4466991767 +0.0021900869 -5.5756187500 +0.0018750037 +31.2281500000 +0.0201859478 +4.6143908304 +0.9365281475 +0.3590583780
+3.2000000000 +0.5025121094 +0.0023284834 +0.0059621094 +0.0034254790 +0.4693918152 +0.0022679216 +0.4260674049 +0.0021190775 -5.4641625000 +0.0021878049 +30.0485314453 +0.0229257894 +4.3374679023 +1.1966226182 +0.3554063376
+3.3000000000 +0.4939339844 +0.0022855511 +0.0056628906 +0.0033648494 +0.4529205383 +0.0022106224 +0.4006110629 +0.0020359291 -5.3346078125 +0.0025369237 +28.7154797852 +0.0258048585 +4.0523589316 +1.5129580722 +0.3490349775
+3.4000000000 +0.4828058594 +0.0022260620 +0.0019605469 +0.0032837164 +0.4313155701 +0.0021365851 +0.3686329609 +0.0019350602 -5.1589484375 +0.0030112036 +26.9774428711 +0.0293010232 +3.7310884183 +2.0079938564 +0.3394850713
+3.5000000000 +0.4672281250 +0.0021442257 +0.0040382813 +0.0031709382 +0.4022102783 +0.0020393096 +0.3281244614 +0.0018102249 -4.9254031250 +0.0035943293 +24.7763640625 +0.0331803016 +3.3628920234 +2.6998497632 +0.3238998629
+3.6000000000 +0.4435523438 +0.0020337474 +0.0027492187 +0.0030090541 +0.3621838135 +0.0019167069 +0.2781277304 +0.0016620769 -4.6181953125 +0.0042574156 +22.0527514648 +0.0369231547 +2.9412467881 +3.5803630639 +0.2932513903
+3.7000000000 +0.4048375000 +0.0018806172 +0.0017906250 +0.0027629651 +0.3053622437 +0.0017459928 +0.2151857411 +0.0014621178 -4.2130203125 +0.0048582605 +18.6936479492 +0.0393102105 +2.4470286226 +4.4136522223 +0.2307605307
+3.8000000000 +0.3622542969 +0.0016892570 +0.0019777344 +0.0024767309 +0.2453717468 +0.0015320221 +0.1540909652 +0.0012237918 -3.7600203125 +0.0051084328 +15.1815961914 +0.0386220208 +1.9224180416 +4.6264529241 +0.1468865058
+3.9000000000 +0.3159992187 +0.0014817482 +0.0018554687 +0.0021660746 +0.1876786133 +0.0012902986 +0.1018180784 +0.0009648006 -3.3181531250 +0.0049351262 +11.9843589844 +0.0347284197 +1.4411997051 +4.0992771006 +0.0364504121
+4.0000000000 +0.2760464844 +0.0012836151 +0.0024730469 +0.0018848226 +0.1421083679 +0.0010585193 +0.0650133117 +0.0007314114 -2.9509890625 +0.0045129452 +9.5230034180 +0.0294618199 +1.0545073021 +3.2586678839 -0.0731037948
+4.1000000000 +0.2447871094 +0.0011117819 +0.0009253906 +0.0016534981 +0.1093630920 +0.0008533705 +0.0410899344 +0.0005371735 -2.6673640625 +0.0040217643 +7.7618145508 +0.0243891215 +0.7717832293 +2.4632328713 -0.1451770400
+4.2000000000 +0.2211378906 +0.0009765674 +0.0022816406 +0.0014751620 +0.0870493225 +0.0006999103 +0.0271725605 +0.0004035370 -2.4512000000 +0.0035841087 +6.5222148437 +0.0200936576 +0.5812930414 +1.8642481769 -0.1953044000
+4.3000000000 +0.2033753906 +0.0008729801 +0.0016925781 +0.0013401721 +0.0718453186 +0.0005801048 +0.0186226109 +0.0002993626 -2.2859218750 +0.0032313915 +5.6431144531 +0.0167797975 +0.4537119121 +1.4457133915 -0.2026032257
+4.4000000000 +0.1897191406 +0.0007946601 +0.0020292969 +0.0012374230 +0.0612527405 +0.0004891515 +0.0133226667 +0.0002243366 -2.1554812500 +0.0029783160 +5.0009140625 +0.0143820072 +0.3674092823 +1.1729409699 -0.1836378900
+4.5000000000 +0.1772488281 +0.0007346429 +0.0012722656 +0.0011511249 +0.0530051575 +0.0004208948 +0.0098956431 +0.0001724464 -2.0417593750 +0.0027991511 +4.4821912109 +0.0126649236 +0.3070294812 +0.9905299454 -0.1740497725
+4.6000000000 +0.1677753906 +0.0006870628 +0.0016230469 +0.0010842988 +0.0470307922 +0.0003709158 +0.0077150372 +0.0001385262 -1.9506156250 +0.0026613107 +4.0882042969 +0.0114264208 +0.2627090162 +0.8568710182 -0.1626585212
+4.7000000000 +0.1612062500 +0.0006556446 +0.0001898437 +0.0010390165 +0.0431822510 +0.0003386425 +0.0064518554 +0.0001173272 -1.8736609375 +0.0025494363 +3.7705903320 +0.0103982682 +0.2341419021 +0.7532386370 -0.1533279422
+4.8000000000 +0.1547792969 +0.0006162424 +0.0008136719 +0.0009892694 +0.0391468201 +0.0003002640 +0.0051388132 +0.0000920653 -1.7971656250 +0.0024479983 +3.4695121094 +0.0095163730 +0.2025358577 +0.6658550714 -0.1177600775
+4.9000000000 +0.1499609375 +0.0005917647 +0.0002296875 +0.0009551917 +0.0364957031 +0.0002783268 +0.0044305696 +0.0000819556 -1.7335281250 +0.0023875827 +3.2331417969 +0.0089322972 +0.1829540617 +0.6078055123 -0.1088041492
+5.0000000000 +0.1452585937 +0.0005702970 -0.0005343750 +0.0009234355 +0.0341096069 +0.0002567823 +0.0038009510 +0.0000689985 -1.6752156250 +0.0023324586 +3.0239619141 +0.0083863574 +0.1665222128 +0.5570931810 -0.0889741768
