# T, am1a, am1e, m1a, m1e, m2a, m2e, m4a, m4e, e1a, e1e, e2a, e2e, susc, susce, spec, spece, bind, binde
+3.0000000000 +0.4780066250 +0.0054017355 +0.0158282750 +0.0073964275 +0.4579680838 +0.0052822865 +0.4305083456 +0.0049601202 -5.6611728000 +0.0003865411 +32.1183515840 +0.0043180505 +7.6395320913 +0.0044889782 +0.7719179824 +0.0019619198 +0.3148781035 +0.0078948111
+3.1000000000 +0.4747401750 +0.0054246950 +0.0141335250 +0.0073947664 +0.4496475707 +0.0052775379 +0.4153561435 +0.0048771861 -5.5760667000 +0.0005346693 +31.1834999160 +0.0058044656 +7.2250020592 +0.0044918443 +0.9466931785 +0.0026359914 +0.3142738313 +0.0080174860
+3.2000000000 +0.4700848000 +0.0055273778 +0.0133962500 +0.0072559280 +0.4387218335 +0.0053093525 +0.3963280891 +0.0047908620 -5.4703750000 +0.0005914773 +30.0453230800 +0.0061646055 +6.7948936018 +0.0044793025 +1.1749701263 +0.0039907583 +0.3126268299 +0.0083263571
+3.3000000000 +0.4642681000 +0.0058701127 +0.0129800000 +0.0073240980 +0.4248436235 +0.0055581206 +0.3728188044 +0.0048512986 -5.3367456000 +0.0010716059 +28.6445614400 +0.0110577159 +6.3319446238 +0.0049917943 +1.5031805097 +0.0045138312 +0.3102803227 +0.0091050946
+3.4000000000 +0.4547520750 +0.0059817798 +0.0121608750 +0.0073055766 +0.4048121217 +0.0055484565 +0.3415136052 +0.0046503938 -5.1627541000 +0.0014455768 +26.8866251960 +0.0143705244 +5.8133780921 +0.0049460868 +2.0118892908 +0.0062205769 +0.3039944358 +0.0096733426
+3.5000000000 +0.4391318750 +0.0055696868 +0.0106183250 +0.0070149465 +0.3748811482 +0.0049882743 +0.2992007081 +0.0039319409 -4.9213436000 +0.0020276200 +24.5721477920 +0.0185407060 +5.1924037284 +0.0046552711 +2.8774191863 +0.0138957100 +0.2890326376 +0.0096663805
+3.6000000000 +0.4121528250 +0.0049478585 +0.0086330750 +0.0063680554 +0.3287611947 +0.0042211149 +0.2419937274 +0.0030834540 -4.5730406000 +0.0040797168 +21.4572517760 +0.0332825152 +4.4068452934 +0.0062942591 +4.2005015884 +0.0324987740 +0.2524196781 +0.0097935739
+3.7000000000 +0.3681045500 +0.0035978640 +0.0074879500 +0.0050086560 +0.2622603270 +0.0028824096 +0.1705927193 +0.0019491457 -4.0871966000 +0.0055953795 +17.4471423520 +0.0438495367 +3.4224302976 +0.0093462330 +5.4174815357 +0.0160969984 +0.1723162570 +0.0088639728
+3.8000000000 +0.3118677000 +0.0021119744 +0.0062760500 +0.0033508408 +0.1880737105 +0.0015939344 +0.1022868333 +0.0009822807 -3.5404512000 +0.0057155741 +13.2967080400 +0.0414733051 +2.3886222062 +0.0094073669 +5.2741458625 +0.0136921215 +0.0355431901 +0.0074168759
+3.9000000000 +0.2588516500 +0.0012774707 +0.0033604000 +0.0020215877 +0.1272783260 +0.0009383102 +0.0542801867 +0.0005071748 -3.0720726000 +0.0042950555 +10.0401263840 +0.0292997945 +1.5450725636 +0.0081884155 +3.9599727108 +0.0203841143 -0.1172019947 +0.0065451720
+4.0000000000 +0.2200311250 +0.0009665638 +0.0020371250 +0.0012403848 +0.0889697863 +0.0006370722 +0.0288725995 +0.0003078720 -2.7439713000 +0.0023147718 +7.9623005880 +0.0149600123 +1.0136686956 +0.0055916937 +2.7054281943 +0.0152855082 -0.2158892591 +0.0051434385
+4.1000000000 +0.1933864500 +0.0006319981 +0.0012656000 +0.0008086332 +0.0662744040 +0.0003527598 +0.0163699558 +0.0001198426 -2.5159095000 +0.0016889565 +6.6526894600 +0.0099358989 +0.7041973351 +0.0029280540 +1.9206443907 +0.0095933156 -0.2424916543 +0.0060772535
+4.2000000000 +0.1747884000 +0.0005719629 +0.0003530500 +0.0006528034 +0.0525794335 +0.0003058132 +0.0101228909 +0.0000945445 -2.3491273000 +0.0013524077 +5.7757859240 +0.0076541806 +0.5244089836 +0.0026461716 +1.4590054554 +0.0080734443 -0.2205054935 +0.0044030868
+4.3000000000 +0.1610637000 +0.0003995896 +0.0003126500 +0.0005006047 +0.0437404055 +0.0002038887 +0.0068495540 +0.0000555095 -2.2174011000 +0.0007591061 +5.1362073800 +0.0039828190 +0.4138905424 +0.0018574036 +1.1862302828 +0.0039793998 -0.1932997837 +0.0036868612
+4.4000000000 +0.1506561750 +0.0002989397 +0.0000805750 +0.0004220363 +0.0376650888 +0.0001431707 +0.0049500893 +0.0000381102 -2.1087457000 +0.0004812694 +4.6417367160 +0.0021214178 +0.3401570917 +0.0013101784 +1.0068490317 +0.0031342076 -0.1629286012 +0.0020125232
+4.5000000000 +0.1425144250 +0.0002512968 -0.0001741750 +0.0004362850 +0.0333102058 +0.0001218019 +0.0037641826 +0.0000269640 -2.0165141000 +0.0007217239 +4.2442643000 +0.0030929576 +0.2888713981 +0.0012110306 +0.8786665464 +0.0023961541 -0.1307137010 +0.0025796375
+4.6000000000 +0.1356669500 +0.0001627371 +0.0000547000 +0.0004077279 +0.0299403375 +0.0000745914 +0.0029839422 +0.0000151640 -1.9341474000 +0.0004609388 +3.9069322160 +0.0018733376 +0.2507511162 +0.0007715066 +0.7845176107 +0.0016706944 -0.1095295731 +0.0026554440
+4.7000000000 +0.1298774500 +0.0001717795 -0.0001163000 +0.0003189219 +0.0272958625 +0.0000653760 +0.0024436165 +0.0000125570 -1.8588989000 +0.0003946426 +3.6108754840 +0.0017189817 +0.2218599021 +0.0006686855 +0.7033445276 +0.0021352341 -0.0931973562 +0.0027506825
+4.8000000000 +0.1247958000 +0.0000931783 -0.0003543500 +0.0003072754 +0.0250922665 +0.0000407407 +0.0020414072 +0.0000086796 -1.7910790000 +0.0005015948 +3.3560322880 +0.0017832104 +0.1982955829 +0.0004948003 +0.6426466484 +0.0010734538 -0.0807049428 +0.0018442796
+4.9000000000 +0.1205077750 +0.0001242780 -0.0001197250 +0.0003025190 +0.0233246918 +0.0000587866 +0.0017417730 +0.0000118434 -1.7299506000 +0.0006294926 +3.1338802480 +0.0022450339 +0.1796410911 +0.0006324381 +0.5878684171 +0.0012998021 -0.0670366785 +0.0026462119
+5.0000000000 +0.1171094750 +0.0001443995 -0.0001791250 +0.0003482624 +0.0219522778 +0.0000534192 +0.0015376455 +0.0000076385 -1.6744172000 +0.0007652977 +2.9391511280 +0.0025349584 +0.1647488021 +0.0004277825 +0.5418892462 +0.0007945518 -0.0635427695 +0.0018861056
