# T, am1a, am1e, m1a, m1e, m2a, m2e, m4a, m4e, e1a, e1e, e2a, e2e, susc, spec, bind
+3.0000000000 +0.5159968750 +0.0023903412 -0.0376867188 +0.0035120568 +0.4948020142 +0.0023524063 +0.4661816481 +0.0022499255 -5.6605421875 +0.0016367181 +32.1488916992 +0.0179505477 +4.8757171019 +0.7619828818 +0.3652963432
+3.1000000000 +0.5126265625 +0.0023624959 -0.0389390625 +0.0034803923 +0.4860414673 +0.0023140156 +0.4504230339 +0.0021896373 -5.5743796875 +0.0018782419 +31.2148206055 +0.0202251796 +4.6091452842 +0.9397657777 +0.3644456577
+3.2000000000 +0.5057738281 +0.0023290055 -0.0383042969 +0.0034326033 +0.4727778381 +0.0022686588 +0.4293913994 +0.0021211233 -5.4692203125 +0.0021849090 +30.1033239258 +0.0229425855 +4.3394134584 +1.1934568695 +0.3596493336
+3.3000000000 +0.4956378906 +0.0022828851 -0.0354074219 +0.0033647653 +0.4541195007 +0.0022082272 +0.4012752126 +0.0020338059 -5.3282593750 +0.0025655987 +28.6536398437 +0.0260203213 +4.0429106833 +1.5473535440 +0.3513942785
+3.4000000000 +0.4835746094 +0.0022214114 -0.0328785156 +0.0032792917 +0.4312311462 +0.0021308454 +0.3675803944 +0.0019282894 -5.1470156250 +0.0030526207 +26.8645095703 +0.0296103118 +3.7155151700 +2.0636109416 +0.3411131454
+3.5000000000 +0.4658835937 +0.0021382278 -0.0301015625 +0.0031584100 +0.3999282471 +0.0020343520 +0.3254861230 +0.0018050620 -4.9108984375 +0.0036544142 +24.6511131836 +0.0335572864 +3.3441046701 +2.7908687420 +0.3216605681
+3.6000000000 +0.4403464844 +0.0020224700 -0.0252042969 +0.0029869934 +0.3575204285 +0.0019032548 +0.2727160075 +0.0016449489 -4.5941296875 +0.0042912448 +21.8426188477 +0.0370704380 +2.9087182607 +3.6374877140 +0.2888067088
+3.7000000000 +0.4012800781 +0.0018660471 -0.0186550781 +0.0027384437 +0.3003109680 +0.0017300991 +0.2099163869 +0.0014431066 -4.1830640625 +0.0048814149 +18.4511534180 +0.0393398946 +2.4092586710 +4.4558233665 +0.2241411824
+3.8000000000 +0.3554125000 +0.0016711906 -0.0138250000 +0.0024384526 +0.2380331665 +0.0015095442 +0.1478087417 +0.0011987896 -3.7266890625 +0.0050840621 +14.9221188477 +0.0383177928 +1.8815178332 +4.5824154198 +0.1304312637
+3.9000000000 +0.3091910156 +0.0014587648 -0.0055863281 +0.0021253686 +0.1807188782 +0.0012640205 +0.0965692257 +0.0009378375 -3.2855468750 +0.0049009553 +11.7555927734 +0.0343859914 +1.3968376456 +4.0427066640 +0.0143778595
+4.0000000000 +0.2703671875 +0.0012585119 -0.0033164062 +0.0018468995 +0.1364525024 +0.0010266582 +0.0607803708 +0.0006985638 -2.9238171875 +0.0044237485 +9.3314889648 +0.0287398287 +1.0136653818 +3.1311280757 -0.0881257332
+4.1000000000 +0.2408003906 +0.0010982339 +0.0003277344 +0.0016296428 +0.1062295349 +0.0008386743 +0.0394196949 +0.0005247753 -2.6517875000 +0.0039693473 +7.6622056641 +0.0239100000 +0.7530881059 +2.3994430702 -0.1643979817
+4.2000000000 +0.2184714844 +0.0009702672 +0.0005675781 +0.0014610459 +0.0853865295 +0.0006868886 +0.0261634954 +0.0003874367 -2.4444453125 +0.0035492066 +6.4791875977 +0.0198065559 +0.5738169913 +1.8281168684 -0.1961779275
+4.3000000000 +0.2020625000 +0.0008673723 -0.0003523438 +0.0013315641 +0.0709226440 +0.0005704063 +0.0180445555 +0.0002914138 -2.2881906250 +0.0032139880 +5.6490050781 +0.0167030266 +0.4479016206 +1.4301827731 -0.1957904970
+4.4000000000 +0.1885710938 +0.0007903362 +0.0003109375 +0.0012302867 +0.0605443115 +0.0004836680 +0.0130230017 +0.0002217023 -2.1532484375 +0.0029629811 +4.9876491211 +0.0143124821 +0.3634218782 +1.1608935124 -0.1842493465
+4.5000000000 +0.1788441406 +0.0007399283 -0.0006097656 +0.0011606529 +0.0538849792 +0.0004257248 +0.0101532562 +0.0001748924 -2.0516281250 +0.0028136862 +4.5258511719 +0.0128137742 +0.3114631483 +1.0008437210 -0.1655976164
+4.6000000000 +0.1703074219 +0.0006910787 -0.0006191406 +0.0010966748 +0.0481082092 +0.0003745068 +0.0079246128 +0.0001408827 -1.9559750000 +0.0026449248 +4.1056632813 +0.0114119561 +0.2657890961 +0.8463518507 -0.1413488702
+4.7000000000 +0.1628328125 +0.0006522668 -0.0010320312 +0.0010432107 +0.0435326050 +0.0003348872 +0.0063810653 +0.0001127758 -1.8717406250 +0.0025404449 +3.7615673828 +0.0103567159 +0.2317355595 +0.7479349296 -0.1223869792
+4.8000000000 +0.1559632813 +0.0006190287 +0.0002367188 +0.0009956449 +0.0396524048 +0.0003017189 +0.0052136856 +0.0000915925 -1.8005375000 +0.0024473961 +3.4815251953 +0.0094931092 +0.2043714625 +0.6655275178 -0.1053110678
+4.9000000000 +0.1510542969 +0.0005976185 +0.0003785156 +0.0009631092 +0.0371033142 +0.0002809576 +0.0045341422 +0.0000793886 -1.7379796875 +0.0023932346 +3.2496762695 +0.0089349966 +0.1865915246 +0.6106865483 -0.0978638190
+5.0000000000 +0.1457546875 +0.0005730689 -0.0007937500 +0.0009270938 +0.0343807495 +0.0002574508 +0.0038332716 +0.0000656744 -1.6759078125 +0.0023334466 +3.0264659180 +0.0084034655 +0.1681449035 +0.5575652402 -0.0809800062
