# T, am1a, am1e, m1a, m1e, m2a, m2e, m4a, m4e, e1a, e1e, e2a, e2e, susc, spec, bind
+3.0000000000 +0.4774444444 +0.0023976172 -0.0780239583 +0.0033608339 +0.4578959226 +0.0023468704 +0.4299807109 +0.0022200278 -5.6646076389 +0.0010916828 +32.1354505594 +0.0121844219 +11.0372508009 +0.7627337098 +0.3164124158
+3.1000000000 +0.4738409722 +0.0023709213 -0.0763350694 +0.0033299735 +0.4493759742 +0.0023053337 +0.4145213052 +0.0021487991 -5.5774270833 +0.0012526058 +31.1704537230 +0.0137580327 +10.4446780116 +0.9404331786 +0.3157640257
+3.2000000000 +0.4709227431 +0.0023371322 -0.0767869792 +0.0032952976 +0.4402556990 +0.0022536386 +0.3969805523 +0.0020632906 -5.4712840278 +0.0014390537 +30.0177839313 +0.0154646841 +9.8319361094 +1.1648674507 +0.3172872653
+3.3000000000 +0.4660524306 +0.0022927420 -0.0749298611 +0.0032475260 +0.4274714988 +0.0021860256 +0.3738801925 +0.0019559016 -5.3389097222 +0.0016752997 +28.6162221836 +0.0175034510 +9.1752711629 +1.4844980047 +0.3179803696
+3.4000000000 +0.4581638889 +0.0022284818 -0.0758312500 +0.0031733618 +0.4085593895 +0.0020936277 +0.3422518534 +0.0018201295 -5.1637722222 +0.0020062878 +26.8255511960 +0.0201432550 +8.4132101810 +2.0056314145 +0.3165383319
+3.5000000000 +0.4374414931 +0.0021323885 -0.0762178819 +0.0030307966 +0.3732382849 +0.0019681694 +0.2942544557 +0.0016516749 -4.9188479167 +0.0025043629 +24.4459381752 +0.0236709301 +7.4831955437 +2.9490418034 +0.2959079787
+3.6000000000 +0.4072621528 +0.0019714547 -0.0764315972 +0.0028084071 +0.3213278067 +0.0017821019 +0.2302870527 +0.0014313144 -4.5443763889 +0.0032560981 +21.0754437500 +0.0282690961 +6.2186138251 +4.7120776234 +0.2565502027
+3.7000000000 +0.3481744792 +0.0016945105 -0.0563807292 +0.0024129925 +0.2360800962 +0.0014788716 +0.1432162564 +0.0011055109 -3.9798104167 +0.0038926347 +16.4449951582 +0.0306381898 +4.4700179650 +6.3753839008 +0.1434507963
+3.8000000000 +0.2719388889 +0.0013324774 -0.0274315972 +0.0018988030 +0.1449706019 +0.0010794333 +0.0676235218 +0.0007176671 -3.3706631944 +0.0037093147 +11.9117309992 +0.0263466422 +2.6912782444 +5.4883608417 -0.0725477751
+3.9000000000 +0.2142102431 +0.0010025848 -0.0105796875 +0.0014661271 +0.0860930809 +0.0007100362 +0.0275780721 +0.0003944554 -2.9253645833 +0.0029922673 +8.9159044946 +0.0189972336 +1.4845680976 +3.3907365603 -0.2402411846
+4.0000000000 +0.1809239583 +0.0007971908 -0.0041895833 +0.0012055751 +0.0581540075 +0.0004855596 +0.0128126125 +0.0002171897 -2.6496215278 +0.0024719379 +7.2649133295 +0.0140863598 +0.9151390377 +2.1997718011 -0.2628656158
+4.1000000000 +0.1590663194 +0.0006718013 -0.0034729167 +0.0010409456 +0.0433547719 +0.0003563218 +0.0069582455 +0.0001273940 -2.4624208333 +0.0021690538 +6.2517081404 +0.0113147808 +0.6340452730 +1.6121128090 -0.2339702228
+4.2000000000 +0.1440335069 +0.0005866593 -0.0014734375 +0.0009288467 +0.0345124168 +0.0002755348 +0.0042278842 +0.0000816395 -2.3184284722 +0.0019970279 +5.5346353974 +0.0097036663 +0.4720033950 +1.3022434005 -0.1831807096
+4.3000000000 +0.1329982639 +0.0005322125 -0.0013322917 +0.0008517154 +0.0290185426 +0.0002250380 +0.0028677592 +0.0000535607 -2.1988763889 +0.0018696258 +4.9748773920 +0.0085435083 +0.3794234043 +1.0889173956 -0.1351943923
+4.4000000000 +0.1249696181 +0.0004934884 -0.0018498264 +0.0007961661 +0.0253586384 +0.0001928214 +0.0021302644 +0.0000388219 -2.0976381944 +0.0017800058 +4.5268228202 +0.0077142916 +0.3188039865 +0.9426706023 -0.1042321706
+4.5000000000 +0.1186125000 +0.0004649826 -0.0016937500 +0.0007535650 +0.0227172791 +0.0001714626 +0.0016920511 +0.0000307449 -2.0098125000 +0.0017187196 +4.1575061728 +0.0071079995 +0.2767473271 +0.8402480902 -0.0928978951
+4.6000000000 +0.1124940972 +0.0004396040 -0.0020482639 +0.0007138066 +0.0203849875 +0.0001532629 +0.0013551286 +0.0000249763 -1.9269222222 +0.0016709724 +3.8247152006 +0.0066194629 +0.2419846607 +0.7600556152 -0.0870220679
+4.7000000000 +0.1081156250 +0.0004200059 -0.0012871528 +0.0006845351 +0.0187451871 +0.0001388227 +0.0011222523 +0.0000197457 -1.8556444444 +0.0016287097 +3.5495241127 +0.0062063999 +0.2161899190 +0.6916941792 -0.0646078712
+4.8000000000 +0.1041138889 +0.0004041857 -0.0005350694 +0.0006590535 +0.0173743465 +0.0001283097 +0.0009604032 +0.0000168162 -1.7908194444 +0.0015904383 +3.3082140432 +0.0058684558 +0.1960393406 +0.6323735038 -0.0605115423
+4.9000000000 +0.1006901042 +0.0003891813 +0.0001182292 +0.0006363365 +0.0161969799 +0.0001192433 +0.0008311011 +0.0000148442 -1.7283381944 +0.0015560543 +3.0840051119 +0.0055367841 +0.1780452092 +0.5808711554 -0.0560015012
+5.0000000000 +0.0976746528 +0.0003764970 +0.0000701389 +0.0006166509 +0.0152103371 +0.0001118911 +0.0007321387 +0.0000131580 -1.6738826389 +0.0015300607 +2.8955265239 +0.0052674509 +0.1632959798 +0.5393861864 -0.0548590206
