# T, am1a, am1e, m1a, m1e, m2a, m2e, m4a, m4e, e1a, e1e, e2a, e2e, susc, spec, bind
+3.0000000000 +0.5005179687 +0.0023924865 +0.0253351563 +0.0034598990 +0.4794779053 +0.0023530527 +0.4513733411 +0.0022486405 -5.6604125000 +0.0016646915 +32.1511175781 +0.0182149701 +4.8844729223 +0.7882517900 +0.3455485233
+3.1000000000 +0.4957503906 +0.0023649071 +0.0256113281 +0.0034235360 +0.4694798767 +0.0023152064 +0.4348185771 +0.0021887887 -5.5736218750 +0.0019057014 +31.2105287109 +0.0204856182 +4.6185584909 +0.9674449479 +0.3424135252
+3.2000000000 +0.4910312500 +0.0023292206 +0.0247023438 +0.0033819825 +0.4581224243 +0.0022666466 +0.4153836240 +0.0021148352 -5.4645062500 +0.0022007720 +30.0545644531 +0.0230503757 +4.3402147168 +1.2108493552 +0.3402718495
+3.3000000000 +0.4846992187 +0.0022833081 +0.0239867188 +0.0033275284 +0.4434731689 +0.0022056860 +0.3912704770 +0.0020272803 -5.3312734375 +0.0025522088 +28.6830272461 +0.0259304793 +4.0444089462 +1.5312442576 +0.3368357187
+3.4000000000 +0.4768128906 +0.0022258707 +0.0223894531 +0.0032597134 +0.4255305481 +0.0021341841 +0.3632659252 +0.0019300880 -5.1619062500 +0.0030023332 +27.0058363281 +0.0292503929 +3.7304473493 +1.9961810067 +0.3312836803
+3.5000000000 +0.4609531250 +0.0021440633 +0.0191742187 +0.0031463885 +0.3963580811 +0.0020361781 +0.3229405722 +0.0018047814 -4.9276562500 +0.0035833551 +24.7954134766 +0.0330889106 +3.3623825848 +2.6833886480 +0.3147864832
+3.6000000000 +0.4357980469 +0.0020294932 +0.0182933594 +0.0029763190 +0.3546736389 +0.0019070822 +0.2712718928 +0.0016479694 -4.6138796875 +0.0042489408 +22.0100256836 +0.0368651484 +2.9289546890 +3.5661230265 +0.2811707821
+3.7000000000 +0.4033894531 +0.0018754666 +0.0147355469 +0.0027531841 +0.3034180481 +0.0017363106 +0.2126534905 +0.0014500659 -4.2117812500 +0.0048270627 +18.6711226562 +0.0391420599 +2.4336431949 +4.3571487902 +0.2300395094
+3.8000000000 +0.3604230469 +0.0016907574 +0.0120519531 +0.0024703540 +0.2442512024 +0.0015299108 +0.1532837328 +0.0012195094 -3.7590687500 +0.0051111923 +15.1755693359 +0.0386405395 +1.9258346050 +4.6314524929 +0.1435512251
+3.9000000000 +0.3163195313 +0.0014821145 +0.0080593750 +0.0021671388 +0.1879245850 +0.0012902397 +0.1019043891 +0.0009633147 -3.3218250000 +0.0049457332 +12.0129324219 +0.0348246823 +1.4419124367 +4.1169171492 +0.0381564535
+4.0000000000 +0.2761105469 +0.0012802341 +0.0059167969 +0.0018825647 +0.1417970032 +0.0010553525 +0.0646571492 +0.0007303636 -2.9502500000 +0.0045384763 +9.5278857422 +0.0297281376 +1.0489595053 +3.2956427188 -0.0719170841
+4.1000000000 +0.2448660156 +0.0011102267 +0.0040378906 +0.0016526281 +0.1092634949 +0.0008531438 +0.0410526840 +0.0005359831 -2.6650187500 +0.0040184197 +7.7482328125 +0.0243302480 +0.7696254324 +2.4591376548 -0.1462256596
+4.2000000000 +0.2209441406 +0.0009765638 +0.0022324219 +0.0014744355 +0.0869633850 +0.0006947399 +0.0268691730 +0.0003934613 -2.4455500000 +0.0035901002 +6.4962675781 +0.0200807258 +0.5812887121 +1.8704862608 -0.1842957537
+4.3000000000 +0.2030339844 +0.0008772964 +0.0010785156 +0.0013417116 +0.0720087585 +0.0005758582 +0.0184497682 +0.0002882616 -2.2873140625 +0.0032306785 +5.6492969727 +0.0167548629 +0.4582096332 +1.4450755293 -0.1860391127
+4.4000000000 +0.1898464844 +0.0007999818 -0.0003707031 +0.0012413741 +0.0616405212 +0.0004915447 +0.0134642002 +0.0002232273 -2.1560703125 +0.0029867488 +5.0054659180 +0.0144091568 +0.3723466707 +1.1795924811 -0.1812088696
+4.5000000000 +0.1788050781 +0.0007412072 -0.0005707031 +0.0011613188 +0.0539467834 +0.0004265235 +0.0101871463 +0.0001754375 -2.0461500000 +0.0027917536 +4.4984853516 +0.0126311715 +0.3125408353 +0.9853014252 -0.1668101006
+4.6000000000 +0.1699703125 +0.0006955047 +0.0004007812 +0.0010981668 +0.0482389771 +0.0003778382 +0.0080374665 +0.0001391211 -1.9573437500 +0.0026567802 +4.1135337891 +0.0113922542 +0.2692044511 +0.8539560935 -0.1513350934
+4.7000000000 +0.1621566406 +0.0006539750 +0.0009378906 +0.0010416480 +0.0434021057 +0.0003348417 +0.0063685015 +0.0001114378 -1.8760562500 +0.0025623145 +3.7822052734 +0.0104440095 +0.2329508713 +0.7608676368 -0.1269234137
+4.8000000000 +0.1551992188 +0.0006170759 +0.0014773437 +0.0009914121 +0.0393181030 +0.0002992124 +0.0051270361 +0.0000915975 -1.8019390625 +0.0024585980 +3.4887725586 +0.0095865635 +0.2030840737 +0.6716338156 -0.1055032018
+4.9000000000 +0.1506550781 +0.0005945238 +0.0024152344 +0.0009595502 +0.0368352966 +0.0002796674 +0.0044853928 +0.0000806702 -1.7391937500 +0.0023896997 +3.2532214844 +0.0089437642 +0.1846640858 +0.6088838566 -0.1019220689
+5.0000000000 +0.1458765625 +0.0005744910 +0.0014765625 +0.0009284313 +0.0344815674 +0.0002602843 +0.0038988951 +0.0000700168 -1.6786500000 +0.0023415719 +3.0371841797 +0.0084224927 +0.1689804275 +0.5614549944 -0.0930657844
