# T, am1a, am1e, m1a, m1e, m2a, m2e, m4a, m4e, e1a, e1e, e2a, e2e, susc, spec, bind
+3.0000000000 +0.5010781250 +0.0023978445 -0.0118656250 +0.0034674372 +0.4810656250 +0.0023887619 +0.4596714676 +0.0023551827 -5.6493437500 +0.0033814217 +32.3724453125 +0.0333604917 +1.2265938008 +0.8130853455 +0.3379090640
+3.1000000000 +0.4965578125 +0.0023732054 -0.0111109375 +0.0034341315 +0.4718538086 +0.0023630449 +0.4460052731 +0.0023238049 -5.5644687500 +0.0038207545 +31.5472390625 +0.0369397494 +1.1627568900 +0.9721982814 +0.3322655102
+3.2000000000 +0.4908812500 +0.0023432419 -0.0094062500 +0.0033930341 +0.4605957031 +0.0023332088 +0.4299029327 +0.0022883871 -5.4536687500 +0.0043558294 +30.5014328125 +0.0410517217 +1.0981565076 +1.1858280903 +0.3245248307
+3.3000000000 +0.4855109375 +0.0023071567 -0.0102015625 +0.0033486403 +0.4486397461 +0.0022970246 +0.4123304958 +0.0022464475 -5.3271437500 +0.0048974414 +29.3378578125 +0.0449630805 +1.0323339426 +1.4095827796 +0.3171446612
+3.4000000000 +0.4797406250 +0.0022636970 -0.0090156250 +0.0032978885 +0.4351240234 +0.0022529304 +0.3923607277 +0.0021952998 -5.1725125000 +0.0054916885 +27.9612312500 +0.0489125625 +0.9645786172 +1.6696826122 +0.3092225475
+3.5000000000 +0.4719125000 +0.0022144179 -0.0081687500 +0.0032356627 +0.4188472656 +0.0022038537 +0.3697118744 +0.0021377624 -4.9986375000 +0.0060118919 +26.4320906250 +0.0522338133 +0.8966667793 +1.8882792080 +0.2975251575
+3.6000000000 +0.4606671875 +0.0021606053 -0.0065734375 +0.0031579252 +0.3989428711 +0.0021493539 +0.3439442974 +0.0020746484 -4.8056375000 +0.0065287312 +24.7991250000 +0.0552262584 +0.8299049487 +2.1049052081 +0.2796468812
+3.7000000000 +0.4477921875 +0.0020975061 -0.0042171875 +0.0030679037 +0.3764991211 +0.0020835712 +0.3154023479 +0.0019974635 -4.5786187500 +0.0070244140 +22.9374453125 +0.0576534816 +0.7610001207 +2.3067297644 +0.2583214246
+3.8000000000 +0.4345343750 +0.0020271605 -0.0041906250 +0.0029714380 +0.3531953125 +0.0020110285 +0.2865163574 +0.0019133957 -4.3357500000 +0.0074327875 +21.0085812500 +0.0591144659 +0.6921060608 +2.4485907895 +0.2344063825
+3.9000000000 +0.4195515625 +0.0019518222 -0.0048140625 +0.0028652432 +0.3284079102 +0.0019259326 +0.2562204182 +0.0018128526 -4.0820687500 +0.0077557197 +19.0693328125 +0.0598333045 +0.6251667551 +2.5310164710 +0.2081092635
+4.0000000000 +0.4072296875 +0.0018790842 -0.0031328125 +0.0027706701 +0.3070743164 +0.0018429156 +0.2301481510 +0.0017118228 -3.8433000000 +0.0078959762 +17.2648125000 +0.0592290803 +0.5649531921 +2.4938576100 +0.1864219031
+4.1000000000 +0.3940343750 +0.0018085922 -0.0030906250 +0.0026743867 +0.2861033203 +0.0017632419 +0.2062159904 +0.0016172251 -3.6042562500 +0.0079712437 +15.5322921875 +0.0580343774 +0.5105960259 +2.4191591404 +0.1602397997
+4.2000000000 +0.3795843750 +0.0017290634 -0.0038468750 +0.0025673717 +0.2636707031 +0.0016714612 +0.1812735397 +0.0015100541 -3.3778375000 +0.0079511763 +13.9386343750 +0.0562547077 +0.4555672586 +2.2937398627 +0.1308606639
+4.3000000000 +0.3639218750 +0.0016618135 -0.0041343750 +0.0024641784 +0.2429041016 +0.0015877406 +0.1598392143 +0.0014104914 -3.1607562500 +0.0078889503 +12.4798015625 +0.0541161730 +0.4110324482 +2.1541776014 +0.0969903631
+4.4000000000 +0.3486718750 +0.0015864769 -0.0028937500 +0.0023571172 +0.2222484375 +0.0014980370 +0.1391589615 +0.0013081317 -2.9524062500 +0.0077410667 +11.1136671875 +0.0516231653 +0.3660958585 +1.9809624153 +0.0608985923
+4.5000000000 +0.3356453125 +0.0015122170 -0.0004859375 +0.0022590349 +0.2041297852 +0.0014082022 +0.1209903065 +0.0012042462 -2.7560437500 +0.0075422912 +9.8712234375 +0.0486941192 +0.3252338110 +1.7978834849 +0.0321310332
+4.6000000000 +0.3236265625 +0.0014467158 -0.0014796875 +0.0021705496 +0.1884536133 +0.0013209595 +0.1053121296 +0.0011002118 -2.5864875000 +0.0072788562 +8.8091875000 +0.0454034270 +0.2911981264 +1.6024725235 +0.0115648004
+4.7000000000 +0.3130781250 +0.0013876026 -0.0017187500 +0.0020918448 +0.1750355469 +0.0012463511 +0.0927730804 +0.0010155400 -2.4366187500 +0.0070599276 +7.9308140625 +0.0427276296 +0.2621876920 +1.4440584008 -0.0093649291
+4.8000000000 +0.3030312500 +0.0013314223 -0.0017500000 +0.0020170045 +0.1627353516 +0.0011775493 +0.0819476921 +0.0009413829 -2.2964250000 +0.0068470244 +7.1488375000 +0.0402371634 +0.2363580436 +1.3022706385 -0.0314582631
+4.9000000000 +0.2947203125 +0.0012815796 -0.0011921875 +0.0019529240 +0.1525579102 +0.0011140377 +0.0729171146 +0.0008710416 -2.1742375000 +0.0066248656 +6.4828625000 +0.0377434829 +0.2145235839 +1.1698817450 -0.0443324162
+5.0000000000 +0.2841906250 +0.0012325733 -0.0003968750 +0.0018810478 +0.1415337891 +0.0010437830 +0.0636111305 +0.0007854118 -2.0541375000 +0.0063423621 +5.8285031250 +0.0347056608 +0.1944623287 +1.0297742439 -0.0585017792
