# T, am1a, am1e, m1a, m1e, m2a, m2e, m4a, m4e, e1a, e1e, e2a, e2e, susc, spec, bind
+3.0000000000 +0.4901923611 +0.0023940167 +0.0178729167 +0.0034249881 +0.4695411844 +0.0023661709 +0.4444195080 +0.0022869902 -5.6613888889 +0.0021975185 +32.2444876543 +0.0234572254 +2.7510316023 +0.7726540123 +0.3280693106
+3.1000000000 +0.4865444444 +0.0023659935 +0.0195347222 +0.0033921266 +0.4606425154 +0.0023309768 +0.4295296426 +0.0022355530 -5.5732583333 +0.0025248512 +31.3162033951 +0.0263756351 +2.6003266724 +0.9552360062 +0.3252485170
+3.2000000000 +0.4807645833 +0.0023312518 +0.0171409722 +0.0033474997 +0.4485239776 +0.0022899886 +0.4109356611 +0.0021790419 -5.4664861111 +0.0029207523 +30.2237021605 +0.0296822392 +2.4456306717 +1.1996428975 +0.3191032731
+3.3000000000 +0.4758520833 +0.0022905355 +0.0169270833 +0.0033015557 +0.4362973187 +0.0022411143 +0.3912590795 +0.0021142514 -5.3368555556 +0.0033853668 +28.9404555556 +0.0332764618 +2.2894048741 +1.5154655692 +0.3148619518
+3.4000000000 +0.4673618056 +0.0022341393 +0.0166145833 +0.0032318963 +0.4180821952 +0.0021770552 +0.3643754873 +0.0020309873 -5.1603527778 +0.0039695881 +27.2595459877 +0.0373805660 +2.1139955780 +1.9628881553 +0.3051284150
+3.5000000000 +0.4549034722 +0.0021628622 +0.0094048611 +0.0031383420 +0.3940560764 +0.0020976790 +0.3312904786 +0.0019325032 -4.9454666667 +0.0045347412 +25.2801956790 +0.0409349981 +1.9246516184 +2.4173048656 +0.2888329247
+3.6000000000 +0.4366069444 +0.0020721286 +0.0079958333 +0.0030096112 +0.3623743056 +0.0019985880 +0.2910892936 +0.0018115523 -4.6725777778 +0.0051556085 +22.8961950617 +0.0443297667 +1.7174868162 +2.9533665898 +0.2610923118
+3.7000000000 +0.4155680556 +0.0019665906 +0.0080375000 +0.0028606439 +0.3273959491 +0.0018835808 +0.2491031685 +0.0016772993 -4.3567277778 +0.0057119452 +20.2861296296 +0.0467305047 +1.5051808243 +3.4318405551 +0.2253395320
+3.8000000000 +0.3891138889 +0.0018377461 +0.0086055556 +0.0026759484 +0.2865020448 +0.0017395803 +0.2031290096 +0.0015097345 -3.9938055556 +0.0060456479 +17.4124771605 +0.0470708822 +1.2798229853 +3.6448612477 +0.1751115083
+3.9000000000 +0.3599847222 +0.0017005242 +0.0061472222 +0.0024759973 +0.2452603009 +0.0015804736 +0.1600684879 +0.0013257520 -3.6383777778 +0.0061393232 +14.7454444444 +0.0454168146 +1.0677350833 +3.5684061316 +0.1129868179
+4.0000000000 +0.3324493056 +0.0015584538 +0.0050979167 +0.0022784188 +0.2076736690 +0.0014152271 +0.1232430592 +0.0011450864 -3.2955333333 +0.0060123667 +12.3064820988 +0.0422666705 +0.8743601540 +3.2533698322 +0.0474706992
+4.1000000000 +0.3069569444 +0.0014258384 +0.0032069444 +0.0020948323 +0.1755431713 +0.0012525200 +0.0935676625 +0.0009656202 -2.9958555556 +0.0057311691 +10.2890024691 +0.0381691626 +0.7140345853 +2.8137222212 -0.0121308109
+4.2000000000 +0.2845763889 +0.0013027807 +0.0049708333 +0.0019290446 +0.1488732253 +0.0011033469 +0.0708582125 +0.0008078794 -2.7294305556 +0.0053551303 +8.5968879630 +0.0336573215 +0.5819100360 +2.3410138885 -0.0657019067
+4.3000000000 +0.2670347222 +0.0012028550 +0.0024402778 +0.0017970531 +0.1291819444 +0.0009833610 +0.0553679280 +0.0006888556 -2.5204166667 +0.0049981659 +7.3517666667 +0.0298316539 +0.4845298736 +1.9455702407 -0.1059446256
+4.4000000000 +0.2495125000 +0.0011076190 +0.0008847222 +0.0016682963 +0.1113292824 +0.0008656999 +0.0423716608 +0.0005691843 -2.3429944444 +0.0046585972 +6.3577240741 +0.0261224751 +0.4015046843 +1.6142375964 -0.1395553181
+4.5000000000 +0.2367187500 +0.0010244275 +0.0011131944 +0.0015653481 +0.0980138310 +0.0007659745 +0.0330753863 +0.0004742660 -2.1944777778 +0.0043362953 +5.5678709877 +0.0230127475 +0.3358245153 +1.3371347031 -0.1476486264
+4.6000000000 +0.2247694444 +0.0009593115 +0.0012097222 +0.0014775908 +0.0873324460 +0.0006821681 +0.0262410907 +0.0003916633 -2.0675527778 +0.0040487840 +4.9304805556 +0.0202009487 +0.2880872048 +1.1155679773 -0.1468572893
+4.7000000000 +0.2155180556 +0.0009049200 +0.0016166667 +0.0014071303 +0.0792032407 +0.0006179373 +0.0215470116 +0.0003355549 -1.9646583333 +0.0038389614 +4.4493873457 +0.0182062137 +0.2508909585 +0.9607143161 -0.1449325115
+4.8000000000 +0.2068173611 +0.0008623012 -0.0005715278 +0.0013464363 +0.0725159529 +0.0005665219 +0.0180964461 +0.0002918376 -1.8766305556 +0.0036642923 +4.0588237654 +0.0165336963 +0.2230689906 +0.8391898803 -0.1471096228
+4.9000000000 +0.1998000000 +0.0008256343 +0.0001125000 +0.0012960219 +0.0671869213 +0.0005243312 +0.0155110114 +0.0002592269 -1.8008055556 +0.0035189521 +3.7382216049 +0.0152050878 +0.2003281075 +0.7426719874 -0.1453794300
+5.0000000000 +0.1944513889 +0.0007920917 +0.0007500000 +0.0012540649 +0.0629077160 +0.0004854086 +0.0133822408 +0.0002241044 -1.7332611111 +0.0034003463 +3.4666882716 +0.0139321076 +0.1806938885 +0.6659916369 -0.1271968090
