# T, am1a, am1e, m1a, m1e, m2a, m2e, m4a, m4e, e1a, e1e, e2a, e2e, susc, susce, spec, spece, bind, binde
+3.0000000000 +0.5005750868 +0.0102871190 -0.0202586979 +0.0125491255 +0.4803969207 +0.0100662499 +0.4509652563 +0.0094911764 -5.6616284722 +0.0006169286 +32.1022916628 +0.0069905390 +10.9806362397 +0.0303068130 +0.7720143892 +0.0027411862 +0.3459340689 +0.0130031807
+3.1000000000 +0.4962984549 +0.0096733271 -0.0194691840 +0.0124005749 +0.4710656856 +0.0093841393 +0.4343977072 +0.0086755284 -5.5758034028 +0.0005479919 +31.1527316069 +0.0060585483 +10.3966976564 +0.0249313469 +0.9461896482 +0.0027354616 +0.3449779242 +0.0125512696
+3.2000000000 +0.4909208333 +0.0093468111 -0.0194781250 +0.0122622918 +0.4592641561 +0.0089767105 +0.4137461938 +0.0080896963 -5.4695070139 +0.0004502411 +29.9992756539 +0.0049944389 +9.7824268204 +0.0223425845 +1.1779685408 +0.0043062737 +0.3437173896 +0.0124075688
+3.3000000000 +0.4842076910 +0.0091935540 -0.0186064062 +0.0120457466 +0.4443609169 +0.0087074417 +0.3882902148 +0.0076067909 -5.3367697222 +0.0005652396 +28.5947026659 +0.0058617808 +9.1225577254 +0.0204635912 +1.5019954104 +0.0053522439 +0.3420539807 +0.0125883897
+3.4000000000 +0.4733483507 +0.0088837650 -0.0174581076 +0.0118754792 +0.4225725310 +0.0082625835 +0.3540034976 +0.0069263181 -5.1630239583 +0.0006930950 +26.8181573283 +0.0071583704 +8.3742207701 +0.0185204933 +2.0097234210 +0.0038794435 +0.3367133292 +0.0126565449
+3.5000000000 +0.4551625868 +0.0082803195 -0.0165079340 +0.0108642745 +0.3891466022 +0.0075373563 +0.3065777500 +0.0060011190 -4.9211847917 +0.0010550989 +24.4659557967 +0.0098564255 +7.4587056617 +0.0115600723 +2.9139124187 +0.0115996513 +0.3227657918 +0.0125921350
+3.6000000000 +0.4212860590 +0.0069904604 -0.0147272396 +0.0100421696 +0.3336957317 +0.0062343036 +0.2389640374 +0.0046611514 -4.5520829167 +0.0027375336 +21.1350484452 +0.0219855157 +6.2290049123 +0.0130327554 +4.5946069345 +0.0371140033 +0.2824710637 +0.0123303672
+3.7000000000 +0.3590356424 +0.0048606539 -0.0104347049 +0.0071804542 +0.2461084965 +0.0042785846 +0.1503292919 +0.0029523243 -3.9968707639 +0.0052505824 +16.5742640336 +0.0389297457 +4.5521764311 +0.0294715379 +6.3007883098 +0.0354900747 +0.1708946106 +0.0121398823
+3.8000000000 +0.2802610243 +0.0028661249 -0.0042252604 +0.0037821823 +0.1518083879 +0.0023509651 +0.0717887892 +0.0014184565 -3.3823636806 +0.0047287438 +11.9933595853 +0.0325426085 +2.7731368225 +0.0273443318 +5.5122073882 +0.0187626591 -0.0394547525 +0.0113418949
+3.9000000000 +0.2204935937 +0.0015029831 -0.0015703646 +0.0017259060 +0.0910372559 +0.0011476397 +0.0303223376 +0.0005980182 -2.9329784028 +0.0030428077 +8.9710065374 +0.0192487835 +1.5654366052 +0.0177253740 +3.4892462909 +0.0174683764 -0.2193750183 +0.0071069447
+4.0000000000 +0.1841371528 +0.0008739252 -0.0005344444 +0.0009829847 +0.0604928672 +0.0005716456 +0.0139171237 +0.0002403207 -2.6538781944 +0.0016334800 +7.2932488580 +0.0094859873 +0.9568345950 +0.0090796908 +2.2513743406 +0.0100552139 -0.2670548048 +0.0036546675
+4.1000000000 +0.1610051389 +0.0005805308 -0.0001502778 +0.0007633725 +0.0445584467 +0.0003226016 +0.0073767625 +0.0001036687 -2.4629047917 +0.0008815768 +6.2560862828 +0.0047323102 +0.6544070080 +0.0048164243 +1.6291316919 +0.0053419274 -0.2379640957 +0.0031020187
+4.2000000000 +0.1459930035 +0.0003812626 +0.0000413368 +0.0005376699 +0.0356512735 +0.0002115355 +0.0045322002 +0.0000615948 -2.3178909722 +0.0009082568 +5.5317431289 +0.0043564106 +0.4915152972 +0.0035799960 +1.2989087383 +0.0025227884 -0.1879983339 +0.0035015232
+4.3000000000 +0.1344994271 +0.0003092429 +0.0003525521 +0.0004235082 +0.0297594036 +0.0001398091 +0.0030545594 +0.0000361158 -2.1992960417 +0.0008731356 +4.9770328299 +0.0039779445 +0.3907540926 +0.0020869819 +1.0912702181 +0.0022816054 -0.1492285688 +0.0044490830
+4.4000000000 +0.1258535764 +0.0002040220 +0.0004807639 +0.0003916261 +0.0258239827 +0.0000888139 +0.0022454355 +0.0000220815 -2.0978329167 +0.0007510435 +4.5284737809 +0.0032377763 +0.3267636136 +0.0014666207 +0.9488320211 +0.0018729212 -0.1220654769 +0.0050022758
+4.5000000000 +0.1190053646 +0.0001402280 +0.0002338021 +0.0003902428 +0.0229141130 +0.0000605858 +0.0017277866 +0.0000114648 -2.0083271528 +0.0004291879 +4.1520134433 +0.0017359652 +0.2800524665 +0.0009403012 +0.8436170573 +0.0018668338 -0.0967601577 +0.0027629135
+4.6000000000 +0.1132559896 +0.0001153360 +0.0000020660 +0.0004066642 +0.0206505622 +0.0000452278 +0.0013851117 +0.0000079956 -1.9283195139 +0.0004316695 +3.8301848939 +0.0017223102 +0.2449098778 +0.0006690904 +0.7606063863 +0.0017770594 -0.0825800287 +0.0024430234
+4.7000000000 +0.1084308507 +0.0001128263 -0.0000140451 +0.0002942573 +0.0188478471 +0.0000353890 +0.0011370708 +0.0000049148 -1.8547003472 +0.0005308554 +3.5457374171 +0.0020531799 +0.2172399448 +0.0004787843 +0.6898259766 +0.0010366764 -0.0669162729 +0.0025507764
+4.8000000000 +0.1044169097 +0.0001250388 -0.0000776736 +0.0002671089 +0.0174018410 +0.0000339028 +0.0009609227 +0.0000041393 -1.7887801389 +0.0004646630 +3.3008429861 +0.0017537971 +0.1949638085 +0.0003693352 +0.6319152607 +0.0012973409 -0.0577233091 +0.0031394179
+4.9000000000 +0.1007527257 +0.0000987868 -0.0002917882 +0.0002344179 +0.0161810591 +0.0000320917 +0.0008242950 +0.0000040707 -1.7277025694 +0.0006157466 +3.0822793538 +0.0020300359 +0.1772037500 +0.0004462996 +0.5836731661 +0.0010841532 -0.0493398007 +0.0015355623
+5.0000000000 +0.0977230382 +0.0001017644 -0.0000668229 +0.0002254908 +0.0152020384 +0.0000301536 +0.0007248102 +0.0000032461 -1.6730200694 +0.0004456336 +2.8928665066 +0.0016261021 +0.1627817071 +0.0003883356 +0.5406817991 +0.0010908545 -0.0454176836 +0.0029276995
