# T, am1a, am1e, m1a, m1e, m2a, m2e, m4a, m4e, e1a, e1e, e2a, e2e, susc, spec, bind
+3.0000000000 +0.4929160000 +0.0023956653 +0.0266765000 +0.0034344688 +0.4725346700 +0.0023499762 +0.4441845402 +0.0022312661 -5.6610080000 +0.0013108587 +32.1157456000 +0.0145363964 +7.6522828981 +0.7637113772 +0.3369064133
+3.1000000000 +0.4907740000 +0.0023686269 +0.0242515000 +0.0034083967 +0.4652748600 +0.0023091976 +0.4297764348 +0.0021637960 -5.5769970000 +0.0015027769 +31.1932290800 +0.0163835353 +7.2392174492 +0.9399952342 +0.3382374748
+3.2000000000 +0.4855530000 +0.0023338576 +0.0226550000 +0.0033657248 +0.4536373750 +0.0022585684 +0.4098321173 +0.0020832713 -5.4716800000 +0.0017312092 +30.0591654400 +0.0184509918 +6.8086143497 +1.1707365001 +0.3361544053
+3.3000000000 +0.4811005000 +0.0022880002 +0.0241395000 +0.0033176527 +0.4408554850 +0.0021945133 +0.3869890992 +0.0019876109 -5.3393560000 +0.0020187495 +28.6717364800 +0.0208878044 +6.3453876939 +1.4969144654 +0.3362798845
+3.4000000000 +0.4723142500 +0.0022253973 +0.0231147500 +0.0032428467 +0.4211764775 +0.0021096967 +0.3554224399 +0.0018670748 -5.1632060000 +0.0024042752 +26.8899177600 +0.0238541034 +5.8263449043 +2.0001865188 +0.3321247141
+3.5000000000 +0.4533170000 +0.0021356482 +0.0215020000 +0.0031123692 +0.3879360250 +0.0019947959 +0.3096627917 +0.0017144365 -4.9249570000 +0.0029578635 +24.6051597200 +0.0276922754 +5.2125635003 +2.8568021890 +0.3141209351
+3.6000000000 +0.4265625000 +0.0020004287 +0.0225330000 +0.0029219704 +0.3420241700 +0.0018388495 +0.2522352321 +0.0015260556 -4.5783810000 +0.0036659889 +21.4991515600 +0.0318526398 +4.4463500998 +4.1479859479 +0.2812615173
+3.7000000000 +0.3768352500 +0.0017856262 +0.0197572500 +0.0025939974 +0.2695432475 +0.0016042073 +0.1755927986 +0.0012634164 -4.0826560000 +0.0043111235 +17.4115114400 +0.0343975365 +3.4469849151 +5.4304706038 +0.1943831652
+3.8000000000 +0.3145500000 +0.0015086943 +0.0092455000 +0.0021788906 +0.1899880450 +0.0012963392 +0.1033152722 +0.0009437961 -3.5367200000 +0.0043504799 +13.2654553600 +0.0318488520 +2.3959563816 +5.2428462715 +0.0459069725
+3.9000000000 +0.2619117500 +0.0012377570 +0.0015112500 +0.0018019238 +0.1298794625 +0.0009880262 +0.0559165063 +0.0006465090 -3.0734360000 +0.0038701285 +10.0451246400 +0.0258752219 +1.5713255824 +3.9389598547 -0.1049377420
+4.0000000000 +0.2204845000 +0.0010120509 +0.0010630000 +0.0014965140 +0.0895832950 +0.0007296168 +0.0293187947 +0.0004159461 -2.7441350000 +0.0032858053 +7.9621375600 +0.0199882148 +1.0242470065 +2.6991291361 -0.2177854824
+4.1000000000 +0.1934502500 +0.0008527743 +0.0000577500 +0.0012894956 +0.0665119575 +0.0005512911 +0.0165807165 +0.0002708723 -2.5167580000 +0.0028403189 +6.6567672800 +0.0157714955 +0.7094867872 +1.9196695386 -0.2493455669
+4.2000000000 +0.1742342500 +0.0007423251 -0.0001097500 +0.0011445460 +0.0523994375 +0.0004305881 +0.0101619446 +0.0001823185 -2.3473620000 +0.0025302449 +5.7661939200 +0.0129407445 +0.5248062768 +1.4517322050 -0.2336794206
+4.3000000000 +0.1600282500 +0.0006640363 +0.0001822500 +0.0010397929 +0.0432468075 +0.0003484636 +0.0067273622 +0.0001252457 -2.2175910000 +0.0023475849 +5.1381560400 +0.0111990779 +0.4101806210 +1.1922455204 -0.1989896876
+4.4000000000 +0.1493442500 +0.0006066434 +0.0003312500 +0.0009620842 +0.0370243525 +0.0002920009 +0.0047813845 +0.0000901936 -2.1098340000 +0.0021925593 +4.6436921600 +0.0098052755 +0.3345601703 +0.9932471717 -0.1626726863
+4.5000000000 +0.1415535000 +0.0005649551 -0.0002665000 +0.0009055978 +0.0328043650 +0.0002530466 +0.0036374300 +0.0000657344 -2.0127920000 +0.0020997750 +4.2276938400 +0.0088777506 +0.2837104808 +0.8709244678 -0.1267047333
+4.6000000000 +0.1346825000 +0.0005347309 -0.0001550000 +0.0008598959 +0.0295768600 +0.0002265509 +0.0029278031 +0.0000538491 -1.9336440000 +0.0020382080 +3.9051508000 +0.0082540638 +0.2486409607 +0.7853104030 -0.1156204758
+4.7000000000 +0.1291255000 +0.0005115020 -0.0003990000 +0.0008236900 +0.0271387650 +0.0002076100 +0.0024605888 +0.0000454478 -1.8586510000 +0.0019774869 +3.6110017200 +0.0076484426 +0.2226674521 +0.7080949760 -0.1136215601
+4.8000000000 +0.1248302500 +0.0004906485 -0.0001847500 +0.0007939142 +0.0252120275 +0.0001902985 +0.0020841866 +0.0000382964 -1.7920600000 +0.0019336866 +3.3610448000 +0.0072228840 +0.2006132539 +0.6491569288 -0.0929487443
+4.9000000000 +0.1206937500 +0.0004704983 -0.0002787500 +0.0007652067 +0.0234217275 +0.0001749072 +0.0017722786 +0.0000312863 -1.7307930000 +0.0018853819 +3.1378310000 +0.0067898475 +0.1807091063 +0.5921973809 -0.0768938593
+5.0000000000 +0.1176302500 +0.0004541586 +0.0000627500 +0.0007430894 +0.0220872775 +0.0001633592 +0.0015552963 +0.0000278923 -1.6730760000 +0.0018443409 +2.9352470400 +0.0064103174 +0.1650080357 +0.5442549529 -0.0626922546
