# T, am1a, am1e, m1a, m1e, m2a, m2e, m4a, m4e, e1a, e1e, e2a, e2e, susc, spec, bind
+3.0000000000 +0.5094036458 +0.0023949795 -0.0361029514 +0.0034915102 +0.4889291510 +0.0023440130 +0.4588275931 +0.0022172674 -5.6619076389 +0.0010984041 +32.1054577739 +0.0122587570 +11.0129796770 +0.7721546019 +0.3602115290
+3.1000000000 +0.5043406250 +0.0023696060 -0.0331347222 +0.0034563813 +0.4789607639 +0.0023049754 +0.4419198801 +0.0021504522 -5.5770583333 +0.0012588676 +31.1669695602 +0.0138145812 +10.4330925459 +0.9498591652 +0.3578708156
+3.2000000000 +0.4969071181 +0.0023347371 -0.0308928819 +0.0034058854 +0.4649565791 +0.0022508606 +0.4188395551 +0.0020608509 -5.4695354167 +0.0014522447 +30.0001782600 +0.0156008303 +9.8117952824 +1.1863207387 +0.3541946475
+3.3000000000 +0.4871163194 +0.0022898918 -0.0361572917 +0.0033381100 +0.4470264902 +0.0021840510 +0.3906358395 +0.0019561328 -5.3350944444 +0.0016941870 +28.5780435185 +0.0176883105 +9.1524733742 +1.5181591720 +0.3483951444
+3.4000000000 +0.4718940972 +0.0022276747 -0.0326131944 +0.0032408402 +0.4211854287 +0.0020955789 +0.3530551962 +0.0018251261 -5.1593083333 +0.0020182777 +26.7814002701 +0.0202226022 +8.4071176827 +2.0296749134 +0.3366012070
+3.5000000000 +0.4517920139 +0.0021297102 -0.0333513889 +0.0031001223 +0.3855426505 +0.0019662761 +0.3032928029 +0.0016513670 -4.9126340278 +0.0025160189 +24.3871871335 +0.0237440725 +7.4644097821 +2.9765569090 +0.3198636402
+3.6000000000 +0.4177756944 +0.0019709526 -0.0257635417 +0.0028690545 +0.3299226997 +0.0017804618 +0.2356507620 +0.0014283225 -4.5418770833 +0.0032330671 +21.0467563465 +0.0280791926 +6.2154467514 +4.6456545149 +0.2783556777
+3.7000000000 +0.3563336806 +0.0017057462 -0.0170444444 +0.0024650861 +0.2433564911 +0.0014929574 +0.1483792550 +0.0011176152 -3.9880868056 +0.0038668876 +16.5029491705 +0.0304542764 +4.5294927267 +6.2913253083 +0.1648469686
+3.8000000000 +0.2765170139 +0.0013388126 -0.0104006944 +0.0019238650 +0.1481584298 +0.0010870676 +0.0692195591 +0.0007242060 -3.3712409722 +0.0036937264 +11.9110102816 +0.0262795970 +2.7169302624 +5.4423283098 -0.0511261499
+3.9000000000 +0.2184888889 +0.0010191282 -0.0046010417 +0.0014938299 +0.0892822820 +0.0007288108 +0.0292179322 +0.0004088064 -2.9260881944 +0.0030250682 +8.9280336227 +0.0192860714 +1.5339650752 +3.4654816664 -0.2217930708
+4.0000000000 +0.1822170139 +0.0008093083 -0.0013420139 +0.0012186103 +0.0594022401 +0.0004991783 +0.0134957833 +0.0002283663 -2.6512361111 +0.0024944637 +7.2779468750 +0.0142935295 +0.9431711969 +2.2400456233 -0.2748855425
+4.1000000000 +0.1595800347 +0.0006771632 -0.0010223958 +0.0010465030 +0.0438077848 +0.0003606392 +0.0071215486 +0.0001309112 -2.4609597222 +0.0021732402 +6.2452416667 +0.0113501626 +0.6442067340 +1.6183416637 -0.2369456134
+4.2000000000 +0.1448230903 +0.0005923117 +0.0001220486 +0.0009355084 +0.0350070542 +0.0002791586 +0.0043426749 +0.0000822286 -2.3112145833 +0.0019921544 +5.5004600116 +0.0096258948 +0.4811426290 +1.2958951948 -0.1812040488
+4.3000000000 +0.1336904514 +0.0005356425 +0.0006619792 +0.0008565806 +0.0293496540 +0.0002277042 +0.0029353698 +0.0000554425 -2.1929409722 +0.0018651441 +4.9481406057 +0.0084914838 +0.3843298780 +1.0837031758 -0.1358882029
+4.4000000000 +0.1254772569 +0.0004981894 +0.0003814236 +0.0008011258 +0.0256722475 +0.0001966492 +0.0022059014 +0.0000406813 -2.0930895833 +0.0017734584 +4.5068301890 +0.0076648833 +0.3249067264 +0.9357484848 -0.1156733386
+4.5000000000 +0.1194352431 +0.0004690868 -0.0005230903 +0.0007593781 +0.0230664750 +0.0001726665 +0.0017246107 +0.0000304089 -2.0083236111 +0.0017203819 +4.1517522762 +0.0071158834 +0.2816543260 +0.8418741283 -0.0804566568
+4.6000000000 +0.1134739583 +0.0004450008 -0.0002010417 +0.0007210639 +0.0207973669 +0.0001561646 +0.0014080261 +0.0000252580 -1.9274319444 +0.0016709251 +3.8266735340 +0.0066154353 +0.2479626056 +0.7600126286 -0.0851074268
+4.7000000000 +0.1089163194 +0.0004206596 +0.0001440972 +0.0006881301 +0.0189409433 +0.0001391664 +0.0011334503 +0.0000195330 -1.8549041667 +0.0016249221 +3.5462843364 +0.0061906555 +0.2168633457 +0.6884808113 -0.0531204108
+4.8000000000 +0.1044980903 +0.0004030223 +0.0000144097 +0.0006598660 +0.0174169283 +0.0001283986 +0.0009627977 +0.0000169413 -1.7882423611 +0.0015932629 +3.2993502122 +0.0058710068 +0.1949123225 +0.6346216882 -0.0579634967
+4.9000000000 +0.1010583333 +0.0003886492 +0.0000684028 +0.0006374698 +0.0162547140 +0.0001188121 +0.0008288685 +0.0000144635 -1.7293423611 +0.0015552711 +3.0873797261 +0.0055258809 +0.1775586795 +0.5802865588 -0.0456966225
+5.0000000000 +0.0982164931 +0.0003759098 +0.0002519097 +0.0006184405 +0.0152988076 +0.0001105801 +0.0007231719 +0.0000122654 -1.6724826389 +0.0015297600 +2.8908048032 +0.0052581626 +0.1627870499 +0.5391741649 -0.0299238450
