# T, am1a, am1e, m1a, m1e, m2a, m2e, m4a, m4e, e1a, e1e, e2a, e2e, susc, spec, bind
+3.0000000000 +0.5036027344 +0.0023928065 +0.0344503906 +0.0034693292 +0.4826366272 +0.0023541513 +0.4546192570 +0.0022503924 -5.6602421875 +0.0016491525 +32.1471297852 +0.0180668096 +4.8857794800 +0.7736047218 +0.3494420050
+3.1000000000 +0.4995640625 +0.0023662711 +0.0354835938 +0.0034361123 +0.4735338013 +0.0023184730 +0.4392469467 +0.0021942055 -5.5767703125 +0.0018904285 +31.2433159180 +0.0203485709 +4.6238874576 +0.9520003302 +0.3470415792
+3.2000000000 +0.4938683594 +0.0023315130 +0.0342363281 +0.0033917987 +0.4613440735 +0.0022713377 +0.4191973550 +0.0021226306 -5.4680234375 +0.0021836901 +30.0900204102 +0.0229175719 +4.3487623419 +1.1921256069 +0.3434808673
+3.3000000000 +0.4868312500 +0.0022852803 +0.0349562500 +0.0033342277 +0.4459049072 +0.0022100628 +0.3942062855 +0.0020339784 -5.3326656250 +0.0025417605 +28.6957445312 +0.0258333116 +4.0513986182 +1.5187327130 +0.3391273390
+3.4000000000 +0.4777246094 +0.0022268172 +0.0331738281 +0.0032613988 +0.4265693909 +0.0021371712 +0.3646614665 +0.0019354611 -5.1600312500 +0.0030023223 +26.9864800781 +0.0292433592 +3.7336204888 +1.9961665171 +0.3319803433
+3.5000000000 +0.4613632812 +0.0021450087 +0.0283851563 +0.0031467954 +0.3968985718 +0.0020406173 +0.3240932426 +0.0018103587 -4.9270781250 +0.0036048578 +24.7958988281 +0.0332181917 +3.3653484707 +2.7156896824 +0.3142123672
+3.6000000000 +0.4354667969 +0.0020316178 +0.0236800781 +0.0029756068 +0.3547301697 +0.0019128617 +0.2721950948 +0.0016565026 -4.6163937500 +0.0042860009 +22.0458833984 +0.0371274215 +2.9350904622 +3.6286031773 +0.2789543077
+3.7000000000 +0.3969449219 +0.0018698746 +0.0202167969 +0.0027249486 +0.2974225159 +0.0017342307 +0.2087623965 +0.0014492517 -4.2050734375 +0.0048897465 +18.6390274414 +0.0395095586 +2.4191523436 +4.4710466695 +0.2133467647
+3.8000000000 +0.3532714844 +0.0016712690 +0.0138253906 +0.0024307160 +0.2365263489 +0.0015115312 +0.1473337719 +0.0012028529 -3.7338000000 +0.0051362583 +14.9965083984 +0.0386962733 +1.8816944371 +4.6769903975 +0.1221465970
+3.9000000000 +0.3082882813 +0.0014540300 +0.0082609375 +0.0021186172 +0.1796097900 +0.0012608020 +0.0958445412 +0.0009402483 -3.2856625000 +0.0049215934 +11.7644613281 +0.0345841961 +1.3877846266 +4.0768263583 +0.0096559025
+4.0000000000 +0.2711601563 +0.0012543024 +0.0063671875 +0.0018467422 +0.1364588135 +0.0010213442 +0.0603467644 +0.0006952818 -2.9231984375 +0.0044491047 +9.3368704102 +0.0289811501 +1.0068957302 +3.1671252206 -0.0802631301
+4.1000000000 +0.2416875000 +0.0010895668 +0.0037390625 +0.0016269996 +0.1058990845 +0.0008253396 +0.0384620358 +0.0005080312 -2.6432375000 +0.0039205109 +7.6015207031 +0.0235255837 +0.7412485747 +2.3407637234 -0.1432115465
+4.2000000000 +0.2198917969 +0.0009661374 +0.0019660156 +0.0014636034 +0.0856892639 +0.0006805657 +0.0258694394 +0.0003777953 -2.4385078125 +0.0034991254 +6.4360754883 +0.0194223276 +0.5689426527 +1.7768893847 -0.1743916054
+4.3000000000 +0.2021125000 +0.0008655050 +0.0005562500 +0.0013305366 +0.0708134155 +0.0005634833 +0.0177150781 +0.0002782429 -2.2733640625 +0.0031746998 +5.5713329102 +0.0162921560 +0.4459751125 +1.3954310420 -0.1775808451
+4.4000000000 +0.1893007812 +0.0007889554 -0.0005656250 +0.0012321982 +0.0607328125 +0.0004828553 +0.0130144459 +0.0002224265 -2.1488015625 +0.0029523204 +4.9659959961 +0.0142298631 +0.3621531159 +1.1525548466 -0.1761362615
+4.5000000000 +0.1786445312 +0.0007336449 -0.0004367187 +0.0011558879 +0.0534432617 +0.0004214810 +0.0099620304 +0.0001769698 -2.0453609375 +0.0027912387 +4.4951418945 +0.0126675519 +0.3061958140 +0.9849379710 -0.1626277773
+4.6000000000 +0.1693742187 +0.0006901663 +0.0007992188 +0.0010924762 +0.0477408081 +0.0003726209 +0.0078330385 +0.0001390208 -1.9535468750 +0.0026419215 +4.0955353516 +0.0112713693 +0.2650877514 +0.8444308771 -0.1455906879
+4.7000000000 +0.1633558594 +0.0006549380 +0.0002855469 +0.0010469337 +0.0438428894 +0.0003374080 +0.0064759660 +0.0001152143 -1.8762765625 +0.0025406050 +3.7786006836 +0.0103589785 +0.2336374824 +0.7480291741 -0.1230134880
+4.8000000000 +0.1571156250 +0.0006252589 +0.0004250000 +0.0010040305 +0.0403232666 +0.0003077899 +0.0054153507 +0.0000956609 -1.8047437500 +0.0024657111 +3.5002892578 +0.0095791019 +0.2085059598 +0.6755257074 -0.1101813170
+4.9000000000 +0.1510007812 +0.0005971834 -0.0001921875 +0.0009626308 +0.0370663574 +0.0002809776 +0.0045318521 +0.0000815846 -1.7400906250 +0.0024114678 +3.2605224609 +0.0090481242 +0.1863199541 +0.6200271959 -0.0994985335
+5.0000000000 +0.1452023437 +0.0005721321 +0.0004304688 +0.0009243503 +0.0341771240 +0.0002564188 +0.0037980988 +0.0000674252 -1.6744281250 +0.0023394535 +3.0226312500 +0.0083919639 +0.1675955634 +0.5604395628 -0.0838619695
