# T, am1a, am1e, m1a, m1e, m2a, m2e, m4a, m4e, e1a, e1e, e2a, e2e, susc, spec, bind
+3.0000000000 +0.4890312500 +0.0024001516 +0.0090812500 +0.0034259969 +0.4695806641 +0.0023911767 +0.4492150444 +0.0023565503 -5.6549437500 +0.0033478197 +32.4267046875 +0.0330874486 +1.2289552031 +0.7970059944 +0.3209329991
+3.1000000000 +0.4851875000 +0.0023741709 +0.0078093750 +0.0033941620 +0.4608744141 +0.0023639217 +0.4359302559 +0.0023235732 -5.5654312500 +0.0038260262 +31.5595640625 +0.0369545496 +1.1637032460 +0.9748829370 +0.3158827193
+3.2000000000 +0.4816765625 +0.0023461753 +0.0087015625 +0.0033619865 +0.4521938477 +0.0023360055 +0.4227561405 +0.0022916553 -5.4668500000 +0.0043277028 +30.6356093750 +0.0407303300 +1.1009076840 +1.1705632070 +0.3108410967
+3.3000000000 +0.4769078125 +0.0023085326 +0.0090703125 +0.0033186281 +0.4406139648 +0.0022971112 +0.4052094524 +0.0022455623 -5.3351000000 +0.0048811944 +29.4163343750 +0.0448216080 +1.0335655914 +1.4002458990 +0.3042682903
+3.4000000000 +0.4708312500 +0.0022645718 +0.0103250000 +0.0032661402 +0.4268134766 +0.0022527375 +0.3851627892 +0.0021946540 -5.1847437500 +0.0054329350 +28.0622390625 +0.0486561559 +0.9653242851 +1.6341471409 +0.2952309548
+3.5000000000 +0.4627140625 +0.0022144197 +0.0096765625 +0.0032021745 +0.4102504883 +0.0022019744 +0.3622531147 +0.0021359601 -5.0113437500 +0.0059671125 +26.5378234375 +0.0520268338 +0.8966682727 +1.8602543763 +0.2825483143
+3.6000000000 +0.4525484375 +0.0021590946 +0.0071109375 +0.0031273675 +0.3912676758 +0.0021436220 +0.3368950092 +0.0020658749 -4.8102437500 +0.0064984320 +24.8276296875 +0.0550739131 +0.8287448333 +2.0854132754 +0.2664573302
+3.7000000000 +0.4403640625 +0.0020948615 +0.0065390625 +0.0030389782 +0.3694583008 +0.0020765009 +0.3089736790 +0.0019874513 -4.5880312500 +0.0069839585 +23.0010578125 +0.0574638375 +0.7590823491 +2.2802361566 +0.2454824040
+3.8000000000 +0.4276265625 +0.0020268322 +0.0048984375 +0.0029460246 +0.3471864258 +0.0020030960 +0.2810341633 +0.0019001347 -4.3581812500 +0.0073735882 +21.1685359375 +0.0588947780 +0.6918818898 +2.4097419719 +0.2228365122
+3.9000000000 +0.4143250000 +0.0019549581 +0.0076468750 +0.0028481625 +0.3245396484 +0.0019266706 +0.2538083748 +0.0018116913 -4.1120625000 +0.0077180816 +19.2918093750 +0.0597060083 +0.6271772013 +2.5065103180 +0.1967528918
+4.0000000000 +0.3997734375 +0.0018771722 +0.0066390625 +0.0027419234 +0.3007698242 +0.0018396445 +0.2258341640 +0.0017098543 -3.8603062500 +0.0078898516 +17.3919546875 +0.0592941369 +0.5638040916 +2.4899903437 +0.1678533606
+4.1000000000 +0.3860312500 +0.0017985331 +0.0052562500 +0.0026380929 +0.2784089844 +0.0017519747 +0.2002881805 +0.0016072031 -3.6101437500 +0.0079881816 +15.5855796875 +0.0582339483 +0.5049321303 +2.4294508429 +0.1386739652
+4.2000000000 +0.3714671875 +0.0017204148 +0.0044203125 +0.0025316073 +0.2563809570 +0.0016581609 +0.1757110950 +0.0014954190 -3.3749375000 +0.0079661197 +13.9285656250 +0.0563660824 +0.4510212786 +2.3023696110 +0.1089411215
+4.3000000000 +0.3590687500 +0.0016480480 +0.0051531250 +0.0024369361 +0.2375728516 +0.0015742621 +0.1555729103 +0.0013999400 -3.1528250000 +0.0078931747 +12.4323937500 +0.0542284477 +0.4042511045 +2.1564852520 +0.0812039903
+4.4000000000 +0.3462203125 +0.0015757574 +0.0047328125 +0.0023407614 +0.2191889648 +0.0014846260 +0.1362083782 +0.0012941570 -2.9539125000 +0.0077378448 +11.1205687500 +0.0516070139 +0.3611653093 +1.9793137953 +0.0549708691
+4.5000000000 +0.3343718750 +0.0015112529 +0.0051968750 +0.0022535137 +0.2031599609 +0.0014047438 +0.1202061729 +0.0012000551 -2.7673562500 +0.0075559895 +9.9419796875 +0.0488711749 +0.3248192361 +1.8044200084 +0.0292011023
+4.6000000000 +0.3200031250 +0.0014422099 +0.0030843750 +0.0021540152 +0.1856007813 +0.0013154796 +0.1036671127 +0.0010962816 -2.5895937500 +0.0073354706 +8.8583609375 +0.0459337615 +0.2893870652 +1.6274972760 -0.0031367668
+4.7000000000 +0.3091421875 +0.0013815076 +0.0022109375 +0.0020730807 +0.1719114258 +0.0012389153 +0.0909499866 +0.0010101942 -2.4326062500 +0.0070903163 +7.9284765625 +0.0429634951 +0.2598894764 +1.4565167188 -0.0258217440
+4.8000000000 +0.3008578125 +0.0013266049 -0.0014203125 +0.0020056709 +0.1609106445 +0.0011683473 +0.0804936512 +0.0009278427 -2.2963625000 +0.0068286344 +7.1384906250 +0.0398735804 +0.2346507373 +1.2952846483 -0.0362649854
+4.9000000000 +0.2941515625 +0.0012814515 -0.0013265625 +0.0019506928 +0.1522098633 +0.0011130597 +0.0727239201 +0.0008689355 -2.1842125000 +0.0065986092 +6.5124500000 +0.0375870311 +0.2144807235 +1.1606269087 -0.0463342328
+5.0000000000 +0.2857406250 +0.0012323436 -0.0026968750 +0.0018867118 +0.1423945313 +0.0010473462 +0.0641535690 +0.0007954567 -2.0674687500 +0.0063513584 +5.8880171875 +0.0348403233 +0.1943898447 +1.0326976994 -0.0546611467
