# T, am1a, am1e, m1a, m1e, m2a, m2e, m4a, m4e, e1a, e1e, e2a, e2e, susc, spec, bind
+3.0000000000 +0.5418524306 +0.0023831356 -0.0487986111 +0.0035999867 +0.5207774667 +0.0023332208 +0.4889659505 +0.0022087384 -5.6612486111 +0.0010905764 +32.0973101080 +0.0121770808 +10.9043236908 +0.7611883396 +0.3990297221
+3.1000000000 +0.5344032986 +0.0023589305 -0.0484633681 +0.0035560523 +0.5081690068 +0.0022945415 +0.4688325762 +0.0021414105 -5.5772465278 +0.0012454703 +31.1677266782 +0.0136685185 +10.3392985347 +0.9297492108 +0.3948261162
+3.2000000000 +0.5266225694 +0.0023255408 -0.0450770833 +0.0035057987 +0.4936569252 +0.0022432015 +0.4449752700 +0.0020570492 -5.4704812500 +0.0014645426 +30.0119605131 +0.0157152476 +9.7346517528 +1.2064979042 +0.3913548679
+3.3000000000 +0.5177536458 +0.0022820647 -0.0386637153 +0.0034456013 +0.4763816081 +0.0021777772 +0.4166479756 +0.0019547424 -5.3388736111 +0.0016920903 +28.6180982253 +0.0176765041 +9.0900117949 +1.5144038333 +0.3880188447
+3.4000000000 +0.5033380208 +0.0022212302 -0.0354171875 +0.0033520491 +0.4507037097 +0.0020906365 +0.3779642795 +0.0018254568 -5.1635937500 +0.0020055377 +26.8235876736 +0.0201526334 +8.3585454995 +2.0041319407 +0.3797778996
+3.5000000000 +0.4850199653 +0.0021288781 -0.0253317708 +0.0032244672 +0.4165292378 +0.0019707599 +0.3288523912 +0.0016654858 -4.9230638889 +0.0024884742 +24.4842582176 +0.0235862462 +7.4585775530 +2.9117406976 +0.3681866966
+3.6000000000 +0.4461166667 +0.0019782383 -0.0247913194 +0.0029788527 +0.3555571542 +0.0017932672 +0.2550531782 +0.0014489974 -4.5613604167 +0.0031600340 +21.2054414545 +0.0275936097 +6.2614829579 +4.4381400416 +0.3275025503
+3.7000000000 +0.3765947917 +0.0017287111 -0.0186427083 +0.0025544753 +0.2613613209 +0.0015195332 +0.1606689827 +0.0011464955 -4.0140881944 +0.0038486994 +16.7054035301 +0.0304048965 +4.6522774228 +6.2322810528 +0.2159781677
+3.8000000000 +0.2886178819 +0.0013658584 -0.0073946181 +0.0019866327 +0.1579230529 +0.0011203148 +0.0751439002 +0.0007544783 -3.3789770833 +0.0037455433 +11.9786499035 +0.0266664619 +2.8278102742 +5.5960930357 -0.0043415171
+3.9000000000 +0.2233350694 +0.0010384591 +0.0010531250 +0.0015249044 +0.0930144483 +0.0007504624 +0.0311794373 +0.0004242043 -2.9278138889 +0.0030214968 +8.9372718750 +0.0192232370 +1.5927099714 +3.4573037352 -0.2012853733
+4.0000000000 +0.1854125000 +0.0008127925 +0.0031711806 +0.0012328119 +0.0608030623 +0.0005038497 +0.0138515922 +0.0002306036 -2.6511013889 +0.0024777755 +7.2739134259 +0.0141521429 +0.9513096174 +2.2101736658 -0.2488996342
+4.1000000000 +0.1616267361 +0.0006823584 +0.0015277778 +0.0010576553 +0.0447477214 +0.0003661860 +0.0073660464 +0.0001344441 -2.4608902778 +0.0021737756 +6.2449929784 +0.0113358408 +0.6541294664 +1.6191392478 -0.2262283253
+4.2000000000 +0.1465401042 +0.0005989866 +0.0010286458 +0.0009463660 +0.0358254015 +0.0002863113 +0.0045624262 +0.0000877962 -2.3165013889 +0.0019928761 +5.5250408951 +0.0096523278 +0.4920479776 +1.2968343701 -0.1849293840
+4.3000000000 +0.1351123264 +0.0005436736 +0.0017383681 +0.0008671153 +0.0300785819 +0.0002368280 +0.0031482203 +0.0000621154 -2.1978131944 +0.0018742723 +4.9708987076 +0.0085663914 +0.3959411004 +1.0943366827 -0.1599229440
+4.4000000000 +0.1260812500 +0.0005015448 +0.0016291667 +0.0008055389 +0.0259583695 +0.0002011458 +0.0022922224 +0.0000453515 -2.0952625000 +0.0017928279 +4.5186942130 +0.0077667987 +0.3292981495 +0.9563003484 -0.1339154604
+4.5000000000 +0.1194010417 +0.0004700051 +0.0017940972 +0.0007597628 +0.0230928000 +0.0001758028 +0.0017695424 +0.0000335226 -2.0052618056 +0.0017227362 +4.1397877122 +0.0071288794 +0.2827581187 +0.8441799351 -0.1060799973
+4.6000000000 +0.1139144097 +0.0004460157 +0.0004637153 +0.0007234203 +0.0209336938 +0.0001583937 +0.0014417619 +0.0000273516 -1.9280763889 +0.0016806499 +3.8304619213 +0.0066739896 +0.2490949902 +0.7688848689 -0.0966815997
+4.7000000000 +0.1087458333 +0.0004239505 +0.0005378472 +0.0006894695 +0.0190150174 +0.0001426595 +0.0011756407 +0.0000213701 -1.8536631944 +0.0016265133 +3.5418890625 +0.0062074228 +0.2202697867 +0.6898299079 -0.0838268579
+4.8000000000 +0.1045956597 +0.0004024341 -0.0003737847 +0.0006598909 +0.0174183799 +0.0001276245 +0.0009549205 +0.0000168335 -1.7877166667 +0.0015869755 +3.2966705247 +0.0058347920 +0.1943438351 +0.6296227776 -0.0491327841
+4.9000000000 +0.1006552083 +0.0003883649 -0.0003652778 +0.0006356970 +0.0161645616 +0.0001187449 +0.0008253072 +0.0000145560 -1.7276902778 +0.0015585543 +3.0820773534 +0.0055261144 +0.1772989910 +0.5827391368 -0.0528500069
+5.0000000000 +0.0980215278 +0.0003757486 -0.0004302083 +0.0006175661 +0.0152557002 +0.0001112252 +0.0007275779 +0.0000127174 -1.6726381944 +0.0015275888 +2.8910596258 +0.0052372751 +0.1626474333 +0.5376447144 -0.0420628837
