# T, am1a, am1e, m1a, m1e, m2a, m2e, m4a, m4e, e1a, e1e, e2a, e2e, susc, spec, bind
+3.0000000000 +0.4994074219 +0.0023923996 -0.0042605469 +0.0034580799 +0.4783508118 +0.0023525677 +0.4502024954 +0.0022472038 -5.6593078125 +0.0016476726 +32.1363579102 +0.0180484736 +4.8841181599 +0.7722168429 +0.3441664761
+3.1000000000 +0.4950902344 +0.0023647034 -0.0026746094 +0.0034233758 +0.4687872253 +0.0023145531 +0.4340477074 +0.0021868345 -5.5737062500 +0.0018796596 +31.2075261719 +0.0202373325 +4.6177627906 +0.9411850029 +0.3416381226
+3.2000000000 +0.4908968750 +0.0023292932 -0.0007882813 +0.0033837974 +0.4580040161 +0.0022665790 +0.4152629017 +0.0021134032 -5.4668593750 +0.0021604553 +30.0732541016 +0.0227072568 +4.3404854846 +1.1668917221 +0.3401225202
+3.3000000000 +0.4850164062 +0.0022863792 -0.0024429687 +0.0033329272 +0.4443421143 +0.0022097106 +0.3927527484 +0.0020321456 -5.3367359375 +0.0025155523 +28.7338706055 +0.0256150101 +4.0552959986 +1.4875747371 +0.3369244354
+3.4000000000 +0.4757726562 +0.0022252797 -0.0010414063 +0.0032574274 +0.4244344116 +0.0021338901 +0.3622840513 +0.0019289853 -5.1595125000 +0.0029967296 +26.9797847656 +0.0291288273 +3.7284666576 +1.9887364870 +0.3296420170
+3.5000000000 +0.4632105469 +0.0021444132 -0.0025285156 +0.0031563346 +0.3985043274 +0.0020403346 +0.3253243050 +0.0018100680 -4.9266546875 +0.0035994420 +24.7901657227 +0.0331337539 +3.3634800760 +2.7075360015 +0.3171439330
+3.6000000000 +0.4360589844 +0.0020321398 -0.0025214844 +0.0029804562 +0.3553311218 +0.0019128732 +0.2726235667 +0.0016545271 -4.6117781250 +0.0042835919 +22.0024638672 +0.0370104422 +2.9365988262 +3.6245253973 +0.2802599884
+3.7000000000 +0.3988742188 +0.0018751533 -0.0003554687 +0.0027374646 +0.2997486328 +0.0017410153 +0.2110946105 +0.0014567099 -4.2032578125 +0.0049083496 +18.6310520508 +0.0396655230 +2.4328301047 +4.5051316286 +0.2168562815
+3.8000000000 +0.3555144531 +0.0016771651 +0.0011511719 +0.0024438930 +0.2389058411 +0.0015172591 +0.1491590088 +0.0012064910 -3.7377968750 +0.0051489530 +15.0315941406 +0.0387852159 +1.8949947736 +4.7001381135 +0.1288865930
+3.9000000000 +0.3102417969 +0.0014637324 +0.0027613281 +0.0021327379 +0.1819504700 +0.0012700575 +0.0976278176 +0.0009451660 -3.2981750000 +0.0049190093 +11.8458244141 +0.0345693986 +1.4063671375 +4.0725463077 +0.0170171000
+4.0000000000 +0.2722523438 +0.0012629394 +0.0031390625 +0.0018568260 +0.1379219727 +0.0010333969 +0.0617388377 +0.0007075570 -2.9320921875 +0.0044673828 +9.3954649414 +0.0290855592 +1.0208101437 +3.1932013816 -0.0818580330
+4.1000000000 +0.2428074219 +0.0010965683 +0.0038722656 +0.0016358402 +0.1070539246 +0.0008376386 +0.0395260823 +0.0005223094 -2.6539062500 +0.0039731090 +7.6746421875 +0.0239698192 +0.7508055484 +2.4039930659 -0.1496279913
+4.2000000000 +0.2207984375 +0.0009715000 +0.0040015625 +0.0014704458 +0.0865044434 +0.0006907306 +0.0265673666 +0.0003942571 -2.4438421875 +0.0035564282 +6.4782918945 +0.0199030499 +0.5752760892 +1.8355637447 -0.1834513833
+4.3000000000 +0.2031816406 +0.0008709654 +0.0043332031 +0.0013379764 +0.0716260071 +0.0005757124 +0.0183880779 +0.0002983915 -2.2793546875 +0.0032282102 +5.6123114258 +0.0168080745 +0.4516201376 +1.4428681773 -0.1947405305
+4.4000000000 +0.1892269531 +0.0007977177 +0.0045003906 +0.0012373432 +0.0612609802 +0.0004917026 +0.0134237653 +0.0002287587 -2.1507859375 +0.0030082213 +4.9878559570 +0.0146047122 +0.3702420427 +1.1966142416 -0.1922990869
+4.5000000000 +0.1788808594 +0.0007413496 +0.0039074219 +0.0011615406 +0.0539823303 +0.0004283997 +0.0102551443 +0.0001820994 -2.0476562500 +0.0028186572 +4.5106892578 +0.0129500012 +0.3126608849 +1.0043832562 -0.1730520019
+4.6000000000 +0.1705929687 +0.0006949605 +0.0022781250 +0.0011001770 +0.0484207642 +0.0003790445 +0.0080915598 +0.0001420273 -1.9537828125 +0.0026787102 +4.1042868164 +0.0115109470 +0.2687833485 +0.8681120242 -0.1503969384
+4.7000000000 +0.1621488281 +0.0006532280 +0.0020730469 +0.0010411078 +0.0433605164 +0.0003363789 +0.0064061641 +0.0001168388 -1.8696250000 +0.0025575553 +3.7571412109 +0.0104784741 +0.2324190488 +0.7580438434 -0.1357635126
+4.8000000000 +0.1556656250 +0.0006236947 +0.0012523437 +0.0009973718 +0.0397915894 +0.0003100432 +0.0054284422 +0.0001009767 -1.8045156250 +0.0024707889 +3.5004685547 +0.0096899775 +0.2074640340 +0.6783108717 -0.1428030611
+4.9000000000 +0.1505144531 +0.0005970053 -0.0000308594 +0.0009606145 +0.0369112122 +0.0002830780 +0.0045677633 +0.0000860808 -1.7387656250 +0.0024142458 +3.2564492187 +0.0090891331 +0.1862088040 +0.6214565799 -0.1175467940
+5.0000000000 +0.1468429687 +0.0005746113 -0.0000742187 +0.0009323355 +0.0347699829 +0.0002591629 +0.0038955680 +0.0000672431 -1.6769125000 +0.0023287584 +3.0289601563 +0.0083609953 +0.1690512056 +0.5553270364 -0.0740897587
