# T, am1a, am1e, m1a, m1e, m2a, m2e, m4a, m4e, e1a, e1e, e2a, e2e, susc, spec, bind
+3.0000000000 +0.4976261719 +0.0023947134 -0.0248027344 +0.0034510966 +0.4770178894 +0.0023562226 +0.4496174553 +0.0022527012 -5.6629078125 +0.0016442728 +32.1766702148 +0.0180135198 +4.8935697593 +0.7690334007 +0.3413532161
+3.1000000000 +0.4947328125 +0.0023657414 -0.0228976562 +0.0034209120 +0.4686298462 +0.0023159856 +0.4341655035 +0.0021894473 -5.5747531250 +0.0018880823 +31.2204666016 +0.0202933275 +4.6218176088 +0.9496387720 +0.3410170626
+3.2000000000 +0.4912828125 +0.0023310215 -0.0225750000 +0.0033845074 +0.4587052490 +0.0022695184 +0.4164390579 +0.0021186223 -5.4664546875 +0.0021737346 +30.0711317383 +0.0228066992 +4.3469289433 +1.1812805487 +0.3402752444
+3.3000000000 +0.4846113281 +0.0022884540 -0.0230488281 +0.0033309074 +0.4443290100 +0.0022131938 +0.3933573350 +0.0020367272 -5.3386562500 +0.0025107252 +28.7534001953 +0.0255415883 +4.0626593098 +1.4818711605 +0.3358645535
+3.4000000000 +0.4736988281 +0.0022309955 -0.0234824219 +0.0032516641 +0.4234842102 +0.0021408485 +0.3626681744 +0.0019388345 -5.1696312500 +0.0029936703 +27.0835697266 +0.0291830005 +3.7476448082 +1.9846780102 +0.3259164216
+3.5000000000 +0.4569007812 +0.0021479552 -0.0219320313 +0.0031337907 +0.3933067871 +0.0020417414 +0.3214385458 +0.0018107988 -4.9396671875 +0.0035656835 +24.9088758789 +0.0330284793 +3.3746004700 +2.6569871968 +0.3073500325
+3.6000000000 +0.4342312500 +0.0020358547 -0.0193007812 +0.0029747791 +0.3543449585 +0.0019151747 +0.2722761148 +0.0016579353 -4.6278859375 +0.0042574417 +22.1423606445 +0.0369768270 +2.9473454226 +3.5804068841 +0.2771706577
+3.7000000000 +0.4009343750 +0.0018836619 -0.0131640625 +0.0027500108 +0.3026756592 +0.0017482806 +0.2138719546 +0.0014641763 -4.2236515625 +0.0048639955 +18.7855706055 +0.0395029651 +2.4549584627 +4.4240786983 +0.2218244345
+3.8000000000 +0.3561500000 +0.0016910367 -0.0081070313 +0.0024554088 +0.2412270264 +0.0015313560 +0.1519925282 +0.0012239262 -3.7645000000 +0.0051182780 +15.2193310547 +0.0387973476 +1.9264708020 +4.6443027355 +0.1293390676
+3.9000000000 +0.3119757812 +0.0014754589 -0.0043562500 +0.0021470274 +0.1844080444 +0.0012842244 +0.0999756219 +0.0009622164 -3.3266500000 +0.0049468749 +12.0454630859 +0.0349406756 +1.4289912836 +4.1188180973 +0.0200292014
+4.0000000000 +0.2736894531 +0.0012783905 -0.0009292969 +0.0018726742 +0.1402772034 +0.0010525945 +0.0639959043 +0.0007282809 -2.9556484375 +0.0045179212 +9.5523221680 +0.0295534183 +1.0459405859 +3.2658579275 -0.0840685053
+4.1000000000 +0.2451488281 +0.0011211554 -0.0012996094 +0.0016611429 +0.1103775208 +0.0008668364 +0.0422394088 +0.0005500692 -2.6786296875 +0.0040570069 +7.8334291992 +0.0246711271 +0.7848518684 +2.5065925386 -0.1556739032
+4.2000000000 +0.2202273437 +0.0009825965 -0.0013773438 +0.0014757881 +0.0871199219 +0.0007004463 +0.0272148831 +0.0003996710 -2.4591843750 +0.0036145063 +6.5701740234 +0.0203600209 +0.5884927838 +1.8960044742 -0.1952266403
+4.3000000000 +0.2027675781 +0.0008812400 -0.0028199219 +0.0013432246 +0.0721780457 +0.0005852664 +0.0189111428 +0.0003018724 -2.2926609375 +0.0032700996 +5.6840362305 +0.0170995891 +0.4623383057 +1.4805566032 -0.2100025374
+4.4000000000 +0.1888023437 +0.0008008828 -0.0013914063 +0.0012379511 +0.0613028564 +0.0004951844 +0.0135663448 +0.0002271958 -2.1603375000 +0.0029968827 +5.0263103516 +0.0145490178 +0.3731859119 +1.1876107030 -0.2033173398
+4.5000000000 +0.1774011719 +0.0007455880 -0.0015542969 +0.0011587150 +0.0537072327 +0.0004320680 +0.0103517771 +0.0001807225 -2.0543625000 +0.0028157446 +4.5375419922 +0.0128572592 +0.3162461423 +1.0023086168 -0.1962669581
+4.6000000000 +0.1685582031 +0.0006904719 -0.0015277344 +0.0010894906 +0.0474819275 +0.0003737787 +0.0078429529 +0.0001396294 -1.9598078125 +0.0026474759 +4.1212118164 +0.0113813371 +0.2653225690 +0.8479853443 -0.1595825455
+4.7000000000 +0.1609734375 +0.0006507778 -0.0006914062 +0.0010350415 +0.0428529175 +0.0003328540 +0.0062680449 +0.0001113951 -1.8771046875 +0.0025514078 +3.7839092773 +0.0104147635 +0.2306787391 +0.7544040402 -0.1377584175
+4.8000000000 +0.1553339844 +0.0006208354 -0.0011917969 +0.0009942924 +0.0395461121 +0.0003056784 +0.0053014662 +0.0000993589 -1.8050046875 +0.0024720615 +3.5024854492 +0.0096767901 +0.2055662048 +0.6790097981 -0.1299706323
+4.9000000000 +0.1492238281 +0.0005944667 -0.0009339844 +0.0009539720 +0.0364033752 +0.0002789696 +0.0044381663 +0.0000823046 -1.7379968750 +0.0024016467 +3.2513494141 +0.0090039039 +0.1846285631 +0.6149871595 -0.1163464988
+5.0000000000 +0.1446921875 +0.0005721225 -0.0011859375 +0.0009223257 +0.0340287964 +0.0002568349 +0.0037965249 +0.0000675683 -1.6756265625 +0.0023430037 +3.0273110352 +0.0084324930 +0.1675899810 +0.5621418450 -0.0928783395
