# T, am1a, am1e, m1a, m1e, m2a, m2e, m4a, m4e, e1a, e1e, e2a, e2e, susc, spec, bind
+3.0000000000 +0.5033513889 +0.0023927538 +0.0261750000 +0.0034701885 +0.4823734568 +0.0023653309 +0.4564757702 +0.0022875999 -5.6584666667 +0.0022335996 +32.2178037037 +0.0237352616 +2.7481300331 +0.7982347436 +0.3460723952
+3.1000000000 +0.5018013889 +0.0023646005 +0.0234833333 +0.0034456734 +0.4754580633 +0.0023303119 +0.4432745099 +0.0022369296 -5.5704027778 +0.0025483212 +31.2891447531 +0.0265703943 +2.5972656315 +0.9730775515 +0.3463773858
+3.2000000000 +0.5000486111 +0.0023316280 +0.0239944444 +0.0034166228 +0.4675081790 +0.0022902152 +0.4283673192 +0.0021813508 -5.4653638889 +0.0029276527 +30.2130484568 +0.0297089630 +2.4464201123 +1.2053180349 +0.3466939963
+3.3000000000 +0.4925687500 +0.0022886839 +0.0247701389 +0.0033598117 +0.4521469329 +0.0022389649 +0.4049554057 +0.0021117382 -5.3319333333 +0.0033730637 +28.8846154321 +0.0331753747 +2.2857050116 +1.5044706148 +0.3397220905
+3.4000000000 +0.4816798611 +0.0022359297 +0.0245604167 +0.0032840050 +0.4319907600 +0.0021800970 +0.3767289329 +0.0020369915 -5.1641222222 +0.0039143443 +27.2810419753 +0.0369989731 +2.1173852269 +1.9086342018 +0.3270871753
+3.5000000000 +0.4689000000 +0.0021631930 +0.0212250000 +0.0031882317 +0.4070433642 +0.0021003315 +0.3421399933 +0.0019393274 -4.9429222222 +0.0045492338 +25.2603012346 +0.0410832859 +1.9252404432 +2.4327804920 +0.3116628178
+3.6000000000 +0.4508256944 +0.0020767600 +0.0163131944 +0.0030638822 +0.3757610918 +0.0020074001 +0.3023826055 +0.0018250507 -4.6733722222 +0.0051532654 +22.9026537037 +0.0443263790 +1.7251728505 +2.9506827118 +0.2861418339
+3.7000000000 +0.4288868056 +0.0019717910 +0.0125659722 +0.0029124920 +0.3394622878 +0.0018952738 +0.2589171534 +0.0016939024 -4.3560694444 +0.0057015282 +20.2756379630 +0.0466528200 +1.5131519594 +3.4193345868 +0.2510436604
+3.8000000000 +0.4016111111 +0.0018493325 +0.0117611111 +0.0027292599 +0.2980927083 +0.0017584148 +0.2125401657 +0.0015330056 -4.0013805556 +0.0060517450 +17.4759910494 +0.0471515750 +1.2960115936 +3.6522167011 +0.2027086463
+3.9000000000 +0.3704590278 +0.0017115359 +0.0076854167 +0.0025216812 +0.2544141011 +0.0015997600 +0.1670958140 +0.0013509456 -3.6345083333 +0.0061683145 +14.7315750000 +0.0456681786 +1.0816080906 +3.6021873963 +0.1394780390
+4.0000000000 +0.3402673611 +0.0015723174 +0.0035284722 +0.0023165530 +0.2146691551 +0.0014347020 +0.1284176390 +0.0011657551 -3.2898944444 +0.0060675927 +12.2960327160 +0.0426287142 +0.8899855025 +3.3134113360 +0.0711103319
+4.1000000000 +0.3141458333 +0.0014437349 +0.0024847222 +0.0021334025 +0.1820624228 +0.0012810573 +0.0987910420 +0.0010006237 -2.9827638889 +0.0057953116 +10.2403058642 +0.0386600310 +0.7320715748 +2.8770562822 +0.0065278990
+4.2000000000 +0.2895951389 +0.0013144778 +0.0010895833 +0.0019556216 +0.1529794174 +0.0011206638 +0.0736381955 +0.0008260080 -2.7186416667 +0.0054028217 +8.5586317901 +0.0339525770 +0.5924063397 +2.3828964865 -0.0488560257
+4.3000000000 +0.2676708333 +0.0011971675 +0.0005680556 +0.0017956598 +0.1289760802 +0.0009779835 +0.0548928964 +0.0006835984 -2.5017888889 +0.0049883488 +7.2542925926 +0.0296936803 +0.4799587415 +1.9379349989 -0.0999591167
+4.4000000000 +0.2518368056 +0.0011063248 +0.0007868056 +0.0016761514 +0.1123799576 +0.0008675210 +0.0427329648 +0.0005745940 -2.3296388889 +0.0046442233 +6.2899697531 +0.0260408741 +0.4005669349 +1.6042916538 -0.1278829781
+4.5000000000 +0.2354687500 +0.0010251441 +0.0012215278 +0.0015610962 +0.0974823495 +0.0007670975 +0.0330403495 +0.0004763930 -2.1814805556 +0.0043127601 +5.5028533951 +0.0228225242 +0.3362945385 +1.3226595214 -0.1589678860
+4.6000000000 +0.2238048611 +0.0009612529 -0.0004756944 +0.0014752006 +0.0870489005 +0.0006860214 +0.0264025278 +0.0003986507 -2.0607222222 +0.0040668464 +4.9081456790 +0.0203170274 +0.2892544013 +1.1255437461 -0.1614423925
+4.7000000000 +0.2162076389 +0.0009079249 -0.0005756944 +0.0014117234 +0.0797188465 +0.0006243187 +0.0219460483 +0.0003443553 -1.9623694444 +0.0038356524 +4.4393830247 +0.0182301403 +0.2525599405 +0.9590588853 -0.1511000269
+4.8000000000 +0.2078805556 +0.0008581365 -0.0001111111 +0.0013478709 +0.0726702546 +0.0005650557 +0.0180524835 +0.0002914125 -1.8716805556 +0.0036435229 +4.0341984568 +0.0163271513 +0.2209194694 +0.8297036793 -0.1394685384
+4.9000000000 +0.1999340278 +0.0008235323 +0.0003701389 +0.0012951997 +0.0671018326 +0.0005219578 +0.0154002534 +0.0002546642 -1.7963055556 +0.0034948240 +3.7152654321 +0.0149589456 +0.1993093501 +0.7325224571 -0.1400866262
+5.0000000000 +0.1942500000 +0.0007899360 +0.0013180556 +0.0012519113 +0.0626930170 +0.0004846649 +0.0133264187 +0.0002247154 -1.7247500000 +0.0033843381 +3.4329123457 +0.0138554780 +0.1797116722 +0.6597356878 -0.1301962429
