# T, am1a, am1e, m1a, m1e, m2a, m2e, m4a, m4e, e1a, e1e, e2a, e2e, susc, spec, bind
+3.0000000000 +0.4816826389 +0.0023947654 -0.0054826389 +0.0033962632 +0.4614142168 +0.0023666394 +0.4369423549 +0.0022870226 -5.6653611111 +0.0021923627 +32.2885746914 +0.0233815705 +2.7527526266 +0.7690326882 +0.3158978630
+3.1000000000 +0.4811409722 +0.0023671878 -0.0039715278 +0.0033749962 +0.4556397569 +0.0023320855 +0.4251525046 +0.0022364273 -5.5758916667 +0.0025245325 +31.3454984568 +0.0263394090 +2.6029523821 +0.9549948826 +0.3173780263
+3.2000000000 +0.4762930556 +0.0023322068 -0.0036444444 +0.0033332016 +0.4444226080 +0.0022900456 +0.4072838062 +0.0021775383 -5.4680305556 +0.0029108601 +30.2382824074 +0.0295637365 +2.4476347491 +1.1915305696 +0.3126410361
+3.3000000000 +0.4713833333 +0.0022893062 -0.0055944444 +0.0032856044 +0.4318391590 +0.0022395689 +0.3871118120 +0.0021103945 -5.3332222222 +0.0033892804 +28.9027481481 +0.0332473598 +2.2869481310 +1.5189714927 +0.3080557165
+3.4000000000 +0.4623423611 +0.0022339468 -0.0043229167 +0.0032146637 +0.4133811921 +0.0021753766 +0.3601745524 +0.0020280499 -5.1644527778 +0.0039022628 +27.2806787037 +0.0369085295 +2.1136312933 +1.8968705495 +0.2974287991
+3.5000000000 +0.4489298611 +0.0021605895 -0.0035951389 +0.0031154895 +0.3882639082 +0.0020943355 +0.3261985016 +0.0019276950 -4.9435361111 +0.0045499248 +25.2666219136 +0.0410796808 +1.9206091335 +2.4335195707 +0.2787153936
+3.6000000000 +0.4305250000 +0.0020730589 -0.0047180556 +0.0029884463 +0.3572547068 +0.0019976091 +0.2872486174 +0.0018111632 -4.6754000000 +0.0051841155 +22.9343672840 +0.0445758426 +1.7190293117 +2.9861170110 +0.2497935845
+3.7000000000 +0.4125541667 +0.0019650772 -0.0027194444 +0.0028489238 +0.3246620756 +0.0018809630 +0.2469263348 +0.0016724417 -4.3583527778 +0.0056712161 +20.2817466049 +0.0464670736 +1.5028650991 +3.3830734914 +0.2191222764
+3.8000000000 +0.3884736111 +0.0018392960 -0.0032777778 +0.0026749831 +0.2862321373 +0.0017411659 +0.2031951878 +0.0015109712 -4.0062777778 +0.0060610820 +17.5197302469 +0.0472161248 +1.2819826498 +3.6634951600 +0.1732858393
+3.9000000000 +0.3599340278 +0.0017029300 -0.0044798611 +0.0024775556 +0.2455513310 +0.0015833911 +0.1605805509 +0.0013333150 -3.6433194444 +0.0061646061 +14.7938712963 +0.0457249821 +1.0707584000 +3.5978573302 +0.1122573127
+4.0000000000 +0.3333479167 +0.0015617997 -0.0039826389 +0.0022840408 +0.2086895640 +0.0014184690 +0.1240335089 +0.0011483785 -3.2918805556 +0.0060392183 +12.2953638889 +0.0424475424 +0.8781185745 +3.2824941679 +0.0506719534
+4.1000000000 +0.3065388889 +0.0014250849 -0.0019097222 +0.0020928278 +0.1752007716 +0.0012537102 +0.0935668836 +0.0009712090 -2.9892277778 +0.0057484499 +10.2572697531 +0.0383352142 +0.7132801276 +2.8307158622 -0.0160822878
+4.2000000000 +0.2839611111 +0.0012969553 -0.0007652778 +0.0019229993 +0.1479176312 +0.0010994721 +0.0702331774 +0.0008089019 -2.7263111111 +0.0053735103 +8.5877567901 +0.0339093001 +0.5767175876 +2.3571112562 -0.0699935895
+4.3000000000 +0.2661597222 +0.0011939398 -0.0008833333 +0.0017878752 +0.1278606867 +0.0009726708 +0.0541918910 +0.0006767303 -2.5168666667 +0.0049944817 +7.3324117284 +0.0297596359 +0.4773741404 +1.9427031251 -0.1049407384
+4.4000000000 +0.2502180556 +0.0011048774 +0.0001819444 +0.0016691255 +0.1114392361 +0.0008628636 +0.0422000438 +0.0005698054 -2.3397472222 +0.0046433310 +6.3368379630 +0.0261412675 +0.3995194973 +1.6036752255 -0.1327012887
+4.5000000000 +0.2364284722 +0.0010235830 +0.0017909722 +0.0015636824 +0.0978073110 +0.0007619850 +0.0327911133 +0.0004687890 -2.1891527778 +0.0043101550 +5.5354873457 +0.0227584322 +0.3352711078 +1.3210621533 -0.1425948668
+4.6000000000 +0.2245423611 +0.0009556812 +0.0000076389 +0.0014743841 +0.0869523341 +0.0006763597 +0.0258592039 +0.0003887526 -2.0644000000 +0.0040291823 +4.9111197531 +0.0201772480 +0.2859109213 +1.1047923512 -0.1400697093
+4.7000000000 +0.2147798611 +0.0009095286 -0.0002409722 +0.0014073026 +0.0792200810 +0.0006215866 +0.0217306193 +0.0003388680 -1.9651138889 +0.0038646544 +4.4590947531 +0.0183403233 +0.2534529621 +0.9736169146 -0.1541979106
+4.8000000000 +0.2070597222 +0.0008642444 -0.0008569444 +0.0013486079 +0.0727504630 +0.0005695395 +0.0182676408 +0.0002946434 -1.8808833333 +0.0036738717 +4.0776154321 +0.0165790955 +0.2240755080 +0.8435833101 -0.1505081152
+4.9000000000 +0.1997076389 +0.0008209834 -0.0007187500 +0.0012927024 +0.0668436921 +0.0005192254 +0.0152518786 +0.0002479988 -1.7978444444 +0.0035000764 +3.7222660494 +0.0149698821 +0.1980775183 +0.7347259686 -0.1378400720
+5.0000000000 +0.1937743056 +0.0007950633 -0.0008048611 +0.0012533242 +0.0628335069 +0.0004822097 +0.0132490987 +0.0002128253 -1.7304694444 +0.0033586810 +3.4457540123 +0.0136633268 +0.1820521832 +0.6497705004 -0.1186197437
