# T, am1a, am1e, m1a, m1e, m2a, m2e, m4a, m4e, e1a, e1e, e2a, e2e, susc, spec, bind
+3.0000000000 +0.4825615000 +0.0023962761 +0.0342955000 +0.0033962295 +0.4625511650 +0.0023510945 +0.4350594016 +0.0022336011 -5.6633310000 +0.0013143898 +32.1424228400 +0.0145788093 +7.6561854573 +0.7678313828 +0.3221903537
+3.1000000000 +0.4795452500 +0.0023689553 +0.0298102500 +0.0033673171 +0.4544416175 +0.0023098064 +0.4199254040 +0.0021648819 -5.5776890000 +0.0015016586 +31.2008137200 +0.0163697496 +7.2412248614 +0.9385966628 +0.3222107132
+3.2000000000 +0.4734690000 +0.0023341979 +0.0280015000 +0.0033216261 +0.4421120850 +0.0022583721 +0.3994728713 +0.0020815194 -5.4722830000 +0.0017251911 +30.0649326000 +0.0183891197 +6.8105997200 +1.1626110149 +0.3187582378
+3.3000000000 +0.4693807500 +0.0022888130 +0.0276182500 +0.0032752944 +0.4298648925 +0.0021944104 +0.3774013107 +0.0019849481 -5.3385570000 +0.0020257290 +28.6643339600 +0.0209516755 +6.3498970918 +1.5072829914 +0.3192021198
+3.4000000000 +0.4631242500 +0.0022254133 +0.0249647500 +0.0032092032 +0.4125826375 +0.0021078648 +0.3479481969 +0.0018619488 -5.1624990000 +0.0024175551 +26.8851788400 +0.0239523631 +5.8264284283 +2.0223435555 +0.3186481493
+3.5000000000 +0.4472137500 +0.0021316133 +0.0243262500 +0.0030869053 +0.3817511475 +0.0019897275 +0.3040945525 +0.0017065310 -4.9170190000 +0.0029843369 +24.5333265200 +0.0278375589 +5.1928859803 +2.9081687645 +0.3044526772
+3.6000000000 +0.4196260000 +0.0019917682 +0.0189360000 +0.0028914228 +0.3347716100 +0.0018288842 +0.2458647209 +0.0015145172 -4.5637900000 +0.0037197493 +21.3816405600 +0.0321835711 +4.4079341701 +4.2705354622 +0.2687300627
+3.7000000000 +0.3733915000 +0.0017766878 +0.0140710000 +0.0025762764 +0.2656859950 +0.0015915324 +0.1719080573 +0.0012486325 -4.0691480000 +0.0043154485 +17.3028892800 +0.0343601496 +3.4125616953 +5.4413720533 +0.1882212974
+3.8000000000 +0.3133795000 +0.0015001102 +0.0110425000 +0.0021685133 +0.1882199350 +0.0012866608 +0.1016465889 +0.0009311223 -3.5141120000 +0.0043400195 +13.1024139200 +0.0316510161 +2.3687690521 +5.2176646223 +0.0435983514
+3.9000000000 +0.2584672500 +0.0012168315 +0.0071607500 +0.0017746915 +0.1260324725 +0.0009640993 +0.0530636808 +0.0006215279 -3.0514440000 +0.0038448753 +9.9026331200 +0.0255634491 +1.5186449533 +3.8877227802 -0.1135537997
+4.0000000000 +0.2199692500 +0.0010037350 +0.0056872500 +0.0014887368 +0.0886858325 +0.0007173532 +0.0284490011 +0.0004024463 -2.7348440000 +0.0032562597 +7.9035008000 +0.0197155549 +1.0074840389 +2.6508068479 -0.2056944820
+4.1000000000 +0.1917460000 +0.0008448107 +0.0037570000 +0.0012776993 +0.0653147300 +0.0005408728 +0.0159677481 +0.0002620729 -2.5081110000 +0.0028159789 +6.6078102800 +0.0155813262 +0.6962975972 +1.8869095281 -0.2476711916
+4.2000000000 +0.1738110000 +0.0007379495 +0.0022920000 +0.0011400416 +0.0519930450 +0.0004249831 +0.0099277012 +0.0001770212 -2.3429710000 +0.0025162773 +5.7427791600 +0.0127962073 +0.5186376495 +1.4357486007 -0.2241564834
+4.3000000000 +0.1614867500 +0.0006646566 +0.0011132500 +0.0010457948 +0.0437487075 +0.0003478232 +0.0067531897 +0.0001199317 -2.2146730000 +0.0023150155 +5.1191483600 +0.0109420058 +0.4109473738 +1.1593935266 -0.1761351872
+4.4000000000 +0.1505960000 +0.0006103145 -0.0004625000 +0.0009692560 +0.0375785050 +0.0002962094 +0.0049217440 +0.0000927209 -2.1053560000 +0.0022097938 +4.6278514400 +0.0098851999 +0.3386215860 +1.0089233123 -0.1617662736
+4.5000000000 +0.1423920000 +0.0005686714 -0.0006735000 +0.0009111876 +0.0332109700 +0.0002561025 +0.0037265072 +0.0000681101 -2.0140690000 +0.0021248804 +4.2370786000 +0.0090395874 +0.2874552964 +0.8918748802 -0.1262053544
+4.6000000000 +0.1356590000 +0.0005340007 -0.0001300000 +0.0008632731 +0.0298096350 +0.0002256579 +0.0029254730 +0.0000528231 -1.9310400000 +0.0020382622 +3.8950960000 +0.0082551086 +0.2479624069 +0.7853521664 -0.0973913281
+4.7000000000 +0.1303835000 +0.0005105516 +0.0004410000 +0.0008280426 +0.0274263750 +0.0002057587 +0.0024456720 +0.0000436139 -1.8589750000 +0.0019779180 +3.6122744400 +0.0076933557 +0.2218408070 +0.7084037545 -0.0837775105
+4.8000000000 +0.1249357500 +0.0004880177 +0.0000072500 +0.0007927073 +0.0251353925 +0.0001890926 +0.0020620286 +0.0000385554 -1.7921160000 +0.0019234126 +3.3596604000 +0.0071966026 +0.1984677265 +0.6422770944 -0.0879328290
+4.9000000000 +0.1200505000 +0.0004659844 +0.0000350000 +0.0007598977 +0.0230977800 +0.0001704675 +0.0016958735 +0.0000287355 -1.7282890000 +0.0018775157 +3.1279854800 +0.0067630360 +0.1772583153 +0.5872661911 -0.0595750624
+5.0000000000 +0.1164137500 +0.0004511534 -0.0004272500 +0.0007364366 +0.0216937375 +0.0001611093 +0.0015088670 +0.0000271575 -1.6710980000 +0.0018422315 +2.9283212000 +0.0064127259 +0.1628315262 +0.5430106976 -0.0687126266
