# T, am1a, am1e, m1a, m1e, m2a, m2e, m4a, m4e, e1a, e1e, e2a, e2e, susc, spec, bind
+3.0000000000 +0.5088601563 +0.0023922632 +0.0056421875 +0.0034922190 +0.4878555786 +0.0023535316 +0.4595675070 +0.0022497018 -5.6602656250 +0.0016505776 +32.1475832031 +0.0180797974 +4.8835609599 +0.7749422760 +0.3563563199
+3.1000000000 +0.5042503906 +0.0023647456 +0.0076699219 +0.0034564813 +0.4779493347 +0.0023160948 +0.4430073785 +0.0021918752 -5.5743203125 +0.0019045255 +31.2181356445 +0.0204469397 +4.6179278095 +0.9662514759 +0.3535633335
+3.2000000000 +0.4976628906 +0.0023298086 +0.0070542969 +0.0034085881 +0.4647886780 +0.0022693412 +0.4220248909 +0.0021210570 -5.4670453125 +0.0022021841 +30.0825690430 +0.0230784417 +4.3424065055 +1.2124037128 +0.3488129865
+3.3000000000 +0.4916570312 +0.0022839514 +0.0090421875 +0.0033552281 +0.4503839966 +0.0022085948 +0.3979613901 +0.0020331274 -5.3311093750 +0.0025570291 +28.6822630859 +0.0259276972 +4.0466881979 +1.5370338599 +0.3460360871
+3.4000000000 +0.4817535156 +0.0022258071 +0.0099402344 +0.0032793152 +0.4302551331 +0.0021360144 +0.3676217730 +0.0019344645 -5.1564203125 +0.0030323885 +26.9564856445 +0.0294461229 +3.7302340375 +2.0363471578 +0.3380459404
+3.5000000000 +0.4640421875 +0.0021422708 +0.0088664063 +0.0031576475 +0.3989081177 +0.0020365571 +0.3250302808 +0.0018060161 -4.9239203125 +0.0036013231 +24.7637723633 +0.0331708358 +3.3567628050 +2.7103666648 +0.3191415685
+3.6000000000 +0.4399972656 +0.0020313620 +0.0109027344 +0.0029938937 +0.3586548523 +0.0019126237 +0.2749584796 +0.0016559043 -4.6159640625 +0.0042629894 +22.0340473633 +0.0369323527 +2.9343512629 +3.5897438864 +0.2874875763
+3.7000000000 +0.4045246094 +0.0018804882 +0.0071105469 +0.0027615169 +0.3050895935 +0.0017475478 +0.2152365922 +0.0014647495 -4.2103328125 +0.0048941123 +18.6849958008 +0.0395755511 +2.4466929110 +4.4790341973 +0.2292029141
+3.8000000000 +0.3588035156 +0.0016830422 +0.0031355469 +0.0024598546 +0.2420452087 +0.0015266464 +0.1518118465 +0.0012163412 -3.7432546875 +0.0051241680 +15.0622395508 +0.0386417761 +1.9082988786 +4.6549978739 +0.1362433035
+3.9000000000 +0.3131148437 +0.0014730703 +0.0022539062 +0.0021496120 +0.1848383545 +0.0012823608 +0.0999431816 +0.0009573302 -3.3086171875 +0.0049239243 +11.9167489258 +0.0346275440 +1.4243683957 +4.0806889462 +0.0249032059
+4.0000000000 +0.2732128906 +0.0012728826 +0.0026027344 +0.0018671349 +0.1394544861 +0.0010456487 +0.0631828037 +0.0007227503 -2.9385890625 +0.0044727803 +9.4355362305 +0.0292422273 +1.0369472397 +3.2009222089 -0.0829606079
+4.1000000000 +0.2424312500 +0.0011064923 +0.0029968750 +0.0016411653 +0.1077459229 +0.0008500608 +0.0405133156 +0.0005362360 -2.6603687500 +0.0039965055 +7.7164441406 +0.0241957172 +0.7644567707 +2.4323893098 -0.1632547705
+4.2000000000 +0.2197867187 +0.0009771853 +0.0039789062 +0.0014704252 +0.0865018433 +0.0007015347 +0.0271686079 +0.0004066028 -2.4533328125 +0.0035647738 +6.5271463867 +0.0200557885 +0.5820288232 +1.8441886543 -0.2103066160
+4.3000000000 +0.2027644531 +0.0008781990 +0.0039816406 +0.0013411460 +0.0719627625 +0.0005838076 +0.0188118925 +0.0003027367 -2.2909875000 +0.0032443239 +5.6696492188 +0.0169349694 +0.4591529526 +1.4573083607 -0.2108645952
+4.4000000000 +0.1886871094 +0.0007986590 +0.0024503906 +0.0012360326 +0.0611170715 +0.0004930699 +0.0134600128 +0.0002289728 -2.1571687500 +0.0029855296 +5.0099125000 +0.0144811599 +0.3711163097 +1.1786296993 -0.2011552567
+4.5000000000 +0.1770148438 +0.0007379596 +0.0010976563 +0.0011523500 +0.0531176270 +0.0004267557 +0.0101062996 +0.0001808636 -2.0491125000 +0.0028176233 +4.5164220703 +0.0128447394 +0.3098079580 +1.0036465230 -0.1939704674
+4.6000000000 +0.1682179688 +0.0006908590 +0.0004789063 +0.0010884450 +0.0473887329 +0.0003744969 +0.0078556106 +0.0001400588 -1.9570078125 +0.0026643434 +4.1138286133 +0.0114839750 +0.2656201447 +0.8588250589 -0.1660267093
+4.7000000000 +0.1613773438 +0.0006504978 +0.0003960938 +0.0010364409 +0.0429685425 +0.0003320653 +0.0062569897 +0.0001095560 -1.8788546875 +0.0025547190 +3.7911584961 +0.0104876642 +0.2304802779 +0.7563634132 -0.1296474875
+4.8000000000 +0.1548671875 +0.0006176801 +0.0003382812 +0.0009905160 +0.0392449951 +0.0002990316 +0.0051169654 +0.0000885618 -1.8046046875 +0.0024695562 +3.5005463867 +0.0096562996 +0.2034819914 +0.6776341905 -0.1074462680
+4.9000000000 +0.1497472656 +0.0005918647 +0.0007324219 +0.0009544090 +0.0364363953 +0.0002763640 +0.0043826927 +0.0000788124 -1.7426484375 +0.0024013706 +3.2674868164 +0.0090139483 +0.1830158590 +0.6148457867 -0.1003958860
+5.0000000000 +0.1456375000 +0.0005731737 +0.0006593750 +0.0009267007 +0.0343514038 +0.0002606473 +0.0038974992 +0.0000717405 -1.6825187500 +0.0023406469 +3.0500144531 +0.0084308410 +0.1682063667 +0.5610114791 -0.1009707948
