# T, am1a, am1e, m1a, m1e, m2a, m2e, m4a, m4e, e1a, e1e, e2a, e2e, susc, spec, bind
+3.0000000000 +0.4796041667 +0.0023945390 -0.0020083333 +0.0033888376 +0.4593728395 +0.0023663367 +0.4350053824 +0.0022862232 -5.6639333333 +0.0021794208 +32.2701358025 +0.0232958351 +2.7522321939 +0.7599799920 +0.3128639277
+3.1000000000 +0.4758340278 +0.0023662893 -0.0027604167 +0.0033555305 +0.4503910301 +0.0023309608 +0.4201872010 +0.0022352565 -5.5758444444 +0.0025241859 +31.3449018519 +0.0263776018 +2.6009768683 +0.9547326738 +0.3095343151
+3.2000000000 +0.4712458333 +0.0023312959 -0.0021472222 +0.0033146102 +0.4394702546 +0.0022880335 +0.4025380025 +0.0021747198 -5.4669000000 +0.0029204846 +30.2281648148 +0.0296662759 +2.4457232159 +1.1994229856 +0.3052530293
+3.3000000000 +0.4660305556 +0.0022866157 -0.0029291667 +0.0032646606 +0.4263289352 +0.0022360598 +0.3817548924 +0.0021046651 -5.3289555556 +0.0033960579 +28.8590956790 +0.0333287484 +2.2815758888 +1.5250524493 +0.2998779789
+3.4000000000 +0.4591659722 +0.0022314963 -0.0051187500 +0.0032015239 +0.4100164159 +0.0021719456 +0.3568073731 +0.0020233391 -5.1573555556 +0.0039326438 +27.2169438272 +0.0371306364 +2.1089967443 +1.9265216286 +0.2925266656
+3.5000000000 +0.4484166667 +0.0021594225 -0.0043347222 +0.0031128080 +0.3876017361 +0.0020908015 +0.3250931414 +0.0019218200 -4.9394194444 +0.0045102662 +25.2115645062 +0.0408251917 +1.9185349286 +2.3912818031 +0.2787013404
+3.6000000000 +0.4299833333 +0.0020687624 -0.0032250000 +0.0029835649 +0.3560767747 +0.0019910747 +0.2853658059 +0.0018013864 -4.6736611111 +0.0051302506 +22.8958870370 +0.0442338653 +1.7119110775 +2.9243857098 +0.2497718035
+3.7000000000 +0.4096548611 +0.0019585493 -0.0046423611 +0.0028338674 +0.3212537230 +0.0018691609 +0.2429544509 +0.0016569769 -4.3528722222 +0.0056763745 +20.2363456790 +0.0464912564 +1.4928968215 +3.3892306396 +0.2152934709
+3.8000000000 +0.3863020833 +0.0018335861 -0.0039034722 +0.0026631541 +0.2837108218 +0.0017300282 +0.2002117278 +0.0014950769 -4.0050305556 +0.0060221332 +17.4909132716 +0.0469580059 +1.2740354732 +3.6165627939 +0.1708817865
+3.9000000000 +0.3618111111 +0.0017017104 -0.0030958333 +0.0024835983 +0.2467400077 +0.0015808789 +0.1608477539 +0.0013270244 -3.6494444444 +0.0061479439 +14.8303333333 +0.0455699427 +1.0692251778 +3.5784345095 +0.1193271697
+4.0000000000 +0.3356201389 +0.0015627000 -0.0009173611 +0.0022930399 +0.2103221258 +0.0014200332 +0.1248951703 +0.0011493028 -3.3043777778 +0.0060337397 +12.3751530864 +0.0424728264 +0.8791312333 +3.2765413233 +0.0588594965
+4.1000000000 +0.3095812500 +0.0014314110 -0.0012534722 +0.0021082960 +0.1777980517 +0.0012609621 +0.0952131590 +0.0009732692 -2.9925916667 +0.0057629706 +10.2840780864 +0.0383209940 +0.7196268411 +2.8450348191 -0.0039722857
+4.2000000000 +0.2854548611 +0.0013026159 -0.0015659722 +0.0019323196 +0.1493568094 +0.0011047119 +0.0711229877 +0.0008099128 -2.7318083333 +0.0053763157 +8.6189675926 +0.0338316483 +0.5817628430 +2.3595731072 -0.0627685201
+4.3000000000 +0.2652555556 +0.0011865670 -0.0014430556 +0.0017795792 +0.1266781636 +0.0009628658 +0.0531317804 +0.0006668042 -2.5065333333 +0.0049908664 +7.2790592593 +0.0297109125 +0.4714966367 +1.9398916546 -0.1036454995
+4.4000000000 +0.2491923611 +0.0010943575 -0.0005923611 +0.0016583215 +0.1100015625 +0.0008498178 +0.0409879533 +0.0005544869 -2.3327027778 +0.0046253092 +6.2972416667 +0.0259394885 +0.3919477882 +1.5912509824 -0.1291126410
+4.5000000000 +0.2354236111 +0.0010224065 +0.0000347222 +0.0015591414 +0.0972368827 +0.0007602542 +0.0325744682 +0.0004696968 -2.1877388889 +0.0043164408 +5.5314679012 +0.0228961256 +0.3345008484 +1.3249181427 -0.1484022215
+4.6000000000 +0.2242840278 +0.0009593701 +0.0003131944 +0.0014757952 +0.0871189622 +0.0006814763 +0.0261661130 +0.0003892520 -2.0685611111 +0.0040600222 +4.9382962963 +0.0203247916 +0.2881223771 +1.1217695715 -0.1491919381
+4.7000000000 +0.2143159722 +0.0009028260 -0.0005951389 +0.0014012028 +0.0785351273 +0.0006147499 +0.0212844643 +0.0003316842 -1.9641444444 +0.0038293161 +4.4444098765 +0.0181236619 +0.2497311679 +0.9558928567 -0.1503064748
+4.8000000000 +0.2051805556 +0.0008539924 -0.0018569444 +0.0013348008 +0.0712711806 +0.0005553253 +0.0174150300 +0.0002798938 -1.8698472222 +0.0036389209 +4.0259984568 +0.0163035570 +0.2187909013 +0.8276090974 -0.1428127204
+4.9000000000 +0.1977201389 +0.0008145590 -0.0022701389 +0.0012809016 +0.0656335069 +0.0005098539 +0.0147057984 +0.0002423945 -1.7928388889 +0.0035016784 +3.7047413580 +0.0149434860 +0.1949896184 +0.7353986986 -0.1379315365
+5.0000000000 +0.1927437500 +0.0007887529 -0.0020256944 +0.0012453041 +0.0620353974 +0.0004813755 +0.0131172857 +0.0002248623 -1.7255722222 +0.0033873763 +3.4365722222 +0.0139106996 +0.1791737583 +0.6609207285 -0.1361707037
