# T, am1a, am1e, m1a, m1e, m2a, m2e, m4a, m4e, e1a, e1e, e2a, e2e, susc, spec, bind
+3.0000000000 +0.4797243056 +0.0023973728 +0.0614114583 +0.0033773507 +0.4600312645 +0.0023462220 +0.4318190643 +0.0022188411 -5.6620256944 +0.0010999900 +32.1069340857 +0.0122757858 +11.0350010461 +0.7743859377 +0.3198481852
+3.1000000000 +0.4767876736 +0.0023708972 +0.0633630208 +0.0033472293 +0.4521726309 +0.0023049877 +0.4169788176 +0.0021481629 -5.5762833333 +0.0012597053 +31.1584101080 +0.0138246697 +10.4444661007 +0.9511236624 +0.3201952496
+3.2000000000 +0.4702491319 +0.0023363340 +0.0615467014 +0.0033003201 +0.4394725176 +0.0022520966 +0.3960136512 +0.0020612294 -5.4701666667 +0.0014512020 +30.0069628472 +0.0155879900 +9.8252222178 +1.1846177735 +0.3165205536
+3.3000000000 +0.4687328125 +0.0022893340 +0.0629779514 +0.0032610820 +0.4293524486 +0.0021814640 +0.3746949252 +0.0019502377 -5.3341118056 +0.0016937692 +28.5675029128 +0.0176891285 +9.1480145073 +1.5174103622 +0.3224697840
+3.4000000000 +0.4575890625 +0.0022267300 +0.0581980903 +0.0031793623 +0.4077208080 +0.0020921934 +0.3413271924 +0.0018185704 -5.1641409722 +0.0020129414 +26.8304293017 +0.0202057650 +8.3999883344 +2.0189562442 +0.3155781257
+3.5000000000 +0.4448833333 +0.0021311700 +0.0516659722 +0.0030697200 +0.3795966001 +0.0019669261 +0.2988455127 +0.0016517976 -4.9213979167 +0.0024832658 +24.4668218171 +0.0235157841 +7.4746458448 +2.8995647564 +0.3086772381
+3.6000000000 +0.4141878472 +0.0019734815 +0.0430225694 +0.0028525682 +0.3273367477 +0.0017819051 +0.2341567793 +0.0014295063 -4.5515027778 +0.0032103327 +21.1284269676 +0.0279464258 +6.2314069959 +4.5805492386 +0.2715563612
+3.7000000000 +0.3567708333 +0.0017066387 +0.0224927083 +0.0024661920 +0.2437900487 +0.0014937929 +0.1486902720 +0.0011192934 -4.0020381944 +0.0038754304 +16.6170681520 +0.0305948522 +4.5342339058 +6.3191538115 +0.1660704698
+3.8000000000 +0.2796086806 +0.0013467237 +0.0135871528 +0.0019399935 +0.1507276018 +0.0010996013 +0.0710837306 +0.0007348090 -3.3766020833 +0.0037088225 +11.9516561921 +0.0263638313 +2.7491338426 +5.4869042289 -0.0429497382
+3.9000000000 +0.2192911458 +0.0010226988 +0.0024071181 +0.0014993276 +0.0899251218 +0.0007354577 +0.0297224508 +0.0004140863 -2.9291937500 +0.0030192456 +8.9448097801 +0.0192240630 +1.5447328663 +3.4521538940 -0.2251839321
+4.0000000000 +0.1824010417 +0.0008078690 +0.0001065972 +0.0012183618 +0.0593762322 +0.0005009634 +0.0135641081 +0.0002324720 -2.6500152778 +0.0024883217 +7.2702507716 +0.0142846561 +0.9398193176 +2.2290281923 -0.2824626242
+4.1000000000 +0.1599262153 +0.0006793410 -0.0004713542 +0.0010492419 +0.0440365608 +0.0003657367 +0.0072897531 +0.0001362104 -2.4591333333 +0.0021832457 +6.2379992284 +0.0114072914 +0.6483570666 +1.6332776162 -0.2530395372
+4.2000000000 +0.1449381944 +0.0005966459 -0.0002760417 +0.0009387020 +0.0352465350 +0.0002829194 +0.0044440542 +0.0000839291 -2.3167437500 +0.0019952828 +5.5265477431 +0.0096919283 +0.4882098790 +1.2999684889 -0.1924089698
+4.3000000000 +0.1331435764 +0.0005379258 -0.0007529514 +0.0008558798 +0.0293017783 +0.0002299542 +0.0029737511 +0.0000551249 -2.1990388889 +0.0018756711 +4.9764977238 +0.0085739345 +0.3876133856 +1.0959707520 -0.1545038957
+4.4000000000 +0.1249663194 +0.0004971059 +0.0009569444 +0.0007984397 +0.0255011526 +0.0001955719 +0.0021802443 +0.0000399472 -2.1000819444 +0.0017834172 +4.5375672454 +0.0077301130 +0.3234950702 +0.9462873123 -0.1175430956
+4.5000000000 +0.1187515625 +0.0004645891 -0.0001078125 +0.0007539171 +0.0227356542 +0.0001715888 +0.0016946182 +0.0000307115 -2.0091506944 +0.0017291048 +4.1562786458 +0.0071581319 +0.2762790586 +0.8504329447 -0.0927874534
+4.6000000000 +0.1133335069 +0.0004407109 -0.0003359375 +0.0007178686 +0.0206135284 +0.0001535660 +0.0013682177 +0.0000242459 -1.9285402778 +0.0016678771 +3.8305401620 +0.0066347611 +0.2432048747 +0.7572423677 -0.0733201735
+4.7000000000 +0.1084272569 +0.0004218153 -0.0003883681 +0.0006869033 +0.0188735954 +0.0001401742 +0.0011421653 +0.0000196730 -1.8540381944 +0.0016259915 +3.5432115548 +0.0061928313 +0.2180566077 +0.6893873100 -0.0688048794
+4.8000000000 +0.1048491319 +0.0004020669 +0.0003914931 +0.0006606720 +0.0174596535 +0.0001274819 +0.0009549048 +0.0000169952 -1.7869722222 +0.0015851923 +3.2937831019 +0.0058183772 +0.1939893909 +0.6282086179 -0.0441612965
+4.9000000000 +0.1011826389 +0.0003915515 +0.0002572917 +0.0006397336 +0.0163704282 +0.0001205254 +0.0008490459 +0.0000156887 -1.7284048611 +0.0015598143 +3.0847041860 +0.0055380304 +0.1802204619 +0.5836817315 -0.0560629664
+5.0000000000 +0.0977239583 +0.0003770249 +0.0000409722 +0.0006171685 +0.0152358820 +0.0001123771 +0.0007372766 +0.0000132686 -1.6722222222 +0.0015260729 +2.8894831019 +0.0052329312 +0.1637542082 +0.5365782222 -0.0587025681
