# T, am1a, am1e, m1a, m1e, m2a, m2e, m4a, m4e, e1a, e1e, e2a, e2e, susc, spec, bind
+3.0000000000 +0.4549482639 +0.0023917317 +0.0069774306 +0.0033005472 +0.4357931520 +0.0023404591 +0.4090256260 +0.0022119617 -5.6603305556 +0.0010968013 +32.0874609182 +0.0122349631 +10.9831310011 +0.7699027210 +0.2820925499
+3.1000000000 +0.4511699653 +0.0023652050 +0.0071293403 +0.0032682996 +0.4273221246 +0.0022990435 +0.3940282416 +0.0021414642 -5.5759708333 +0.0012585525 +31.1548089120 +0.0138122952 +10.3943746218 +0.9493837265 +0.2807243835
+3.2000000000 +0.4462385417 +0.0023300144 +0.0033732639 +0.0032259732 +0.4162875145 +0.0022447550 +0.3748522935 +0.0020518993 -5.4682270833 +0.0014450746 +29.9850370563 +0.0155164765 +9.7721405279 +1.1746353013 +0.2789719725
+3.3000000000 +0.4365701389 +0.0022845796 +0.0017871528 +0.0031597565 +0.3993656467 +0.0021772189 +0.3491041984 +0.0019458108 -5.3372701389 +0.0016753874 +28.5987294560 +0.0175097218 +9.1100579141 +1.4846534948 +0.2703872604
+3.4000000000 +0.4274649306 +0.0022197424 -0.0001118056 +0.0030814627 +0.3798165123 +0.0020840806 +0.3179962623 +0.0018094726 -5.1631222222 +0.0020104565 +26.8195084877 +0.0201651329 +8.3473515737 +2.0139746083 +0.2652271892
+3.5000000000 +0.4144217014 +0.0021244241 -0.0043175347 +0.0029675487 +0.3522724501 +0.0019568053 +0.2772593578 +0.0016384609 -4.9255993056 +0.0024972769 +24.5109842014 +0.0236433175 +7.4274008299 +2.9323770025 +0.2552549963
+3.6000000000 +0.3912744792 +0.0019611745 -0.0020348958 +0.0027701074 +0.3069439417 +0.0017636444 +0.2186322513 +0.0014068571 -4.5478361111 +0.0032368674 +21.1019057099 +0.0281043001 +6.1539289459 +4.6565824039 +0.2264741347
+3.7000000000 +0.3393289931 +0.0016917435 +0.0003998264 +0.0023959541 +0.2296240029 +0.0014709023 +0.1392693310 +0.0010951450 -3.9935618056 +0.0038931139 +16.5547893326 +0.0306735708 +4.4554315102 +6.3769536186 +0.1195601979
+3.8000000000 +0.2698177083 +0.0013347902 -0.0005746528 +0.0018978136 +0.1440681930 +0.0010790495 +0.0673295536 +0.0007129114 -3.3718986111 +0.0037284018 +11.9257394290 +0.0264990000 +2.7006289491 +5.5449891065 -0.0813051272
+3.9000000000 +0.2164550347 +0.0010146780 +0.0000710069 +0.0014835400 +0.0880356397 +0.0007251811 +0.0287857814 +0.0004032886 -2.9215173611 +0.0030305036 +8.9026217785 +0.0192957301 +1.5205978210 +3.4779463884 -0.2380543741
+4.0000000000 +0.1819536458 +0.0008090748 +0.0022973958 +0.0012174351 +0.0592912073 +0.0004991863 +0.0134829248 +0.0002260176 -2.6491416667 +0.0024984214 +7.2676359568 +0.0143041523 +0.9426268112 +2.2471594805 -0.2784456489
+4.1000000000 +0.1597394097 +0.0006754065 +0.0028887153 +0.0010458883 +0.0437636393 +0.0003606422 +0.0071177671 +0.0001312560 -2.4612819444 +0.0021781794 +6.2476874228 +0.0114080764 +0.6408688497 +1.6257061417 -0.2387841978
+4.2000000000 +0.1459347222 +0.0005974703 +0.0018315972 +0.0009430326 +0.0355757740 +0.0002842713 +0.0044980436 +0.0000849758 -2.3205993056 +0.0019935911 +5.5441573495 +0.0097059534 +0.4895599154 +1.2977650007 -0.1846599050
+4.3000000000 +0.1349583333 +0.0005388289 +0.0015781250 +0.0008634918 +0.0298272160 +0.0002322174 +0.0030466590 +0.0000579390 -2.1998930556 +0.0018617659 +4.9781763503 +0.0085085418 +0.3889160110 +1.0797811140 -0.1415032581
+4.4000000000 +0.1267538194 +0.0005015323 +0.0023350694 +0.0008081222 +0.0261279152 +0.0002020795 +0.0023161122 +0.0000466043 -2.0991770833 +0.0017851477 +4.5340145255 +0.0077558604 +0.3292816738 +0.9481246979 -0.1309120482
+4.5000000000 +0.1195487847 +0.0004708226 +0.0017279514 +0.0007608528 +0.0231588674 +0.0001767606 +0.0017861055 +0.0000344264 -2.0092951389 +0.0017171189 +4.1552068480 +0.0071188006 +0.2837425760 +0.8386836824 -0.1100721988
+4.6000000000 +0.1132168403 +0.0004427477 +0.0014619792 +0.0007186261 +0.0206590748 +0.0001558540 +0.0013984155 +0.0000279936 -1.9270576389 +0.0016601295 +3.8237923418 +0.0065771207 +0.2454580761 +0.7502236552 -0.0921775684
+4.7000000000 +0.1084732639 +0.0004205488 +0.0004812500 +0.0006863066 +0.0188408999 +0.0001392430 +0.0011305238 +0.0000195720 -1.8523756944 +0.0016284314 +3.5373672647 +0.0062049425 +0.2167491341 +0.6914578264 -0.0615859471
+4.8000000000 +0.1040765625 +0.0004021682 +0.0006154514 +0.0006576687 +0.0173015010 +0.0001280171 +0.0009548772 +0.0000172156 -1.7887840278 +0.0015826441 +3.2999387924 +0.0058111419 +0.1940871045 +0.6261905900 -0.0633071061
+4.9000000000 +0.1002998264 +0.0003860843 +0.0001862847 +0.0006328994 +0.0160224983 +0.0001169730 +0.0008040273 +0.0000137520 -1.7267145833 +0.0015665024 +3.0797004437 +0.0055553376 +0.1752228188 +0.5886978575 -0.0439725279
+5.0000000000 +0.0969756944 +0.0003725418 +0.0004875000 +0.0006114643 +0.0149557822 +0.0001093972 +0.0007023850 +0.0000123165 -1.6741305556 +0.0015337484 +2.8968084877 +0.0052750842 +0.1598831108 +0.5419893347 -0.0467325191
