# T, am1a, am1e, m1a, m1e, m2a, m2e, m4a, m4e, e1a, e1e, e2a, e2e, susc, spec, bind
+3.0000000000 +0.5104527778 +0.0023924731 +0.0366986111 +0.0034934666 +0.4895191358 +0.0023645444 +0.4632717899 +0.0022861289 -5.6589055556 +0.0022047907 +32.2176561728 +0.0235287367 +2.7474851695 +0.7777763445 +0.3555707361
+3.1000000000 +0.5060861111 +0.0023650669 +0.0331694444 +0.0034596409 +0.4798648148 +0.0023322698 +0.4478495313 +0.0022393635 -5.5738916667 +0.0025409754 +31.3265305556 +0.0264813685 +2.5982902795 +0.9674756271 +0.3517044287
+3.2000000000 +0.5022555556 +0.0023322255 +0.0321722222 +0.0034234362 +0.4698316744 +0.0022929370 +0.4310442086 +0.0021848165 -5.4696583333 +0.0029096890 +30.2558138889 +0.0295279875 +2.4476741021 +1.1905720505 +0.3490974459
+3.3000000000 +0.4946875000 +0.0022893293 +0.0323777778 +0.0033664096 +0.4543568673 +0.0022428563 +0.4076563448 +0.0021187887 -5.3330138889 +0.0033923487 +28.9013583333 +0.0333040746 +2.2869943050 +1.5217229562 +0.3417683537
+3.4000000000 +0.4857645833 +0.0022349307 +0.0309784722 +0.0032969841 +0.4357638310 +0.0021792447 +0.3798544090 +0.0020369403 -5.1649361111 +0.0039209160 +27.2915083333 +0.0370527324 +2.1154934181 +1.9150483437 +0.3332031244
+3.5000000000 +0.4719111111 +0.0021682565 +0.0265972222 +0.0032017422 +0.4107535494 +0.0021067433 +0.3462531752 +0.0019468633 -4.9539000000 +0.0045357431 +25.3640438272 +0.0409550215 +1.9342640838 +2.4183730790 +0.3159153270
+3.6000000000 +0.4529694444 +0.0020839037 +0.0219541667 +0.0030757337 +0.3788875000 +0.0020161795 +0.3061549324 +0.0018375466 -4.6859277778 +0.0051614789 +23.0235537037 +0.0444916017 +1.7370618240 +2.9600960143 +0.2891148359
+3.7000000000 +0.4268652778 +0.0019759140 +0.0207222222 +0.0029066906 +0.3383834105 +0.0018957933 +0.2582646293 +0.0016912609 -4.3623500000 +0.0056921242 +20.3261086420 +0.0466243123 +1.5194864931 +3.4080643025 +0.2481597881
+3.8000000000 +0.3987861111 +0.0018538829 +0.0181347222 +0.0027211062 +0.2965056327 +0.0017601371 +0.2118388945 +0.0015332356 -4.0120111111 +0.0060436954 +17.5572833333 +0.0471290371 +1.3023972976 +3.6425073681 +0.1968095233
+3.9000000000 +0.3690229167 +0.0017155384 +0.0134034722 +0.0025185370 +0.2539007909 +0.0016022828 +0.1671580149 +0.0013535284 -3.6489583333 +0.0061641467 +14.8347651235 +0.0457029359 +1.0866727188 +3.5973211954 +0.1356734712
+4.0000000000 +0.3375916667 +0.0015738226 +0.0105833333 +0.0023072322 +0.2130448302 +0.0014351478 +0.1277740628 +0.0011646716 -3.2927472222 +0.0060784810 +12.3201015432 +0.0427082169 +0.8916902716 +3.3253138660 +0.0616184740
+4.1000000000 +0.3102229167 +0.0014367567 +0.0056312500 +0.0021141035 +0.1788090471 +0.0012705484 +0.0965444002 +0.0009875239 -2.9886722222 +0.0057646273 +10.2613987654 +0.0384093243 +0.7250118062 +2.8466707964 -0.0065303077
+4.2000000000 +0.2846180556 +0.0013070873 +0.0023736111 +0.0019322325 +0.1493465278 +0.0011118096 +0.0717492121 +0.0008225041 -2.7204194444 +0.0054136484 +8.5729854938 +0.0341066636 +0.5857636305 +2.3924562043 -0.0722736207
+4.3000000000 +0.2658555556 +0.0011958014 +0.0013791667 +0.0017879801 +0.1278768133 +0.0009754725 +0.0544143463 +0.0006813559 -2.5103972222 +0.0050121779 +7.3069712963 +0.0299109394 +0.4788639364 +1.9564940501 -0.1091966555
+4.4000000000 +0.2504270833 +0.0011049027 +0.0009256944 +0.0016699197 +0.1115461227 +0.0008632107 +0.0422478451 +0.0005693856 -2.3335277778 +0.0046752681 +6.3196771605 +0.0263046221 +0.3995378069 +1.6258114540 -0.1318121440
+4.5000000000 +0.2346375000 +0.0010206711 -0.0022097222 +0.0015549972 +0.0967255401 +0.0007607635 +0.0325062720 +0.0004698369 -2.1806250000 +0.0043541724 +5.5134780864 +0.0231889793 +0.3333662697 +1.3481825703 -0.1581467256
+4.6000000000 +0.2226277778 +0.0009533464 -0.0024152778 +0.0014655380 +0.0859179012 +0.0006763757 +0.0256812474 +0.0003898654 -2.0603388889 +0.0040475433 +4.9003006173 +0.0203276956 +0.2845156210 +1.1148844087 -0.1596516230
+4.7000000000 +0.2132763889 +0.0008988057 -0.0033930556 +0.0013945373 +0.0778008873 +0.0006096763 +0.0209211868 +0.0003305063 -1.9587527778 +0.0038222774 +4.4211046296 +0.0180887904 +0.2475120201 +0.9523820130 -0.1521153460
+4.8000000000 +0.2059256944 +0.0008595729 -0.0016881944 +0.0013412416 +0.0719600116 +0.0005627894 +0.0178475214 +0.0002855854 -1.8720500000 +0.0036446427 +4.0359080247 +0.0163611712 +0.2216596496 +0.8302137847 -0.1488787816
+4.9000000000 +0.1995041667 +0.0008199959 -0.0004222222 +0.0012912927 +0.0666976466 +0.0005172993 +0.0151525197 +0.0002497019 -1.7970000000 +0.0034849332 +3.7149993827 +0.0149075325 +0.1976013117 +0.7283820815 -0.1353835055
+5.0000000000 +0.1930979167 +0.0007878964 -0.0002965278 +0.0012461736 +0.0621180363 +0.0004810657 +0.0131156173 +0.0002223470 -1.7287750000 +0.0033715527 +3.4433577160 +0.0138184489 +0.1787848621 +0.6547603902 -0.1330055715
