# T, am1a, am1e, m1a, m1e, m2a, m2e, m4a, m4e, e1a, e1e, e2a, e2e, susc, spec, bind
+3.0000000000 +0.4614835000 +0.0023913478 +0.0055520000 +0.0033229428 +0.4417087900 +0.0023454875 +0.4151591145 +0.0022259066 -5.6593690000 +0.0013261742 +32.0988070000 +0.0146938534 +7.6247256409 +0.7816613539 +0.2907142436
+3.1000000000 +0.4592222500 +0.0023640478 +0.0018512500 +0.0032955672 +0.4344339475 +0.0023044223 +0.4011473425 +0.0021571095 -5.5729670000 +0.0015171346 +31.1500290800 +0.0165119766 +7.2112539550 +0.9580426319 +0.2915076657
+3.2000000000 +0.4549062500 +0.0023299849 +0.0004392500 +0.0032561199 +0.4240928725 +0.0022545195 +0.3831690942 +0.0020774388 -5.4668630000 +0.0017487986 +30.0089229200 +0.0186007044 +6.7860367566 +1.1946470629 +0.2898546126
+3.3000000000 +0.4454825000 +0.0022825465 -0.0045160000 +0.0031891809 +0.4068553950 +0.0021879653 +0.3570190044 +0.0019764514 -5.3325280000 +0.0020362658 +28.6017100000 +0.0210148498 +6.3151738544 +1.5230039415 +0.2810645125
+3.4000000000 +0.4333975000 +0.0022177657 -0.0045240000 +0.0031006141 +0.3845727750 +0.0020992676 +0.3241732029 +0.0018501401 -5.1599710000 +0.0024070636 +26.8570589200 +0.0238850460 +5.7864524116 +2.0048287125 +0.2693678389
+3.5000000000 +0.4201162500 +0.0021256009 -0.0032697500 +0.0029883697 +0.3572248325 +0.0019809795 +0.2845807784 +0.0016940882 -4.9209850000 +0.0029514540 +24.5645366000 +0.0275918435 +5.1636333996 +2.8444345288 +0.2566368547
+3.6000000000 +0.3974160000 +0.0019871553 -0.0036705000 +0.0028101488 +0.3158909200 +0.0018181607 +0.2320154046 +0.0014990110 -4.5809160000 +0.0036426585 +21.5155498400 +0.0316549897 +4.3875400818 +4.0953583406 +0.2249650620
+3.7000000000 +0.3593830000 +0.0017754340 -0.0031275000 +0.0025260294 +0.2552427700 +0.0015858475 +0.1657453658 +0.0012408716 -4.0959560000 +0.0042913419 +17.5134801600 +0.0342741023 +3.4077467381 +5.3807494965 +0.1519660449
+3.8000000000 +0.3095697500 +0.0015092635 +0.0016072500 +0.0021618620 +0.1869484825 +0.0012908299 +0.1015994092 +0.0009377592 -3.5615640000 +0.0043624632 +13.4459815200 +0.0320413360 +2.3977645364 +5.2717686559 +0.0309949523
+3.9000000000 +0.2599537500 +0.0012362671 +0.0038707500 +0.0017937058 +0.1287102025 +0.0009836898 +0.0552721419 +0.0006442411 -3.0900580000 +0.0039158367 +10.1618095200 +0.0263050593 +1.5675448810 +4.0325514572 -0.1121390560
+4.0000000000 +0.2221712500 +0.0010170805 +0.0034092500 +0.0015060425 +0.0907381775 +0.0007330156 +0.0297258942 +0.0004201567 -2.7546710000 +0.0033278265 +8.0311894800 +0.0203087385 +1.0344528293 +2.7686072610 -0.2034652902
+4.1000000000 +0.1957405000 +0.0008595061 +0.0016490000 +0.0013025135 +0.0678643750 +0.0005573785 +0.0170324034 +0.0002778125 -2.5269590000 +0.0028811616 +6.7175654800 +0.0160934912 +0.7207324795 +1.9752747907 -0.2327385346
+4.2000000000 +0.1774217500 +0.0007551434 +0.0019537500 +0.0011649498 +0.0542881425 +0.0004429306 +0.0107947013 +0.0001877977 -2.3588560000 +0.0025825660 +5.8309875200 +0.0132747037 +0.5430872649 +1.5123916738 -0.2208980819
+4.3000000000 +0.1627567500 +0.0006757473 +0.0011397500 +0.0010577552 +0.0447551375 +0.0003607659 +0.0072091031 +0.0001324785 -2.2220100000 +0.0023654477 +5.1611421600 +0.0112900471 +0.4247762286 +1.2104581931 -0.1997042378
+4.4000000000 +0.1515605000 +0.0006154214 +0.0017360000 +0.0009761828 +0.0381203250 +0.0003003928 +0.0050625920 +0.0000952275 -2.1108630000 +0.0022111119 +4.6513032400 +0.0099327386 +0.3443122691 +1.0101272481 -0.1612841070
+4.5000000000 +0.1434877500 +0.0005735444 +0.0011572500 +0.0009184977 +0.0337468625 +0.0002595269 +0.0038330182 +0.0000704139 -2.0201910000 +0.0021243745 +4.2616903600 +0.0090470114 +0.2924028467 +0.8914502890 -0.1218965869
+4.6000000000 +0.1361872500 +0.0005378650 +0.0006427500 +0.0008677342 +0.0301189175 +0.0002298838 +0.0030210117 +0.0000552833 -1.9353720000 +0.0020526886 +3.9142060000 +0.0083344025 +0.2515641399 +0.7965086088 -0.1100752814
+4.7000000000 +0.1300042500 +0.0005133825 +0.0007572500 +0.0008282964 +0.0274435675 +0.0002080744 +0.0024849482 +0.0000454461 -1.8579240000 +0.0019820838 +3.6090278400 +0.0077039179 +0.2243077124 +0.7113909019 -0.0998031131
+4.8000000000 +0.1249917500 +0.0004912489 +0.0005392500 +0.0007949161 +0.0252759575 +0.0001895209 +0.0020756015 +0.0000374180 -1.7928810000 +0.0019263349 +3.3628529200 +0.0072116755 +0.2011045819 +0.6442302076 -0.0829477301
+4.9000000000 +0.1212170000 +0.0004744332 +0.0006630000 +0.0007696849 +0.0236970350 +0.0001766886 +0.0018103033 +0.0000327889 -1.7328270000 +0.0018877160 +3.1452282800 +0.0068179785 +0.1837443655 +0.5936645901 -0.0745882006
+5.0000000000 +0.1172142500 +0.0004554140 -0.0008937500 +0.0007422004 +0.0220352575 +0.0001643529 +0.0015660273 +0.0000292641 -1.6732490000 +0.0018483381 +2.9364163600 +0.0064326812 +0.1659215419 +0.5466165760 -0.0750825544
