# T, am1a, am1e, m1a, m1e, m2a, m2e, m4a, m4e, e1a, e1e, e2a, e2e, susc, spec, bind
+3.0000000000 +0.4925520833 +0.0023931571 -0.0097548611 +0.0034336585 +0.4716955826 +0.0023657370 +0.4463651824 +0.0022862174 -5.6580027778 +0.0022052823 +32.2075262346 +0.0235246808 +2.7490563332 +0.7781232048 +0.3312782661
+3.1000000000 +0.4893347222 +0.0023667585 -0.0099444444 +0.0034037164 +0.4635103009 +0.0023317544 +0.4323249486 +0.0022364637 -5.5719138889 +0.0025360426 +31.3034848765 +0.0264516228 +2.6020083548 +0.9637229644 +0.3292352008
+3.2000000000 +0.4852291667 +0.0023294051 -0.0119722222 +0.0033628453 +0.4524924769 +0.0022863700 +0.4138489607 +0.0021733888 -5.4604777778 +0.0029360140 +30.1616246914 +0.0298030726 +2.4417577425 +1.2122125655 +0.3262513807
+3.3000000000 +0.4791513889 +0.0022873213 -0.0129069444 +0.0033116953 +0.4388596065 +0.0022356280 +0.3925190577 +0.0021051097 -5.3299055556 +0.0033857225 +28.8664179012 +0.0332658580 +2.2829842146 +1.5157840333 +0.3206582993
+3.4000000000 +0.4703263889 +0.0022329238 -0.0123083333 +0.0032422730 +0.4206448688 +0.0021745190 +0.3660834253 +0.0020262016 -5.1583944444 +0.0039165724 +27.2226148148 +0.0370064100 +2.1116960126 +1.9108076585 +0.3103517788
+3.5000000000 +0.4590270833 +0.0021646482 -0.0113215278 +0.0031543849 +0.3981339313 +0.0020980073 +0.3345760139 +0.0019300004 -4.9424250000 +0.0045115958 +25.2417447531 +0.0407574721 +1.9278315575 +2.3926918701 +0.2964172820
+3.6000000000 +0.4403034722 +0.0020776907 -0.0083090278 +0.0030268385 +0.3665391011 +0.0020015498 +0.2945989737 +0.0018134034 -4.6831222222 +0.0051056120 +22.9743246914 +0.0440338848 +1.7267195343 +2.8963637308 +0.2690808274
+3.7000000000 +0.4195312500 +0.0019688652 -0.0065423611 +0.0028767207 +0.3310636767 +0.0018847597 +0.2516959207 +0.0016751064 -4.3641972222 +0.0056563473 +20.3259879630 +0.0463760203 +1.5086647165 +3.3653572291 +0.2345235143
+3.8000000000 +0.3943812500 +0.0018476575 -0.0072687500 +0.0027020236 +0.2920901042 +0.0017501515 +0.2078378382 +0.0015199642 -4.0162833333 +0.0060260577 +17.5830666667 +0.0469811803 +1.2936650572 +3.6212780270 +0.1879744871
+3.9000000000 +0.3684875000 +0.0017124487 -0.0065208333 +0.0025151527 +0.2530822531 +0.0015983794 +0.1662432998 +0.0013473712 -3.6635500000 +0.0061401636 +14.9296629630 +0.0455647027 +1.0827619886 +3.5693831017 +0.1348338650
+4.0000000000 +0.3395625000 +0.0015738566 -0.0046138889 +0.0023149643 +0.2143836806 +0.0014341869 +0.1282360499 +0.0011633212 -3.3140388889 +0.0060286071 +12.4366179012 +0.0424791217 +0.8917289023 +3.2709693244 +0.0699518528
+4.1000000000 +0.3130555556 +0.0014392676 -0.0042486111 +0.0021262959 +0.1808634259 +0.0012763022 +0.0978694720 +0.0009957073 -3.0011055556 +0.0057817334 +10.3437722222 +0.0385962219 +0.7275481030 +2.8635904818 +0.0027030649
+4.2000000000 +0.2887534722 +0.0013147277 -0.0046034722 +0.0019525479 +0.1525189236 +0.0011239046 +0.0737884813 +0.0008338714 -2.7401777778 +0.0054110950 +8.6797722222 +0.0342040678 +0.5926316219 +2.3901999355 -0.0573526392
+4.3000000000 +0.2680687500 +0.0012064066 -0.0021562500 +0.0018032809 +0.1300775270 +0.0009908349 +0.0561903185 +0.0006998491 -2.5211222222 +0.0050419387 +7.3729030864 +0.0301059845 +0.4873953958 +1.9797971754 -0.1069696035
+4.4000000000 +0.2495631944 +0.0011083854 +0.0005229167 +0.0016689985 +0.1114225116 +0.0008673035 +0.0425035893 +0.0005734239 -2.3416916667 +0.0046694508 +6.3556706790 +0.0263089437 +0.4020604654 +1.6217680487 -0.1411913312
+4.5000000000 +0.2375388889 +0.0010307320 -0.0013319444 +0.0015725719 +0.0989210648 +0.0007694496 +0.0334674840 +0.0004728129 -2.1958083333 +0.0043355928 +5.5734688272 +0.0229311174 +0.3399707286 +1.3367014941 -0.1400509072
+4.6000000000 +0.2257673611 +0.0009662184 -0.0016701389 +0.0014858603 +0.0883140239 +0.0006879802 +0.0267320351 +0.0003939148 -2.0727138889 +0.0040705167 +4.9589070988 +0.0203272830 +0.2922505245 +1.1275762008 -0.1424874061
+4.7000000000 +0.2159958333 +0.0009097721 -0.0015236111 +0.0014120844 +0.0797616127 +0.0006228006 +0.0218771396 +0.0003420581 -1.9658194444 +0.0038390735 +4.4539854938 +0.0182354608 +0.2535886925 +0.9607704212 -0.1462554975
+4.8000000000 +0.2082638889 +0.0008629706 -0.0008097222 +0.0013524230 +0.0731625772 +0.0005669806 +0.0182114425 +0.0002914905 -1.8748694444 +0.0036460513 +4.0468830247 +0.0164406573 +0.2234154731 +0.8308556109 -0.1340836828
+4.9000000000 +0.2023500000 +0.0008306404 -0.0017750000 +0.0013090159 +0.0685440586 +0.0005272433 +0.0158177088 +0.0002563074 -1.7964750000 +0.0035199216 +3.7229163580 +0.0151802415 +0.2027647553 +0.7430812814 -0.1222321006
+5.0000000000 +0.1948958333 +0.0007957841 -0.0029805556 +0.0012580381 +0.0633152778 +0.0004885298 +0.0135552775 +0.0002249108 -1.7297861111 +0.0033898867 +3.4518132716 +0.0139173644 +0.1823824219 +0.6619007252 -0.1271199154
