# T, am1a, am1e, m1a, m1e, m2a, m2e, m4a, m4e, e1a, e1e, e2a, e2e, susc, spec, bind
+3.0000000000 +0.5108218750 +0.0023986125 -0.0045125000 +0.0035037562 +0.4910726563 +0.0023912839 +0.4698819107 +0.0023593027 -5.6567000000 +0.0033334296 +32.4427250000 +0.0329918102 +1.2273795641 +0.7901690844 +0.3505047695
+3.1000000000 +0.5066984375 +0.0023760450 -0.0027015625 +0.0034733255 +0.4825668945 +0.0023675129 +0.4570754993 +0.0023305155 -5.5735437500 +0.0037785550 +31.6354890625 +0.0365567500 +1.1655410992 +0.9508414224 +0.3457380885
+3.2000000000 +0.5011765625 +0.0023444368 -0.0023328125 +0.0034315735 +0.4710333008 +0.0023350911 +0.4399783833 +0.0022916962 -5.4661687500 +0.0042804812 +30.6119015625 +0.0405086314 +1.0992767699 +1.1451574360 +0.3389917781
+3.3000000000 +0.4952046875 +0.0023092468 -0.0020984375 +0.0033857352 +0.4585325195 +0.0023005407 +0.4219515659 +0.0022519205 -5.3374625000 +0.0048314004 +29.4222031250 +0.0445567655 +1.0342052703 +1.3718232303 +0.3310385910
+3.4000000000 +0.4868968750 +0.0022653189 -0.0013250000 +0.0033254082 +0.4423353516 +0.0022558422 +0.3992135170 +0.0021993217 -5.1798625000 +0.0053931875 +27.9944343750 +0.0483978009 +0.9659613397 +1.6103236763 +0.3198876149
+3.5000000000 +0.4780125000 +0.0022156523 -0.0014531250 +0.0032590583 +0.4248605469 +0.0022051738 +0.3750181351 +0.0021407799 -5.0032312500 +0.0059762104 +26.4609265625 +0.0520515140 +0.8976667279 +1.8659312608 +0.3074706124
+3.6000000000 +0.4686343750 +0.0021618349 -0.0024562500 +0.0031880768 +0.4065593750 +0.0021509052 +0.3503462479 +0.0020775844 -4.8142625000 +0.0064875753 +24.8606687500 +0.0549140210 +0.8308497670 +2.0784510260 +0.2934738253
+3.7000000000 +0.4564906250 +0.0021007189 -0.0027812500 +0.0031020024 +0.3849044922 +0.0020883423 +0.3225984184 +0.0020045523 -4.5958500000 +0.0069677891 +23.0638406250 +0.0572970298 +0.7633331956 +2.2696898787 +0.2741698242
+3.8000000000 +0.4416937500 +0.0020327446 -0.0011968750 +0.0030015578 +0.3603753906 +0.0020177516 +0.2927232849 +0.0019215170 -4.3555187500 +0.0073720309 +21.1444171875 +0.0588954826 +0.6959243025 +2.4087242171 +0.2486785931
+3.9000000000 +0.4267593750 +0.0019633673 -0.0012250000 +0.0028996315 +0.3363160156 +0.0019441200 +0.2642925598 +0.0018386282 -4.1128500000 +0.0077253983 +19.3028062500 +0.0599321664 +0.6325844163 +2.5112648284 +0.2211235296
+4.0000000000 +0.4115453125 +0.0018898274 +0.0007796875 +0.0027938631 +0.3122274414 +0.0018603985 +0.2359292820 +0.0017368230 -3.8676312500 +0.0078926025 +17.4502984375 +0.0594025312 +0.5714315887 +2.4917269515 +0.1932881231
+4.1000000000 +0.3957859375 +0.0018097088 +0.0013484375 +0.0026816344 +0.2876483398 +0.0017671095 +0.2076486004 +0.0016256446 -3.6234562500 +0.0079473573 +15.6558546875 +0.0581076475 +0.5112266596 +2.4046824432 +0.1634652051
+4.2000000000 +0.3795265625 +0.0017302338 -0.0003578125 +0.0025680179 +0.2637887695 +0.0016725557 +0.1814822193 +0.0015130541 -3.3857687500 +0.0079434667 +13.9873765625 +0.0563556651 +0.4561842205 +2.2892939084 +0.1306388617
+4.3000000000 +0.3644046875 +0.0016553576 +0.0011890625 +0.0024616951 +0.2423991211 +0.0015813933 +0.1587895214 +0.0014054364 -3.1577812500 +0.0078700784 +12.4491078125 +0.0541431060 +0.4078450040 +2.1438835173 +0.0991789969
+4.4000000000 +0.3489796875 +0.0015772383 +0.0017515625 +0.0023520787 +0.2212940430 +0.0014863351 +0.1373387310 +0.0012934776 -2.9381250000 +0.0077001059 +11.0042437500 +0.0512074649 +0.3618444388 +1.9600539127 +0.0651706718
+4.5000000000 +0.3367109375 +0.0015111876 +0.0002921875 +0.0022623091 +0.2047217773 +0.0014068905 +0.1210846386 +0.0012017351 -2.7613687500 +0.0075170491 +9.8853984375 +0.0485353415 +0.3247911890 +1.7858694827 +0.0369702392
+4.6000000000 +0.3243968750 +0.0014499096 -0.0015656250 +0.0021755482 +0.1893228516 +0.0013265715 +0.1062348244 +0.0011083799 -2.5845500000 +0.0072815339 +8.8007281250 +0.0455285299 +0.2924852837 +1.6036517372 +0.0120395137
+4.7000000000 +0.3140734375 +0.0013882368 -0.0022328125 +0.0020959794 +0.1757301758 +0.0012513187 +0.0935130360 +0.0010260571 -2.4338562500 +0.0070526508 +7.9132515625 +0.0426727078 +0.2624274098 +1.4410830724 -0.0093881811
+4.8000000000 +0.3026437500 +0.0013318342 -0.0004625000 +0.0020158393 +0.1625445313 +0.0011773424 +0.0818661331 +0.0009397866 -2.2876125000 +0.0067744885 +7.0689187500 +0.0395574638 +0.2365043061 +1.2748248610 -0.0328524827
+4.9000000000 +0.2931812500 +0.0012782399 +0.0004781250 +0.0019449351 +0.1513111328 +0.0011076392 +0.0719696404 +0.0008626984 -2.1664937500 +0.0065397167 +6.4044109375 +0.0370141406 +0.2134069795 +1.1400021782 -0.0478191040
+5.0000000000 +0.2868171875 +0.0012400469 -0.0007484375 +0.0018958652 +0.1437727539 +0.0010572370 +0.0653806049 +0.0008021625 -2.0672125000 +0.0063476090 +5.8850531250 +0.0348038701 +0.1968276956 +1.0314787871 -0.0543249811
