# T, am1a, am1e, m1a, m1e, m2a, m2e, m4a, m4e, e1a, e1e, e2a, e2e, susc, susce, spec, spece, bind, binde
+3.0000000000 +0.4931993750 +0.0025407548 -0.0013665625 +0.0029382543 +0.4734802344 +0.0025296163 +0.4526389429 +0.0024738207 -5.6531187500 +0.0011664436 +32.4083737500 +0.0119787087 +1.2275736348 +0.0004083712 +0.8010818533 +0.0030897204 +0.3267998451 +0.0034843758
+3.1000000000 +0.4900092187 +0.0024063384 -0.0013098438 +0.0028654743 +0.4656291699 +0.0024117561 +0.4403542208 +0.0023648493 -5.5675943750 +0.0012808973 +31.5763582812 +0.0121627369 +1.1636760300 +0.0003965566 +0.9627217477 +0.0037437374 +0.3228145355 +0.0033519666
+3.2000000000 +0.4858820312 +0.0021790078 -0.0010301562 +0.0028139853 +0.4558392480 +0.0021222557 +0.4254752839 +0.0020106181 -5.4616068750 +0.0014424305 +30.5694551563 +0.0140702181 +1.0985520950 +0.0004200465 +1.1566948330 +0.0046623065 +0.3173147844 +0.0031152368
+3.3000000000 +0.4805601562 +0.0021519169 -0.0009460938 +0.0028246577 +0.4439084668 +0.0021205288 +0.4077579872 +0.0020340827 -5.3339325000 +0.0012634399 +29.3903015625 +0.0116715338 +1.0323592512 +0.0004038681 +1.3802750195 +0.0055784346 +0.3101029006 +0.0031368574
+3.4000000000 +0.4741582813 +0.0020807064 -0.0007395312 +0.0026529703 +0.4300393652 +0.0020411266 +0.3878231324 +0.0019268615 -5.1837868750 +0.0018253370 +28.0426017187 +0.0156464014 +0.9655058643 +0.0005397814 +1.6206533353 +0.0067930595 +0.3008270300 +0.0031606446
+3.5000000000 +0.4660128125 +0.0019174301 -0.0011175000 +0.0024637304 +0.4135675391 +0.0018476245 +0.3650577917 +0.0016801645 -5.0092743750 +0.0021356371 +26.5171995313 +0.0198888057 +0.8976586618 +0.0007152141 +1.8603417571 +0.0037010831 +0.2884109317 +0.0030966377
+3.6000000000 +0.4562654688 +0.0018980312 -0.0011207812 +0.0021820979 +0.3947701465 +0.0018087001 +0.3398685728 +0.0016161592 -4.8116381250 +0.0019717371 +24.8431320313 +0.0161650979 +0.8291375257 +0.0005799688 +2.0879403800 +0.0043376639 +0.2729146399 +0.0032053993
+3.7000000000 +0.4449950000 +0.0016877369 -0.0008365625 +0.0018412985 +0.3741036523 +0.0015629885 +0.3131858048 +0.0013442602 -4.5943012500 +0.0028175866 +23.0618728125 +0.0223350122 +0.7613172660 +0.0005485913 +2.2839321535 +0.0056942909 +0.2539485760 +0.0030400319
+3.8000000000 +0.4324395313 +0.0015178922 -0.0005929688 +0.0015748388 +0.3516335254 +0.0013847638 +0.2849386574 +0.0012058748 -4.3534012500 +0.0028868980 +21.1432943750 +0.0223258841 +0.6930801568 +0.0007948376 +2.4278211520 +0.0052805090 +0.2317382646 +0.0029118123
+3.9000000000 +0.4184860938 +0.0013818166 -0.0003973437 +0.0016428675 +0.3282056934 +0.0012519661 +0.2567280568 +0.0010927648 -4.1076512500 +0.0036150987 +19.2542075000 +0.0270351409 +0.6279220042 +0.0006848394 +2.5049604407 +0.0047566187 +0.2054702217 +0.0027725466
+4.0000000000 +0.4041282813 +0.0013205651 -0.0007714063 +0.0015199676 +0.3047742480 +0.0012339136 +0.2290556942 +0.0010579161 -3.8591800000 +0.0028815006 +17.3890743750 +0.0216202064 +0.5657485657 +0.0008188966 +2.4957210721 +0.0041846352 +0.1779148971 +0.0029812609
+4.1000000000 +0.3894932812 +0.0011759529 -0.0008251563 +0.0012760680 +0.2815114551 +0.0011050813 +0.2023584357 +0.0009335150 -3.6118231250 +0.0028149971 +15.5940717187 +0.0214532471 +0.5065077475 +0.0009266273 +2.4259142800 +0.0043357233 +0.1487543723 +0.0029610237
+4.2000000000 +0.3748135938 +0.0010437392 -0.0009451562 +0.0011558749 +0.2593475293 +0.0009633680 +0.1778370639 +0.0007885815 -3.3756656250 +0.0020319630 +13.9291017187 +0.0141610339 +0.4527672584 +0.0007968221 +2.2983601072 +0.0035612138 +0.1185957056 +0.0027503631
+4.3000000000 +0.3609262500 +0.0008443103 -0.0011390625 +0.0011814404 +0.2390411133 +0.0007843139 +0.1561663415 +0.0006319626 -3.1515293750 +0.0025997757 +12.4138532813 +0.0168013039 +0.4047115414 +0.0008534566 +2.1474511986 +0.0024843268 +0.0889375782 +0.0024647971
+4.4000000000 +0.3469282813 +0.0006845313 -0.0010557813 +0.0009791307 +0.2198107129 +0.0006222548 +0.1365590268 +0.0005256528 -2.9468318750 +0.0021308761 +11.0723873437 +0.0147498170 +0.3616247081 +0.0006744696 +1.9739866429 +0.0036774564 +0.0578645314 +0.0019467750
+4.5000000000 +0.3343903125 +0.0006893232 -0.0006884375 +0.0008128311 +0.2026722852 +0.0006281095 +0.1194161367 +0.0005330640 -2.7573325000 +0.0018849581 +9.8695150000 +0.0121235273 +0.3230245419 +0.0006689160 +1.7908914203 +0.0025358366 +0.0309207113 +0.0018566209
+4.6000000000 +0.3229815625 +0.0005549110 -0.0013868750 +0.0005667358 +0.1877184766 +0.0005186243 +0.1048579593 +0.0004282644 -2.5848256250 +0.0015783044 +8.8092629687 +0.0089785716 +0.2900810699 +0.0006650580 +1.6090091090 +0.0023326471 +0.0080969287 +0.0016868996
+4.7000000000 +0.3117867187 +0.0006540094 -0.0010860937 +0.0005672700 +0.1737758887 +0.0005721104 +0.0919393037 +0.0004548090 -2.4312343750 +0.0016438351 +7.9062354687 +0.0113007405 +0.2606320116 +0.0006371173 +1.4452207230 +0.0033094055 -0.0148540027 +0.0020371775
+4.8000000000 +0.3021040625 +0.0005772777 -0.0011946875 +0.0003936485 +0.1618121094 +0.0005530046 +0.0809188823 +0.0004521413 -2.2955712500 +0.0019728553 +7.1260287500 +0.0117560376 +0.2351397077 +0.0006988483 +1.2891267115 +0.0027730249 -0.0301382355 +0.0016983857
+4.9000000000 +0.2934096875 +0.0005562563 -0.0014787500 +0.0004803544 +0.1515015625 +0.0004780776 +0.0720087805 +0.0003519477 -2.1744775000 +0.0017157920 +6.4628462500 +0.0093192584 +0.2135811382 +0.0005289437 +1.1558280134 +0.0024751956 -0.0457530806 +0.0020102420
+5.0000000000 +0.2848631250 +0.0006235732 -0.0015459375 +0.0005114566 +0.1419374609 +0.0004866900 +0.0640380998 +0.0003190062 -2.0633656250 +0.0013105081 +5.8762639062 +0.0058914943 +0.1945170321 +0.0004515330 +1.0360121789 +0.0012302107 -0.0595697217 +0.0021965374
