# T, am1a, am1e, m1a, m1e, m2a, m2e, m4a, m4e, e1a, e1e, e2a, e2e, susc, spec, bind
+3.0000000000 +0.4858437500 +0.0023940924 +0.0351909722 +0.0034061447 +0.4653112847 +0.0023660704 +0.4404461484 +0.0022861681 -5.6598750000 +0.0022053728 +32.2287317901 +0.0235130176 +2.7512056237 +0.7781870979 +0.3219146033
+3.1000000000 +0.4807381944 +0.0023669050 +0.0341590278 +0.0033690946 +0.4551987847 +0.0023318442 +0.4247058261 +0.0022364702 -5.5734333333 +0.0025225992 +31.3176993827 +0.0263610359 +2.6023305266 +0.9535327177 +0.3167733846
+3.2000000000 +0.4753555556 +0.0023314080 +0.0310500000 +0.0033257230 +0.4433814429 +0.0022884034 +0.4060587173 +0.0021750516 -5.4645777778 +0.0029233134 +30.2034407407 +0.0296938292 +2.4459585604 +1.2017476805 +0.3114863433
+3.3000000000 +0.4698104167 +0.0022865565 +0.0292312500 +0.0032749084 +0.4298554591 +0.0022347211 +0.3845348525 +0.0021022845 -5.3280166667 +0.0033847543 +28.8460240741 +0.0332040475 +2.2814577981 +1.5149172687 +0.3063034086
+3.4000000000 +0.4631638889 +0.0022331950 +0.0284430556 +0.0032140246 +0.4140071759 +0.0021743006 +0.3605052664 +0.0020250048 -5.1572000000 +0.0039315396 +27.2149919753 +0.0370928590 +2.1122088136 +1.9254398677 +0.2989086301
+3.5000000000 +0.4505020833 +0.0021646105 +0.0284354167 +0.0031207575 +0.3903736690 +0.0020968863 +0.3282688861 +0.0019274022 -4.9435027778 +0.0045411792 +25.2631120370 +0.0409101253 +1.9277644309 +2.4241733578 +0.2819619912
+3.6000000000 +0.4335993056 +0.0020749435 +0.0250687500 +0.0029983143 +0.3602239776 +0.0020012844 +0.2899668834 +0.0018136924 -4.6746888889 +0.0051813914 +22.9265888889 +0.0444949233 +1.7221561985 +2.9829796694 +0.2551275508
+3.7000000000 +0.4112784722 +0.0019689201 +0.0206826389 +0.0028451189 +0.3242158372 +0.0018834233 +0.2470072396 +0.0016734160 -4.3616555556 +0.0056820414 +20.3154629630 +0.0465335177 +1.5087488641 +3.3960011684 +0.2167146986
+3.8000000000 +0.3855013889 +0.0018391392 +0.0197736111 +0.0026623188 +0.2839086420 +0.0017372768 +0.2013293382 +0.0015050726 -4.0033555556 +0.0060320374 +17.4822746914 +0.0470282131 +1.2817640950 +3.6284683890 +0.1674149919
+3.9000000000 +0.3582923611 +0.0016963262 +0.0186048611 +0.0024654015 +0.2434743248 +0.0015749803 +0.1585022680 +0.0013216283 -3.6345611111 +0.0061507442 +14.7233006173 +0.0455688756 +1.0624699275 +3.5816950222 +0.1087328785
+4.0000000000 +0.3325784722 +0.0015599757 +0.0158979167 +0.0022786874 +0.2079494020 +0.0014179228 +0.1236631552 +0.0011485395 -3.2961305556 +0.0060365379 +12.3220682099 +0.0424455919 +0.8760686564 +3.2795810339 +0.0467567979
+4.1000000000 +0.3068666667 +0.0014300759 +0.0124666667 +0.0020965234 +0.1759718364 +0.0012590611 +0.0943754809 +0.0009729283 -3.0002722222 +0.0057491141 +10.3237259259 +0.0383344593 +0.7182850417 +2.8313700574 -0.0159014735
+4.2000000000 +0.2836743056 +0.0013006643 +0.0088548611 +0.0019239400 +0.1481402199 +0.0011025761 +0.0705724860 +0.0008092255 -2.7336805556 +0.0053785802 +8.6301743827 +0.0338998646 +0.5800209281 +2.3615612304 -0.0719343583
+4.3000000000 +0.2641402778 +0.0011888688 +0.0056444444 +0.0017767568 +0.1263064429 +0.0009627998 +0.0530326564 +0.0006634676 -2.5124111111 +0.0050093839 +7.3159666667 +0.0297962438 +0.4733276363 +1.9543133973 -0.1080800028
+4.4000000000 +0.2483097222 +0.0010961233 +0.0049027778 +0.0016559977 +0.1097171682 +0.0008464778 +0.0406988414 +0.0005471870 -2.3354250000 +0.0046472071 +6.3180712963 +0.0261291257 +0.3932136823 +1.6063537791 -0.1269680689
+4.5000000000 +0.2346548611 +0.0010244292 +0.0046687500 +0.0015573961 +0.0970411073 +0.0007612362 +0.0325962012 +0.0004683790 -2.1937416667 +0.0043496691 +5.5692873457 +0.0231227019 +0.3358256273 +1.3453952811 -0.1538098671
+4.6000000000 +0.2228444444 +0.0009579448 +0.0035625000 +0.0014692964 +0.0863659722 +0.0006832500 +0.0261323024 +0.0003954887 -2.0635305556 +0.0040818383 +4.9246145062 +0.0204061057 +0.2872668976 +1.1338573482 -0.1678070364
+4.7000000000 +0.2136423611 +0.0009049623 +0.0026979167 +0.0013999469 +0.0784013310 +0.0006202831 +0.0215368148 +0.0003416374 -1.9672861111 +0.0038596316 +4.4660848765 +0.0184135094 +0.2509144281 +0.9710877505 -0.1679206767
+4.8000000000 +0.2053555556 +0.0008568100 +0.0013722222 +0.0013372916 +0.0715358410 +0.0005601258 +0.0176670142 +0.0002847124 -1.8716138889 +0.0036755743 +4.0433324074 +0.0164760988 +0.2202370264 +0.8443654036 -0.1507858911
+4.9000000000 +0.1994055556 +0.0008189417 +0.0004569444 +0.0012902421 +0.0665891975 +0.0005132000 +0.0149690910 +0.0002445387 -1.7967611111 +0.0034878785 +3.7149623457 +0.0148720670 +0.1970935490 +0.7296137772 -0.1252955780
+5.0000000000 +0.1927284722 +0.0007892031 -0.0000590278 +0.0012455714 +0.0620579282 +0.0004796944 +0.0130554570 +0.0002155981 -1.7306222222 +0.0033772242 +3.4512790123 +0.0138109884 +0.1793783825 +0.6569650603 -0.1299943667
