# T, am1a, am1e, m1a, m1e, m2a, m2e, m4a, m4e, e1a, e1e, e2a, e2e, susc, spec, bind
+2.0000000000 +0.4822236111 +0.0024967732 +0.0188430556 +0.0034696528 +0.4818946759 +0.0024953728 +0.4812979031 +0.0024933108 -11.9944555556 +0.0002550175 +143.8695654321 +0.0059945560 +4.4883911666 +0.0234122211 +0.3091425289
+2.2000000000 +0.4819208333 +0.0024947170 +0.0186291667 +0.0034671500 +0.4811922068 +0.0024916174 +0.4798722210 +0.0024870621 -11.9876055556 +0.0003801627 +143.7084679012 +0.0089341436 +4.0736375540 +0.0429987693 +0.3091763686
+2.4000000000 +0.4808277778 +0.0024913966 +0.0190694444 +0.0034609030 +0.4794776235 +0.0024856600 +0.4770390227 +0.0024772551 -11.9767055556 +0.0005194807 +143.4522703704 +0.0121999237 +3.7242340736 +0.0674650368 +0.3083347389
+2.6000000000 +0.4807291667 +0.0024861112 +0.0171263889 +0.0034570116 +0.4783304784 +0.0024761249 +0.4740478336 +0.0024618005 -11.9600666667 +0.0006888064 +143.0621728395 +0.0161400048 +3.4231838775 +0.1010671690 +0.3093710124
+2.8000000000 +0.4781750000 +0.0024780167 +0.0140527778 +0.0034426607 +0.4742739969 +0.0024619687 +0.4673874110 +0.0024393636 -11.9347000000 +0.0008896887 +142.4687259259 +0.0207912133 +3.1580057094 +0.1453859813 +0.3073766517
+3.0000000000 +0.4775041667 +0.0024665462 +0.0117430556 +0.0034322964 +0.4713642361 +0.0024420039 +0.4607195696 +0.0024085271 -11.8996277778 +0.0011247851 +141.6517469136 +0.0261664240 +2.9202480831 +0.2024226557 +0.3088025158
+3.2000000000 +0.4743312500 +0.0024508874 +0.0085868056 +0.0034102433 +0.4652641011 +0.0024155748 +0.4498707406 +0.0023685928 -11.8540277778 +0.0013704567 +140.5931006173 +0.0317391308 +2.7030821215 +0.2641150580 +0.3072645638
+3.4000000000 +0.4705722222 +0.0024300264 +0.0092277778 +0.0033821376 +0.4576393519 +0.0023814197 +0.4362801614 +0.0023184750 -11.7936305556 +0.0016572436 +139.1995799383 +0.0381218633 +2.5009531997 +0.3421191405 +0.3056195472
+3.6000000000 +0.4634104167 +0.0024029108 +0.0092937500 +0.0033377465 +0.4457084298 +0.0023382531 +0.4173530995 +0.0022564751 -11.7170055556 +0.0019698613 +137.4434333334 +0.0449608879 +2.3095921551 +0.4311504011 +0.2997055373
+3.8000000000 +0.4551430556 +0.0023676179 +0.0088222222 +0.0032836792 +0.4313797840 +0.0022840080 +0.3947562239 +0.0021810027 -11.6174611111 +0.0023413114 +135.1846722223 +0.0528998074 +2.1242328909 +0.5466553979 +0.2928880870
+4.0000000000 +0.4444923611 +0.0023241288 +0.0069854167 +0.0032155390 +0.4136364390 +0.0022203544 +0.3682940426 +0.0020949555 -11.4960972222 +0.0027428901 +132.4611891976 +0.0612568971 +1.9445668196 +0.6771101732 +0.2824769487
+4.2000000000 +0.4297736111 +0.0022688109 +0.0082666667 +0.0031246485 +0.3906054784 +0.0021430136 +0.3362729266 +0.0019925129 -11.3471388889 +0.0031710867 +129.1597925926 +0.0699222216 +1.7648581850 +0.8208808752 +0.2653271536
+4.4000000000 +0.4096159722 +0.0021996334 +0.0104006944 +0.0030050481 +0.3613207369 +0.0020509365 +0.2988062915 +0.0018745644 -11.1668305556 +0.0035792159 +125.2105361111 +0.0779247731 +1.5834722088 +0.9528684073 +0.2370734858
+4.6000000000 +0.3853520833 +0.0021186509 +0.0107659722 +0.0028632481 +0.3280434992 +0.0019452845 +0.2589778028 +0.0017412418 -10.9645944444 +0.0039312381 +120.8405166667 +0.0844473394 +1.4051525564 +1.0517330850 +0.1978078358
+4.8000000000 +0.3576354167 +0.0020279336 +0.0076868056 +0.0027034450 +0.2924036844 +0.0018293474 +0.2193603936 +0.0015986493 -10.7565611111 +0.0041833901 +116.4036370371 +0.0887346361 +1.2337544487 +1.0937970312 +0.1447929335
+5.0000000000 +0.3303798611 +0.0019299455 +0.0075909722 +0.0025400828 +0.2581384452 +0.0017052658 +0.1829527133 +0.0014475997 -10.5418638889 +0.0043414202 +111.8848114198 +0.0908399000 +1.0727106666 +1.0856407218 +0.0848079895
+5.2000000000 +0.3053777778 +0.0018296246 +0.0069277778 +0.0023827958 +0.2271566358 +0.0015812567 +0.1516150470 +0.0013037660 -10.3358055556 +0.0044093512 +107.6065716050 +0.0910299050 +0.9270072598 +1.0353929148 +0.0205772361
+5.4000000000 +0.2800847222 +0.0017232826 +0.0066958333 +0.0022203082 +0.1972355710 +0.0014507542 +0.1230893793 +0.0011541690 -10.1320222222 +0.0044066984 +103.4346339506 +0.0896069344 +0.7919207958 +0.9589625173 -0.0546997512
+5.6000000000 +0.2576513889 +0.0016229324 +0.0067222222 +0.0020718074 +0.1717406250 +0.0013275570 +0.0999911406 +0.0010159629 -9.9470138889 +0.0043790225 +99.7101188272 +0.0875967059 +0.6772910580 +0.8805231751 -0.1300409704
+5.8000000000 +0.2380826389 +0.0015300568 +0.0058354167 +0.0019383772 +0.1503262924 +0.0012163292 +0.0817762634 +0.0008961811 -9.7801611111 +0.0043633908 +96.4131185185 +0.0858033206 +0.5812321003 +0.8149945818 -0.2062466357
+6.0000000000 +0.2216208333 +0.0014394340 +0.0043944444 +0.0018164202 +0.1319945988 +0.0011080142 +0.0665303922 +0.0007823899 -9.6156416667 +0.0043270837 +93.2095108025 +0.0835396075 +0.4972728300 +0.7489461407 -0.2728772042
+6.2000000000 +0.2072194444 +0.0013595161 +0.0026916667 +0.0017092689 +0.1168712577 +0.0010144353 +0.0548220514 +0.0006857382 -9.4720805556 +0.0043132015 +90.4644583333 +0.0817026103 +0.4292788620 +0.6969130636 -0.3378844085
+6.4000000000 +0.1942784722 +0.0012847139 +0.0022881944 +0.0016105782 +0.1037637153 +0.0009283581 +0.0452408560 +0.0006015276 -9.3362833333 +0.0043402187 +87.9196864197 +0.0806346063 +0.3713601966 +0.6622558062 -0.4006142226
+6.6000000000 +0.1855555556 +0.0012252917 +0.0014861111 +0.0015368982 +0.0944844522 +0.0008609626 +0.0385775743 +0.0005355496 -9.2029972222 +0.0044499597 +85.4872435185 +0.0809817636 +0.3275650253 +0.6546162366 -0.4404326709
+6.8000000000 +0.1772069444 +0.0011718800 +0.0004333333 +0.0014691343 +0.0863344136 +0.0008025907 +0.0332197034 +0.0004812034 -9.0805361111 +0.0045493404 +83.2839959876 +0.0812016852 +0.2908170658 +0.6445276213 -0.4856161386
+7.0000000000 +0.1695041667 +0.0011183304 -0.0008222222 +0.0014031884 +0.0787581790 +0.0007450969 +0.0284096242 +0.0004283335 -8.9430000000 +0.0047100736 +80.8646407407 +0.0822826677 +0.2572792277 +0.6519612789 -0.5266971761
+7.2000000000 +0.1637319444 +0.0010767274 -0.0012333333 +0.0013525930 +0.0731818287 +0.0007030902 +0.0251290135 +0.0003942701 -8.8174944444 +0.0049056571 +78.7108271605 +0.0838170153 +0.2318683954 +0.6684853352 -0.5640393297
+7.4000000000 +0.1578166667 +0.0010344639 -0.0015569444 +0.0013010409 +0.0677107253 +0.0006605217 +0.0220362975 +0.0003604545 -8.6816000000 +0.0051301498 +76.4229160494 +0.0857412469 +0.2082387164 +0.6920845438 -0.6021472903
+7.6000000000 +0.1529916667 +0.0009944928 -0.0007333333 +0.0012546569 +0.0629670910 +0.0006192484 +0.0193035967 +0.0003260746 -8.5419444444 +0.0053982777 +74.1304709876 +0.0883576187 +0.1873925099 +0.7265169571 -0.6228923757
+7.8000000000 +0.1489944444 +0.0009580761 +0.0001416667 +0.0012136280 +0.0589157407 +0.0005813768 +0.0169910228 +0.0002934471 -8.3990000000 +0.0057212612 +71.8525141975 +0.0912933149 +0.1694602905 +0.7747415370 -0.6316822246
+8.0000000000 +0.1448937500 +0.0009213935 -0.0001770833 +0.0011721007 +0.0549528356 +0.0005456809 +0.0149305193 +0.0002646322 -8.2330944444 +0.0060462486 +69.2461290123 +0.0940799913 +0.1528138659 +0.8225352457 -0.6480616158
+8.2000000000 +0.1416770833 +0.0008874832 -0.0005979167 +0.0011355295 +0.0515774498 +0.0005137806 +0.0132190539 +0.0002392649 -8.0569638889 +0.0063992691 +66.5526929012 +0.0970509805 +0.1383148708 +0.8769917995 -0.6563777522
+8.4000000000 +0.1385944444 +0.0008559088 -0.0013680556 +0.0011012464 +0.0485116127 +0.0004844196 +0.0117398699 +0.0002143449 -7.8678027778 +0.0067816499 +63.7419515432 +0.1001326739 +0.1255851112 +0.9385872414 -0.6628405394
+8.6000000000 +0.1360250000 +0.0008279260 -0.0013777778 +0.0010714401 +0.0459212577 +0.0004590998 +0.0105396656 +0.0001937985 -7.6750194444 +0.0071441047 +60.9474527778 +0.1028681016 +0.1147749367 +0.9937135612 -0.6660116366
+8.8000000000 +0.1341409722 +0.0008025508 -0.0016645833 +0.0010458793 +0.0437573110 +0.0004382115 +0.0095958743 +0.0001810911 -7.4742777778 +0.0075302724 +58.1330283951 +0.1056518313 +0.1053961794 +1.0544318627 -0.6705598793
+9.0000000000 +0.1322736111 +0.0007726459 -0.0015277778 +0.0010170207 +0.0413755787 +0.0004133079 +0.0085448739 +0.0001655681 -7.2524805556 +0.0078613352 +55.0704978395 +0.1076419403 +0.0955170820 +1.0986771692 -0.6637813123
+9.2000000000 +0.1293958333 +0.0007440331 -0.0021722222 +0.0009859256 +0.0388866898 +0.0003892892 +0.0075740174 +0.0001508393 -7.0263111111 +0.0081604072 +52.0327376543 +0.1088541831 +0.0866481188 +1.1329493581 -0.6695640703
+9.4000000000 +0.1276312500 +0.0007197477 -0.0018187500 +0.0009618719 +0.0370112076 +0.0003717781 +0.0068985871 +0.0001408245 -6.7892500000 +0.0084697809 +48.9634030864 +0.1098757808 +0.0793588273 +1.1690985838 -0.6786972752
+9.6000000000 +0.1270729167 +0.0006993208 -0.0027951389 +0.0009447446 +0.0357095100 +0.0003541803 +0.0062929152 +0.0001276401 -6.5563972222 +0.0087554475 +46.0526589506 +0.1107511792 +0.0733574396 +1.1977790684 -0.6449884041
+9.8000000000 +0.1249270833 +0.0006756704 -0.0025131944 +0.0009200772 +0.0338679977 +0.0003356778 +0.0056542240 +0.0001173602 -6.3266083333 +0.0089444119 +43.2260731481 +0.1103490813 +0.0670820383 +1.1995377469 -0.6431329654
+10.0000000000 +0.1244798611 +0.0006553179 -0.0018437500 +0.0009037353 +0.0326728974 +0.0003203658 +0.0051728881 +0.0001090956 -6.1012472222 +0.0090633086 +40.5109601852 +0.1093370845 +0.0618395816 +1.1828673067 -0.6152380236
+10.2000000000 +0.1228569444 +0.0006378819 -0.0009055556 +0.0008855611 +0.0313695602 +0.0003059677 +0.0047286990 +0.0001002087 -5.8657861111 +0.0091001508 +37.7199564815 +0.1070306522 +0.0574437578 +1.1461971558 -0.6017825329
+10.4000000000 +0.1223895833 +0.0006182150 -0.0011104167 +0.0008698501 +0.0302668017 +0.0002905750 +0.0042934329 +0.0000890343 -5.6275305556 +0.0090825342 +34.9687972222 +0.1040016305 +0.0529185863 +1.0982719533 -0.5622493814
+10.6000000000 +0.1219722222 +0.0006030604 -0.0011472222 +0.0008576593 +0.0294244985 +0.0002782916 +0.0039636502 +0.0000828576 -5.4147694444 +0.0090506692 +32.5963126543 +0.1010300193 +0.0494058412 +1.0498134803 -0.5260049104
+10.8000000000 +0.1207312500 +0.0005868772 -0.0005923611 +0.0008419127 +0.0283530285 +0.0002664896 +0.0036445623 +0.0000777207 -5.2058472222 +0.0090339100 +30.3653064815 +0.0982790901 +0.0459233127 +1.0075497470 -0.5112113911
+11.0000000000 +0.1207194444 +0.0005699837 -0.0007944444 +0.0008301778 +0.0275684414 +0.0002514943 +0.0032899939 +0.0000698239 -5.0159888889 +0.0089550591 +28.3678679012 +0.0952630543 +0.0425299323 +0.9543639772 -0.4429437866
+11.2000000000 +0.1196451389 +0.0005567918 -0.0008895833 +0.0008172339 +0.0267156443 +0.0002421944 +0.0030600501 +0.0000669079 -4.8317416667 +0.0088106679 +26.4508422840 +0.0912744449 +0.0398593447 +0.8911362486 -0.4291439484
+11.4000000000 +0.1185402778 +0.0005456084 -0.0002958333 +0.0008055937 +0.0259593364 +0.0002343544 +0.0028707671 +0.0000635735 -4.6628138889 +0.0087005937 +24.7698466049 +0.0879218923 +0.0376027546 +0.8387848317 -0.4200038978
+11.6000000000 +0.1183944444 +0.0005366677 -0.0003305556 +0.0007990248 +0.0255377315 +0.0002274638 +0.0027217662 +0.0000606366 -4.5039916667 +0.0085523679 +23.2116608025 +0.0845117643 +0.0357532355 +0.7827431279 -0.3911210855
+11.8000000000 +0.1181041667 +0.0005297500 -0.0008597222 +0.0007933041 +0.0251739969 +0.0002226458 +0.0026165759 +0.0000598532 -4.3389138889 +0.0084001057 +21.6486447531 +0.0809378098 +0.0342469914 +0.7297397059 -0.3762829460
+12.0000000000 +0.1173777778 +0.0005188463 -0.0009416667 +0.0007833377 +0.0245456019 +0.0002126945 +0.0024120444 +0.0000514801 -4.2032750000 +0.0082678463 +20.4018120370 +0.0777477256 +0.0323041774 +0.6835728279 -0.3344941222
