# T, am1a, am1e, m1a, m1e, m2a, m2e, m4a, m4e, e1a, e1e, e2a, e2e, susc, spec, bind
+2.0000000000 +0.5148921875 +0.0024968031 -0.1244562500 +0.0035319458 +0.5144750000 +0.0024949967 +0.5136848604 +0.0024919518 -11.9940062500 +0.0001971484 +143.8577406250 +0.0046770072 +7.9795531280 +0.0248751994 +0.3530853895
+2.2000000000 +0.5148929688 +0.0024945199 -0.1256898438 +0.0035292422 +0.5140199463 +0.0024907501 +0.5123699465 +0.0024844209 -11.9874437500 +0.0002869286 +143.7021007813 +0.0068020615 +7.2408778770 +0.0435454127 +0.3535983604
+2.4000000000 +0.5149046875 +0.0024903808 -0.1268062500 +0.0035253612 +0.5132066895 +0.0024831052 +0.5100135660 +0.0024710224 -11.9755750000 +0.0004028555 +143.4208882813 +0.0095397032 +6.6154627265 +0.0721300069 +0.3545303059
+2.6000000000 +0.5147515625 +0.0024845512 -0.1279625000 +0.0035196398 +0.5118889648 +0.0024723929 +0.5065393766 +0.0024524052 -11.9586937500 +0.0005295756 +143.0215742188 +0.0125166946 +6.0780256922 +0.1062060351 +0.3556224187
+2.8000000000 +0.5124675781 +0.0024758305 -0.1312652344 +0.0035020777 +0.5078124939 +0.0024562068 +0.4991916101 +0.0024243959 -11.9328343750 +0.0006809078 +142.4110816406 +0.0160541905 +5.6043308632 +0.1513911791 +0.3547332910
+3.0000000000 +0.5099683594 +0.0024640958 -0.1319035156 +0.0034840347 +0.5029384460 +0.0024348439 +0.4900856797 +0.0023882990 -11.8987187500 +0.0008447667 +141.6080531250 +0.0198492534 +5.1812419943 +0.2029883264 +0.3541657295
+3.2000000000 +0.5068757812 +0.0024473999 -0.1312851563 +0.0034614950 +0.4965137085 +0.0024049999 +0.4778868524 +0.0023390959 -11.8523156250 +0.0010334124 +140.5201033203 +0.0241738745 +4.7918130176 +0.2669852856 +0.3538381097
+3.4000000000 +0.5023488281 +0.0024263899 -0.1318824219 +0.0034294901 +0.4878490662 +0.0023682239 +0.4623360914 +0.0022803305 -11.7938359375 +0.0012383361 +139.1559051758 +0.0288065373 +4.4328418079 +0.3395933847 +0.3524615127
+3.6000000000 +0.4971226563 +0.0023994963 -0.1300773437 +0.0033930596 +0.4774342407 +0.0023228855 +0.4437753323 +0.0022105603 -11.7202250000 +0.0014816865 +137.4514898438 +0.0342015677 +4.0942809843 +0.4336582377 +0.3510447086
+3.8000000000 +0.4868343750 +0.0023648460 -0.1299093750 +0.0033310326 +0.4607075684 +0.0022662245 +0.4176823993 +0.0021262144 -11.6252671875 +0.0017713529 +135.2723448242 +0.0404848118 +3.7675765840 +0.5562665638 +0.3440447283
+4.0000000000 +0.4712453125 +0.0023196971 -0.1271046875 +0.0032448279 +0.4373119263 +0.0021955206 +0.3840541418 +0.0020254510 -11.5047000000 +0.0021011273 +132.5347115234 +0.0474740958 +3.4438365075 +0.7063577337 +0.3305956111
+4.2000000000 +0.4504992187 +0.0022570447 -0.1151476562 +0.0031363219 +0.4067195801 +0.0021031444 +0.3423494692 +0.0018992203 -11.3458062500 +0.0024814038 +128.9736140625 +0.0552915808 +3.1050671845 +0.8935858502 +0.3101443221
+4.4000000000 +0.4206835937 +0.0021706533 -0.0998375000 +0.0029810929 +0.3654441162 +0.0019828370 +0.2908151068 +0.0017411601 -11.1424937500 +0.0028647884 +124.4834474609 +0.0628364258 +2.7413735296 +1.0852247674 +0.2741385027
+4.6000000000 +0.3840113281 +0.0020572680 -0.0792863281 +0.0027860027 +0.3167587708 +0.0018317573 +0.2345495091 +0.0015504881 -10.9035343750 +0.0031718829 +119.2894955078 +0.0684255608 +2.3553957652 +1.2171905966 +0.2207873836
+4.8000000000 +0.3436496094 +0.0019257550 -0.0603261719 +0.0025631870 +0.2664363464 +0.0016621601 +0.1814993714 +0.0013431269 -10.6537218750 +0.0033444533 +113.9492044922 +0.0709230573 +1.9778838988 +1.2428186176 +0.1477501544
+5.0000000000 +0.3055699219 +0.0017919397 -0.0432378906 +0.0023449167 +0.2218148865 +0.0014964838 +0.1387803920 +0.0011517108 -10.4154937500 +0.0033995609 +108.9447906250 +0.0708934904 +1.6440564393 +1.1834382559 +0.0597886778
+5.2000000000 +0.2675406250 +0.0016442136 -0.0283773437 +0.0021148891 +0.1797155151 +0.0013173483 +0.1017139289 +0.0009552109 -10.1912640625 +0.0033505421 +104.3109084961 +0.0686639983 +1.3309234352 +1.0628291231 -0.0497551913
+5.4000000000 +0.2349707031 +0.0015029522 -0.0178410156 +0.0019055677 +0.1455658386 +0.0011501194 +0.0741003994 +0.0007817880 -9.9907437500 +0.0032512215 +100.2377783203 +0.0654289367 +1.0708694198 +0.9279948250 -0.1656827252
+5.6000000000 +0.2080140625 +0.0013757764 -0.0128484375 +0.0017234790 +0.1189802734 +0.0010045193 +0.0545186687 +0.0006401344 -9.8153843750 +0.0031548863 +96.7399027344 +0.0623940748 +0.8652619799 +0.8125149089 -0.2837310981
+5.8000000000 +0.1864078125 +0.0012629928 -0.0081070313 +0.0015691413 +0.0985539063 +0.0008800952 +0.0406955746 +0.0005265721 -9.6630531250 +0.0030949296 +93.7577392578 +0.0601615344 +0.7040665786 +0.7289294863 -0.3966199607
+6.0000000000 +0.1691945313 +0.0011640679 -0.0046492187 +0.0014388132 +0.0828289551 +0.0007715406 +0.0306716342 +0.0004280130 -9.5253843750 +0.0030502624 +91.1051115234 +0.0582648720 +0.5781564338 +0.6616249457 -0.4902231167
+6.2000000000 +0.1563101562 +0.0010834108 -0.0016984375 +0.0013358624 +0.0713840210 +0.0006878891 +0.0240233345 +0.0003604953 -9.3972078125 +0.0030647619 +88.6832252930 +0.0575427635 +0.4846570947 +0.6255327728 -0.5714841989
+6.4000000000 +0.1464058594 +0.0010167719 -0.0011308594 +0.0012528607 +0.0627876770 +0.0006198477 +0.0193107404 +0.0003072234 -9.2729109375 +0.0031230822 +86.3770229492 +0.0576250440 +0.4135300134 +0.6096026475 -0.6327843907
+6.6000000000 +0.1379617187 +0.0009560898 -0.0006914062 +0.0011789536 +0.0555977417 +0.0005585203 +0.0155689079 +0.0002589566 -9.1583875000 +0.0031679075 +84.2774871094 +0.0575517938 +0.3545629659 +0.5897895452 -0.6788913523
+6.8000000000 +0.1303355469 +0.0009014444 -0.0012855469 +0.0011123150 +0.0494914368 +0.0005047456 +0.0126401287 +0.0002179329 -9.0402843750 +0.0032610046 +82.1521076172 +0.0582557614 +0.3059207717 +0.5887419188 -0.7201650458
+7.0000000000 +0.1242890625 +0.0008545741 -0.0015171875 +0.0010566142 +0.0446596436 +0.0004604546 +0.0104752200 +0.0001858814 -8.9165359375 +0.0034130088 +79.9705583008 +0.0598605258 +0.2670799771 +0.6085814544 -0.7506986349
+7.2000000000 +0.1189867187 +0.0008108567 -0.0004390625 +0.0010056987 +0.0404573853 +0.0004209232 +0.0087238542 +0.0001603594 -8.7891468750 +0.0035841725 +77.7629544922 +0.0616784626 +0.2337737424 +0.6343848171 -0.7766076170
+7.4000000000 +0.1148738281 +0.0007757806 -0.0004816406 +0.0009652614 +0.0372694153 +0.0003899354 +0.0074709926 +0.0001404818 -8.6559015625 +0.0037833577 +75.4971836914 +0.0638747425 +0.2082025418 +0.6691621116 -0.7928827602
+7.6000000000 +0.1117593750 +0.0007461547 +0.0003406250 +0.0009322006 +0.0347600342 +0.0003637865 +0.0065018861 +0.0001233639 -8.5235078125 +0.0040036446 +73.2913522461 +0.0662708496 +0.1875358002 +0.7104341455 -0.7937326496
+7.8000000000 +0.1091042969 +0.0007151987 +0.0003628906 +0.0008994997 +0.0323641174 +0.0003384903 +0.0056304644 +0.0001078651 -8.3737078125 +0.0042547560 +70.8431004883 +0.0689459442 +0.1678799576 +0.7617282937 -0.7918243184
+8.0000000000 +0.1068687500 +0.0006908961 +0.0004625000 +0.0008734159 +0.0305144287 +0.0003200943 +0.0050295449 +0.0000976362 -8.2111531250 +0.0045608915 +68.2551048828 +0.0722315912 +0.1527479919 +0.8320692406 -0.8005158484
+8.2000000000 +0.1045207031 +0.0006662771 +0.0003332031 +0.0008467803 +0.0286815857 +0.0003030229 +0.0044955486 +0.0000886722 -8.0368734375 +0.0048435630 +65.5297387695 +0.0749220077 +0.1385912844 +0.8931865500 -0.8216088553
+8.4000000000 +0.1024503906 +0.0006398338 +0.0000566406 +0.0008196275 +0.0268715759 +0.0002841405 +0.0039515139 +0.0000797418 -7.8495468750 +0.0051738794 +62.6861472656 +0.0779216400 +0.1247656639 +0.9712119028 -0.8241308571
+8.6000000000 +0.1012386719 +0.0006200127 +0.0000113281 +0.0008004045 +0.0256258972 +0.0002704297 +0.0035819757 +0.0000738117 -7.6432250000 +0.0055606955 +59.6557417969 +0.0813548434 +0.1144307240 +1.0702895803 -0.8182065421
+8.8000000000 +0.0996089844 +0.0005970538 +0.0007082031 +0.0007775020 +0.0241808777 +0.0002551951 +0.0031896972 +0.0000676670 -7.4179828125 +0.0058937708 +56.4159303711 +0.0837738613 +0.1037012939 +1.1483151773 -0.8183776203
+9.0000000000 +0.0978445313 +0.0005698989 +0.0002523438 +0.0007510805 +0.0225649414 +0.0002353395 +0.0027245633 +0.0000567846 -7.1892812500 +0.0062247065 +53.2356437500 +0.0860378308 +0.0923832115 +1.2245956412 -0.7836400680
+9.2000000000 +0.0963261719 +0.0005480495 +0.0002097656 +0.0007296063 +0.0212930603 +0.0002216248 +0.0024180973 +0.0000510985 -6.9374687500 +0.0065409606 +49.8398392578 +0.0876308777 +0.0835779403 +1.2940390175 -0.7777732019
+9.4000000000 +0.0951703125 +0.0005269839 -0.0000234375 +0.0007100329 +0.0201658691 +0.0002086175 +0.0021475132 +0.0000479244 -6.6773000000 +0.0068327438 +46.4537908203 +0.0887698288 +0.0756322094 +1.3526160473 -0.7602757112
+9.6000000000 +0.0943847656 +0.0005078842 -0.0001582031 +0.0006932949 +0.0192263367 +0.0001962549 +0.0019102907 +0.0000423612 -6.4075343750 +0.0069977701 +43.0152482422 +0.0881702464 +0.0687856846 +1.3602440801 -0.7226027147
+9.8000000000 +0.0938152344 +0.0004895998 +0.0007707031 +0.0006780307 +0.0183896179 +0.0001853777 +0.0017127734 +0.0000395824 -6.1353250000 +0.0070958027 +39.6562294922 +0.0866582638 +0.0626175982 +1.3421185416 -0.6882363271
+10.0000000000 +0.0936730469 +0.0004743005 +0.0001441406 +0.0006665781 +0.0177730774 +0.0001755114 +0.0015480527 +0.0000351539 -5.8696046875 +0.0071477298 +36.4958608398 +0.0846450752 +0.0575900012 +1.3079050575 -0.6335755793
+10.2000000000 +0.0935914062 +0.0004610649 -0.0006632813 +0.0006569274 +0.0172625854 +0.0001673022 +0.0014175977 +0.0000313586 -5.6172625000 +0.0071468499 +33.5967365234 +0.0820277931 +0.0533536259 +1.2568080151 -0.5856964905
+10.4000000000 +0.0931621094 +0.0004477640 -0.0006660156 +0.0006461122 +0.0166988831 +0.0001592335 +0.0012930648 +0.0000296428 -5.3727859375 +0.0070684037 +30.8653219727 +0.0785166017 +0.0493520273 +1.1825403802 -0.5456963861
+10.6000000000 +0.0926414063 +0.0004334591 -0.0010828125 +0.0006343644 +0.0160979004 +0.0001496403 +0.0011548306 +0.0000254911 -5.1429000000 +0.0069856013 +28.4013654297 +0.0752188276 +0.0453764241 +1.1118234359 -0.4854517955
+10.8000000000 +0.0924976563 +0.0004218293 +0.0000937500 +0.0006259673 +0.0156734131 +0.0001421869 +0.0010543399 +0.0000230632 -4.9337093750 +0.0067926864 +26.1871117187 +0.0710307886 +0.0421783507 +1.0126878034 -0.4306461531
+11.0000000000 +0.0915375000 +0.0004091285 +0.0007109375 +0.0006138822 +0.0150745605 +0.0001343395 +0.0009491264 +0.0000203329 -4.7372984375 +0.0066559138 +24.2140440430 +0.0674169419 +0.0389553259 +0.9372813525 -0.3922380242
+11.2000000000 +0.0909238281 +0.0003999104 +0.0002449219 +0.0006054795 +0.0146642761 +0.0001284543 +0.0008750614 +0.0000186894 -4.5523968750 +0.0064639250 +22.3956103516 +0.0632613856 +0.0365550492 +0.8527005327 -0.3564257061
+11.4000000000 +0.0905679688 +0.0003936208 +0.0005820312 +0.0005999940 +0.0144000488 +0.0001231412 +0.0008139115 +0.0000168016 -4.3972203125 +0.0062595519 +20.9028260742 +0.0594604200 +0.0347929368 +0.7718212853 -0.3083622522
+11.6000000000 +0.0905585937 +0.0003842033 +0.0005171875 +0.0005938240 +0.0141053467 +0.0001176494 +0.0007526160 +0.0000155974 -4.2510937500 +0.0060926902 +19.5566330078 +0.0562026542 +0.0325764843 +0.7062235132 -0.2609116261
+11.8000000000 +0.0897125000 +0.0003756771 +0.0005234375 +0.0005850938 +0.0136936646 +0.0001128511 +0.0006969314 +0.0000142476 -4.1096015625 +0.0059465845 +18.3032997070 +0.0532343729 +0.0306187493 +0.6501463738 -0.2388805162
+12.0000000000 +0.0890886719 +0.0003695748 +0.0002769531 +0.0005787948 +0.0134002136 +0.0001084652 +0.0006501541 +0.0000128406 -3.9808156250 +0.0058039233 +17.1943140625 +0.0503067799 +0.0291382516 +0.5988537877 -0.2069009562
