# T, am1a, am1e, m1a, m1e, m2a, m2e, m4a, m4e, e1a, e1e, e2a, e2e, susc, susce, spec, spece, bind, binde
+2.0000000000 +0.4477841319 +0.0402216341 +0.0569355208 +0.0540982128 +0.4474363363 +0.0401907736 +0.4467570558 +0.0401305134 -11.9941686111 +0.0002076741 +143.8607453241 +0.0049593572 +16.6138494512 +0.4464269286 +0.0239119571 +0.0008083029 +0.1824011795 +0.0833356771
+2.2000000000 +0.4493263542 +0.0400873326 +0.0525845486 +0.0541014208 +0.4485855300 +0.0400187160 +0.4471413114 +0.0398849925 -11.9877286111 +0.0004084213 +143.7070518827 +0.0097504012 +15.0952198960 +0.3931991095 +0.0420385089 +0.0012487620 +0.1871744310 +0.0821383530
+2.4000000000 +0.4513499306 +0.0398416875 +0.0463260069 +0.0543638169 +0.4499373363 +0.0397084842 +0.4471921882 +0.0394499033 -11.9767681944 +0.0007056124 +143.4457002816 +0.0168377683 +13.8208185519 +0.3412376256 +0.0679729827 +0.0016378258 +0.1941296896 +0.0799664457
+2.6000000000 +0.4531828819 +0.0396684066 +0.0379543056 +0.0548275202 +0.4507411789 +0.0394367469 +0.4460189980 +0.0389889681 -11.9598934028 +0.0011211297 +143.0438700135 +0.0267239346 +12.7180041001 +0.2960824684 +0.1024027116 +0.0021815687 +0.2009894824 +0.0778901998
+2.8000000000 +0.4542742361 +0.0399144796 +0.0279920833 +0.0550726812 +0.4503080695 +0.0395360450 +0.4426931110 +0.0388094652 -11.9350766667 +0.0017281555 +142.4540679089 +0.0411109381 +11.7262970312 +0.2606998781 +0.1466266144 +0.0030926113 +0.2056589389 +0.0768560909
+3.0000000000 +0.4544008507 +0.0402386613 +0.0196508160 +0.0547780786 +0.4482410664 +0.0396629535 +0.4365369554 +0.0385693874 -11.9000975000 +0.0024200216 +141.6249809182 +0.0573717787 +10.8273328639 +0.2328930937 +0.2016294993 +0.0046662555 +0.2090081135 +0.0764419467
+3.2000000000 +0.4527605903 +0.0398805283 +0.0114938194 +0.0534181146 +0.4435596938 +0.0390555605 +0.4263250671 +0.0375107373 -11.8528862500 +0.0033452609 +140.5100035879 +0.0789474597 +10.0198339326 +0.2024669142 +0.2668953496 +0.0061952455 +0.2131326440 +0.0743556816
+3.4000000000 +0.4513075694 +0.0391545505 +0.0062233681 +0.0514636601 +0.4379720018 +0.0380000231 +0.4134723134 +0.0358770723 -11.7920379861 +0.0045893289 +139.0798609355 +0.1077130774 +9.2737139853 +0.1666471184 +0.3424415956 +0.0079899741 +0.2206788648 +0.0710082085
+3.6000000000 +0.4471160069 +0.0375966536 +0.0016660069 +0.0482979424 +0.4285240386 +0.0360503762 +0.3952238694 +0.0332685634 -11.7154283333 +0.0055166563 +137.2908079398 +0.1286252024 +8.5790492548 +0.1314410519 +0.4360285710 +0.0095733209 +0.2272138075 +0.0665412903
+3.8000000000 +0.4415259722 +0.0354148359 -0.0001780208 +0.0426023263 +0.4159890032 +0.0334500217 +0.3718895696 +0.0300252985 -11.6176838194 +0.0065135829 +135.0269025521 +0.1506736303 +7.9011175462 +0.1087300405 +0.5574610558 +0.0104353833 +0.2342663512 +0.0623101852
+4.0000000000 +0.4302096701 +0.0320942320 -0.0006360243 +0.0361291242 +0.3956740629 +0.0296830162 +0.3391275034 +0.0256974436 -11.4924609028 +0.0075277692 +132.1574721778 +0.1722552782 +7.2105589901 +0.1036727486 +0.7222311258 +0.0138990483 +0.2352271828 +0.0583975045
+4.2000000000 +0.4054161111 +0.0262022031 -0.0001954167 +0.0297343814 +0.3594467798 +0.0235011842 +0.2901530123 +0.0194011441 -11.3238343750 +0.0079526517 +128.3475162210 +0.1785859301 +6.4532229294 +0.1027863572 +0.9604801790 +0.0239283185 +0.2180294315 +0.0532900448
+4.4000000000 +0.3709516146 +0.0188173538 +0.0002869271 +0.0259504447 +0.3104379882 +0.0159395304 +0.2299481093 +0.0122044443 -11.1001634722 +0.0105561397 +123.3834665818 +0.2316499983 +5.5404641376 +0.0880643632 +1.2549655849 +0.0270046246 +0.1828014612 +0.0447351402
+4.6000000000 +0.3245900521 +0.0128616428 +0.0027356424 +0.0206374069 +0.2487521177 +0.0097273495 +0.1632280660 +0.0064107866 -10.8212940278 +0.0128460749 +117.3175505787 +0.2762124313 +4.4370531306 +0.0684830913 +1.4665129226 +0.0225566984 +0.1053880161 +0.0395156013
+4.8000000000 +0.2715151563 +0.0091370979 +0.0027986979 +0.0136344150 +0.1850013237 +0.0060711661 +0.1036767337 +0.0032504264 -10.5300068750 +0.0141116156 +111.1078767226 +0.2982927974 +3.3133793402 +0.0525762220 +1.4052534881 +0.0222054522 -0.0234278386 +0.0397555402
+5.0000000000 +0.2249318924 +0.0066969985 +0.0031368924 +0.0074463439 +0.1339549220 +0.0044642893 +0.0626270090 +0.0023678975 -10.2679567361 +0.0112192324 +105.6374501022 +0.2333239022 +2.3878675558 +0.0513403197 +1.1822737296 +0.0225977197 -0.1749237745 +0.0398531652
+5.2000000000 +0.1867681771 +0.0047551157 +0.0041286285 +0.0041671124 +0.0968369798 +0.0030777894 +0.0373306091 +0.0014999514 -10.0528550694 +0.0070419821 +101.2402012211 +0.1438547911 +1.7094050736 +0.0395690135 +0.9575695315 +0.0151363531 -0.3349416255 +0.0374138042
+5.4000000000 +0.1590838715 +0.0034929704 +0.0047765799 +0.0030035450 +0.0724237142 +0.0021138511 +0.0230738957 +0.0009008937 -9.8773093056 +0.0047532062 +97.7220254784 +0.0950700849 +1.2531740691 +0.0283917285 +0.7928910177 +0.0082700843 -0.4719311005 +0.0354093671
+5.6000000000 +0.1393592014 +0.0025291382 +0.0041648611 +0.0021087020 +0.0565615639 +0.0014442841 +0.0151090590 +0.0005378006 -9.7298915972 +0.0036180963 +94.8213808546 +0.0712958812 +0.9533985823 +0.0199429197 +0.6908852510 +0.0054399316 -0.5776253090 +0.0310330318
+5.8000000000 +0.1245350000 +0.0018491652 +0.0031452431 +0.0016915235 +0.0455543509 +0.0009887446 +0.0102997131 +0.0003246916 -9.5986095833 +0.0028409200 +92.2800964159 +0.0551515666 +0.7451054204 +0.0137210635 +0.6280085467 +0.0040648766 -0.6558184816 +0.0249636676
+6.0000000000 +0.1135377431 +0.0013981667 +0.0028189236 +0.0013910359 +0.0379424511 +0.0007153268 +0.0073884928 +0.0002194113 -9.4768522917 +0.0021377470 +89.9585246701 +0.0411790319 +0.6007699981 +0.0100823990 +0.5909984498 +0.0035842351 -0.7103698566 +0.0197373270
+6.2000000000 +0.1049900521 +0.0011871915 +0.0023644965 +0.0012042849 +0.0323549611 +0.0005483297 +0.0055087412 +0.0001496365 -9.3612151389 +0.0014907705 +87.7854593519 +0.0283338206 +0.4951267150 +0.0073942931 +0.5734835638 +0.0023735811 -0.7534553349 +0.0177438428
+6.4000000000 +0.0979960764 +0.0010026822 +0.0018078472 +0.0009467466 +0.0280721082 +0.0004293704 +0.0042359969 +0.0001054383 -9.2473259028 +0.0013554904 +85.6737752952 +0.0253771593 +0.4153235280 +0.0056220147 +0.5650332519 +0.0017386900 -0.7911771696 +0.0163639280
+6.6000000000 +0.0926664062 +0.0008761850 +0.0016186632 +0.0008205727 +0.0248977974 +0.0003459805 +0.0033837777 +0.0000788984 -9.1346068750 +0.0012535004 +83.6133921084 +0.0231473939 +0.3557030745 +0.0043134780 +0.5696979669 +0.0021943915 -0.8186207336 +0.0140122362
+6.8000000000 +0.0880148785 +0.0007807340 +0.0010042535 +0.0006371964 +0.0222449637 +0.0002794312 +0.0027277169 +0.0000591359 -9.0193881250 +0.0010579828 +81.5359488175 +0.0193576484 +0.3068946936 +0.0033283690 +0.5810308906 +0.0016027652 -0.8365693805 +0.0136754940
+7.0000000000 +0.0840825174 +0.0007508327 +0.0008293924 +0.0005265116 +0.0200810138 +0.0002387262 +0.0022391315 +0.0000434469 -8.9008168056 +0.0010095288 +79.4285229090 +0.0180235718 +0.2675418499 +0.0025781944 +0.5994305968 +0.0015818362 -0.8506105271 +0.0143162153
+7.2000000000 +0.0810509375 +0.0007069566 +0.0005557639 +0.0004806700 +0.0184024631 +0.0002068200 +0.0018891340 +0.0000324176 -8.7778719444 +0.0008835908 +77.2761813696 +0.0154718618 +0.2365642152 +0.0020642851 +0.6253824700 +0.0017319174 -0.8597818213 +0.0161495988
+7.4000000000 +0.0782539757 +0.0006967076 +0.0004334549 +0.0004539886 +0.0169390448 +0.0001990734 +0.0016139257 +0.0000290017 -8.6498637500 +0.0008078648 +75.0719879707 +0.0138816042 +0.2103666042 +0.0019219785 +0.6622489280 +0.0014084563 -0.8752097701 +0.0165211685
+7.6000000000 +0.0759676042 +0.0006974480 +0.0003613194 +0.0003976543 +0.0157145684 +0.0001797421 +0.0013945854 +0.0000215925 -8.5135907639 +0.0011770806 +72.7635262249 +0.0198214155 +0.1883108305 +0.0015039308 +0.7037568069 +0.0018857608 -0.8836041534 +0.0192744650
+7.8000000000 +0.0738709722 +0.0006557625 +0.0003154861 +0.0003488841 +0.0146040046 +0.0001585558 +0.0012077414 +0.0000177018 -8.3668549306 +0.0012002102 +70.3236069155 +0.0196070385 +0.1687898557 +0.0012666816 +0.7558132107 +0.0020789061 -0.8889924425 +0.0214438021
+8.0000000000 +0.0722173090 +0.0006185876 +0.0002605035 +0.0003444943 +0.0136607580 +0.0001415916 +0.0010546879 +0.0000132754 -8.2099231250 +0.0014262625 +67.7672813831 +0.0231467506 +0.1519486515 +0.0010226144 +0.8199524755 +0.0021502211 -0.8855186939 +0.0205414791
+8.2000000000 +0.0705150347 +0.0005888094 +0.0002991667 +0.0002959176 +0.0127617098 +0.0001364452 +0.0009218722 +0.0000126533 -8.0386497222 +0.0015881658 +65.0392162346 +0.0247895655 +0.1367275213 +0.0010104703 +0.8979690416 +0.0026805538 -0.8880909728 +0.0184770697
+8.4000000000 +0.0693880035 +0.0005363662 +0.0001636285 +0.0002656586 +0.0120525322 +0.0001243927 +0.0008150047 +0.0000119362 -7.8505618750 +0.0009912095 +62.1156209086 +0.0153658608 +0.1240278905 +0.0009410116 +0.9883455722 +0.0030810254 -0.8709505961 +0.0174937460
+8.6000000000 +0.0683719444 +0.0005234464 +0.0001457986 +0.0002983818 +0.0113693138 +0.0001206585 +0.0007186650 +0.0000111001 -7.6415334722 +0.0010499706 +58.9598506752 +0.0159232348 +0.1120495982 +0.0008857328 +1.1035700580 +0.0028534683 -0.8539979015 +0.0179652040
+8.8000000000 +0.0674081424 +0.0004470552 +0.0001699479 +0.0002668337 +0.0107200749 +0.0001011858 +0.0006323759 +0.0000085546 -7.4092554167 +0.0010083807 +55.5577237268 +0.0148091434 +0.1010326685 +0.0007186968 +1.2284771823 +0.0033443552 -0.8348964285 +0.0159761385
+9.0000000000 +0.0667025174 +0.0004422652 +0.0000018576 +0.0002753473 +0.0101352227 +0.0000968338 +0.0005547600 +0.0000078724 -7.1497706250 +0.0009631978 +51.8844844309 +0.0130577574 +0.0909446540 +0.0006563750 +1.3604536237 +0.0049733556 -0.8005776016 +0.0144173412
+9.2000000000 +0.0661345139 +0.0004310955 -0.0001051736 +0.0002374889 +0.0095923896 +0.0000921876 +0.0004855807 +0.0000071603 -6.8681270139 +0.0018118487 +48.0406350482 +0.0222930719 +0.0816535910 +0.0006052868 +1.4791874995 +0.0065810439 -0.7593708019 +0.0143017571
+9.4000000000 +0.0656541146 +0.0003605676 -0.0000502951 +0.0002150518 +0.0090714912 +0.0000802463 +0.0004211840 +0.0000059863 -6.5628061806 +0.0024174108 +44.0238405305 +0.0304403207 +0.0729149882 +0.0005453714 +1.5536829613 +0.0057338689 -0.7061183437 +0.0127311952
+9.6000000000 +0.0652493750 +0.0002956841 -0.0000876389 +0.0001904675 +0.0086006202 +0.0000639519 +0.0003644367 +0.0000039161 -6.2491525000 +0.0022279877 +40.0653102932 +0.0264508897 +0.0651339742 +0.0004002407 +1.5833651338 +0.0053115891 -0.6424613350 +0.0089948036
+9.8000000000 +0.0649693576 +0.0002360084 -0.0001832465 +0.0001370000 +0.0081775638 +0.0000530569 +0.0003130624 +0.0000038086 -5.9353513194 +0.0026454171 +36.2540938059 +0.0306330048 +0.0581288230 +0.0003547925 +1.5378020567 +0.0034441401 -0.5601438459 +0.0067835996
+10.0000000000 +0.0646601910 +0.0001726480 -0.0000324132 +0.0001024565 +0.0078150061 +0.0000317336 +0.0002726769 +0.0000020479 -5.6352245139 +0.0032572977 +32.7564845467 +0.0374998811 +0.0523262560 +0.0001661785 +1.4408972998 +0.0021137142 -0.4881563774 +0.0056940272
+10.2000000000 +0.0645323958 +0.0001658743 -0.0000912153 +0.0001151959 +0.0075423078 +0.0000345451 +0.0002414558 +0.0000020937 -5.3602917361 +0.0029454436 +29.6747750868 +0.0325775078 +0.0476838010 +0.0002005821 +1.3037520197 +0.0027634776 -0.4146854743 +0.0047974590
+10.4000000000 +0.0641494792 +0.0000956464 +0.0000103819 +0.0000940290 +0.0072789701 +0.0000197803 +0.0002152529 +0.0000014956 -5.1123434722 +0.0024999876 +27.0119638040 +0.0268687727 +0.0438053952 +0.0001366197 +1.1660665296 +0.0031508606 -0.3541303188 +0.0062119013
+10.6000000000 +0.0638570139 +0.0001106276 -0.0000276389 +0.0001171504 +0.0070643784 +0.0000212193 +0.0001956601 +0.0000012043 -4.8947824306 +0.0022007602 +24.7660290567 +0.0229725575 +0.0405718338 +0.0001212418 +1.0343567429 +0.0027070204 -0.3068866653 +0.0060942525
+10.8000000000 +0.0634322569 +0.0001008464 -0.0000146181 +0.0001627285 +0.0068515331 +0.0000191623 +0.0001775657 +0.0000011718 -4.6996000694 +0.0018298964 +22.8300791725 +0.0184690336 +0.0377037355 +0.0001123109 +0.9182776229 +0.0018015591 -0.2607556580 +0.0045506611
+11.0000000000 +0.0631250868 +0.0000685479 +0.0000847396 +0.0001739929 +0.0066925585 +0.0000118971 +0.0001635929 +0.0000009325 -4.5287429861 +0.0016706805 +21.2001802913 +0.0158220603 +0.0354467114 +0.0000851776 +0.8219178985 +0.0016729976 -0.2173962505 +0.0045075130
+11.2000000000 +0.0625507812 +0.0000959443 +0.0000120660 +0.0001388432 +0.0065078350 +0.0000197580 +0.0001509837 +0.0000009675 -4.3736648611 +0.0018701374 +19.7705020911 +0.0160975694 +0.0333661212 +0.0001087921 +0.7364419893 +0.0011160412 -0.1882535987 +0.0037712513
+11.4000000000 +0.0621947743 +0.0000880351 +0.0001086979 +0.0001702749 +0.0063832727 +0.0000162412 +0.0001422480 +0.0000010116 -4.2330325000 +0.0014671053 +18.5222502392 +0.0136427787 +0.0317684872 +0.0000858921 +0.6688804090 +0.0018437335 -0.1636039644 +0.0054254578
+11.6000000000 +0.0616778993 +0.0000636745 +0.0000833854 +0.0001899770 +0.0062478980 +0.0000140761 +0.0001346730 +0.0000008310 -4.1025520139 +0.0015041297 +17.4033538870 +0.0130763201 +0.0303355139 +0.0000921255 +0.6125545929 +0.0012147596 -0.1498918850 +0.0040001454
+11.8000000000 +0.0614788715 +0.0000712163 -0.0000019618 +0.0001603841 +0.0061652610 +0.0000103786 +0.0001285199 +0.0000004981 -3.9877465278 +0.0015201376 +16.4457065471 +0.0129192554 +0.0291119023 +0.0000493586 +0.5621430189 +0.0011409930 -0.1270849122 +0.0042332742
+12.0000000000 +0.0609361806 +0.0001025255 -0.0000457639 +0.0001668848 +0.0060255478 +0.0000155450 +0.0001209512 +0.0000005282 -3.8793239583 +0.0015305937 +15.5715251794 +0.0130762213 +0.0277466955 +0.0000693207 +0.5223473785 +0.0013889628 -0.1105066426 +0.0046287906
