# T, am1a, am1e, m1a, m1e, m2a, m2e, m4a, m4e, e1a, e1e, e2a, e2e, susc, spec, bind
+2.0000000000 +0.5440277778 +0.0024887640 +0.0886472222 +0.0036601426 +0.5437240741 +0.0024876296 +0.5431679012 +0.0024859730 -11.9949833333 +0.0002374384 +143.8818802469 +0.0055892573 +4.4596413194 +0.0202957197 +0.3875710418
+2.2000000000 +0.5435569444 +0.0024868796 +0.0877013889 +0.0036576817 +0.5428369599 +0.0024842313 +0.5415281805 +0.0024804485 -11.9887666667 +0.0003605460 +143.7357259259 +0.0084748746 +4.0480823131 +0.0386757383 +0.3874225752
+2.4000000000 +0.5421888889 +0.0024840069 +0.0850083333 +0.0036522390 +0.5407804012 +0.0024788872 +0.5382387198 +0.0024716951 -11.9785000000 +0.0005022658 +143.4945530864 +0.0117910925 +3.7021741500 +0.0630677276 +0.3865039163
+2.6000000000 +0.5402319444 +0.0024792602 +0.0841000000 +0.0036422760 +0.5377197917 +0.0024702661 +0.5332311495 +0.0024578742 -11.9625722222 +0.0006705517 +143.1211197531 +0.0157063541 +3.4043432936 +0.0957812017 +0.3852731065
+2.8000000000 +0.5385256944 +0.0024717712 +0.0789395833 +0.0036337466 +0.5343960455 +0.0024571433 +0.5270812612 +0.0024372126 -11.9393000000 +0.0008587524 +142.5763827161 +0.0200698174 +3.1421072822 +0.1354510380 +0.3847808430
+3.0000000000 +0.5369930556 +0.0024608597 +0.0740430556 +0.0036232319 +0.5305947531 +0.0024387777 +0.5194362646 +0.0024095335 -11.9070833333 +0.0010811568 +141.8253895062 +0.0251629702 +2.9067985365 +0.1870239969 +0.3849858472
+3.2000000000 +0.5313187500 +0.0024474050 +0.0652784722 +0.0035973253 +0.5218912616 +0.0024159018 +0.5058337553 +0.0023752736 -11.8616722222 +0.0013496741 +140.7721327161 +0.0312260417 +2.6954060341 +0.2561653428 +0.3809488964
+3.4000000000 +0.5272111111 +0.0024265540 +0.0596472222 +0.0035704353 +0.5134781250 +0.0023825815 +0.4907275692 +0.0023281367 -11.8001055556 +0.0016655292 +139.3534506173 +0.0382518014 +2.4938107340 +0.3455486004 +0.3795949712
+3.6000000000 +0.5187451389 +0.0024018029 +0.0513784722 +0.0035256314 +0.4998428048 +0.0023439824 +0.4696129763 +0.0022741376 -11.7219527778 +0.0020066474 +137.5652422840 +0.0457139982 +2.3074628566 +0.4474037764 +0.3734554676
+3.8000000000 +0.5088979167 +0.0023661469 +0.0425187500 +0.0034681237 +0.4829231289 +0.0022916211 +0.4432758448 +0.0022042774 -11.6193694444 +0.0024054032 +135.2411848766 +0.0542316545 +2.1215940562 +0.5769937148 +0.3664267978
+4.0000000000 +0.4948111111 +0.0023226546 +0.0352569444 +0.0033888935 +0.4606270062 +0.0022309030 +0.4112543622 +0.0021250422 -11.4883527778 +0.0028482755 +132.3067564815 +0.0634927150 +1.9421007344 +0.7301406033 +0.3539137932
+4.2000000000 +0.4717951389 +0.0022692213 +0.0268229167 +0.0032704961 +0.4285652585 +0.0021570867 +0.3697891036 +0.0020278072 -11.3247138889 +0.0032932477 +128.6829638889 +0.0725172297 +1.7654966178 +0.8853453545 +0.3288819326
+4.4000000000 +0.4453812500 +0.0022022106 +0.0202187500 +0.0031302752 +0.3923537230 +0.0020677911 +0.3249718379 +0.0019134647 -11.1373750000 +0.0036960524 +124.5875540124 +0.0803612001 +1.5871848966 +1.0160927883 +0.2963301943
+4.6000000000 +0.4154194444 +0.0021225843 +0.0167152778 +0.0029686213 +0.3527878858 +0.0019640256 +0.2787551593 +0.0017816299 -10.9274388889 +0.0040192909 +120.0551086420 +0.0863113355 +1.4103749033 +1.0993746208 +0.2534234714
+4.8000000000 +0.3827097222 +0.0020303281 +0.0085013889 +0.0027896404 +0.3113560185 +0.0018455838 +0.2331897484 +0.0016345947 -10.7048138889 +0.0042511419 +115.3159287037 +0.0900437409 +1.2366696528 +1.1295129812 +0.1981859372
+5.0000000000 +0.3501680556 +0.0019245445 +0.0050875000 +0.0026016660 +0.2707725309 +0.0017094204 +0.1902024924 +0.0014671843 -10.4771305556 +0.0043572731 +110.5296978395 +0.0909921665 +1.0667150189 +1.0935837524 +0.1352596178
+5.2000000000 +0.3202236111 +0.0018202170 +0.0015750000 +0.0024241920 +0.2350707562 +0.0015777271 +0.1548271717 +0.0013118744 -10.2670166667 +0.0043836227 +106.1802771605 +0.0902253867 +0.9174987350 +1.0233451689 +0.0660390528
+5.4000000000 +0.2902881944 +0.0017094567 +0.0010020833 +0.0022425205 +0.2011569252 +0.0014365683 +0.1230132519 +0.0011464255 -10.0715500000 +0.0043389468 +102.1891777778 +0.0879566266 +0.7792645955 +0.9297016979 -0.0133527908
+5.6000000000 +0.2666194444 +0.0016101858 -0.0006888889 +0.0020904150 +0.1747938657 +0.0013120211 +0.0994088752 +0.0010038162 -9.8949750000 +0.0042669750 +98.6388132716 +0.0850988795 +0.6666938845 +0.8360391822 -0.0845548736
+5.8000000000 +0.2465472222 +0.0015196069 -0.0005361111 +0.0019567413 +0.1531537423 +0.0011996170 +0.0810193077 +0.0008781748 -9.7383583333 +0.0042193707 +95.5477466049 +0.0826822351 +0.5733199210 +0.7620823054 -0.1513624105
+6.0000000000 +0.2280562500 +0.0014330740 +0.0006784722 +0.0018313740 +0.1341576968 +0.0010955996 +0.0660118301 +0.0007677067 -9.5913111111 +0.0041969417 +92.6978216049 +0.0807436665 +0.4928882616 +0.7045727748 -0.2225576036
+6.2000000000 +0.2137965278 +0.0013606293 +0.0006326389 +0.0017303254 +0.1197614390 +0.0010107346 +0.0552061835 +0.0006809637 -9.4579916667 +0.0042004449 +90.1593558642 +0.0794089456 +0.4299821637 +0.6609516625 -0.2830171391
+6.4000000000 +0.2001291667 +0.0012912714 +0.0010652778 +0.0016335989 +0.1067469522 +0.0009300088 +0.0459915691 +0.0005995078 -9.3282583333 +0.0042607847 +87.7425750000 +0.0788770929 +0.3751608871 +0.6382366406 -0.3453832125
+6.6000000000 +0.1891097222 +0.0012257778 +0.0001805556 +0.0015480932 +0.0958637346 +0.0008540018 +0.0383626185 +0.0005247016 -9.1985611111 +0.0043644167 +85.3754518518 +0.0791535825 +0.3278249865 +0.6296903612 -0.3914842673
+6.8000000000 +0.1804944444 +0.0011725373 -0.0005875000 +0.0014796253 +0.0875719907 +0.0007963391 +0.0330350916 +0.0004720653 -9.0725388889 +0.0045029221 +83.1220141975 +0.0800401349 +0.2911433626 +0.6314421076 -0.4358987439
+7.0000000000 +0.1718437500 +0.0011217253 -0.0012965278 +0.0014129693 +0.0798609761 +0.0007416299 +0.0283783719 +0.0004208536 -8.9485500000 +0.0046971650 +80.9590814815 +0.0815037950 +0.2588436086 +0.6483926050 -0.4831906995
+7.2000000000 +0.1653500000 +0.0010785860 -0.0016083333 +0.0013589697 +0.0738745370 +0.0006970156 +0.0248906784 +0.0003826347 -8.8214305556 +0.0048875432 +78.7731601852 +0.0832559165 +0.2326695727 +0.6635577352 -0.5202882343
+7.4000000000 +0.1588944444 +0.0010358356 -0.0016180556 +0.0013054027 +0.0681656636 +0.0006546932 +0.0217914871 +0.0003460330 -8.6908833333 +0.0051232675 +76.5813679012 +0.0855353304 +0.2087913362 +0.6902288596 -0.5632710313
+7.6000000000 +0.1533701389 +0.0009941573 -0.0008326389 +0.0012555442 +0.0630563465 +0.0006137048 +0.0190414479 +0.0003125842 -8.5442805556 +0.0053648196 +74.1559817901 +0.0876727824 +0.1872660645 +0.7175390722 -0.5963242373
+7.8000000000 +0.1491062500 +0.0009561436 -0.0006937500 +0.0012124419 +0.0588010995 +0.0005779981 +0.0168208408 +0.0002867052 -8.3895027778 +0.0057089603 +71.6874459876 +0.0910571474 +0.1687773496 +0.7714136860 -0.6216441184
+8.0000000000 +0.1446437500 +0.0009172978 -0.0007729167 +0.0011681035 +0.0545792245 +0.0005380661 +0.0145594978 +0.0002499027 -8.2193444444 +0.0060418775 +69.0177944444 +0.0940022075 +0.1514583456 +0.8213463833 -0.6291850536
+8.2000000000 +0.1408638889 +0.0008858661 -0.0007638889 +0.0011317288 +0.0512329861 +0.0005111938 +0.0130775816 +0.0002336343 -8.0501666667 +0.0064271223 +66.4574993827 +0.0974276426 +0.1378112967 +0.8846427242 -0.6607598772
+8.4000000000 +0.1380604167 +0.0008570776 -0.0017020833 +0.0011004665 +0.0484439622 +0.0004861716 +0.0118013298 +0.0002158401 -7.8666277778 +0.0067839944 +63.7247358025 +0.1002536084 +0.1259283580 +0.9392363308 -0.6762175287
+8.6000000000 +0.1348791667 +0.0008254420 -0.0018930556 +0.0010658680 +0.0454465664 +0.0004575197 +0.0104383599 +0.0001934132 -7.6783055556 +0.0071585878 +61.0061913580 +0.1031793644 +0.1140872515 +0.9977466945 -0.6846467865
+8.8000000000 +0.1332805556 +0.0008012100 -0.0008875000 +0.0010421182 +0.0434412037 +0.0004389482 +0.0095941587 +0.0001824333 -7.4753638889 +0.0074971896 +58.1293793210 +0.1054178701 +0.1050443068 +1.0451873165 -0.6946575102
+9.0000000000 +0.1314277778 +0.0007749484 -0.0004055556 +0.0010160573 +0.0412950617 +0.0004162110 +0.0086345452 +0.0001662689 -7.2663722222 +0.0078277189 +55.2510925926 +0.1073439033 +0.0960872038 +1.0893010314 -0.6878038421
+9.2000000000 +0.1298263889 +0.0007503274 +0.0006611111 +0.0009921454 +0.0393745370 +0.0003971289 +0.0078588086 +0.0001570695 -7.0334333333 +0.0082091283 +52.1647759259 +0.1096184081 +0.0881203531 +1.1465181117 -0.6896802869
+9.4000000000 +0.1280215278 +0.0007260724 +0.0006604167 +0.0009679401 +0.0374767554 +0.0003760899 +0.0070622515 +0.0001416701 -6.8117055556 +0.0085097622 +49.2959746914 +0.1106471437 +0.0807596572 +1.1801620209 -0.6760923924
+9.6000000000 +0.1274638889 +0.0007045875 +0.0011777778 +0.0009500447 +0.0361047840 +0.0003591207 +0.0064622619 +0.0001331813 -6.5769722222 +0.0087727464 +46.3350067901 +0.1111578147 +0.0744665287 +1.2025168665 -0.6524708068
+9.8000000000 +0.1262312500 +0.0006837642 -0.0003868056 +0.0009305310 +0.0346356674 +0.0003424068 +0.0058893258 +0.0001204673 -6.3421083333 +0.0089078468 +43.3963274691 +0.1103387407 +0.0686987962 +1.1897502797 -0.6364291339
+10.0000000000 +0.1247479167 +0.0006569645 -0.0003687500 +0.0009058974 +0.0328261381 +0.0003201434 +0.0051772266 +0.0001082641 -6.1040638889 +0.0090078447 +40.5052466049 +0.1086348556 +0.0621507435 +1.1684342323 -0.6015346206
+10.2000000000 +0.1233562500 +0.0006367491 -0.0008131944 +0.0008864829 +0.0314347415 +0.0003034621 +0.0046717130 +0.0000976601 -5.8769888889 +0.0090818964 +37.8382320988 +0.1068119559 +0.0572399192 +1.1416033559 -0.5759234364
+10.4000000000 +0.1220958333 +0.0006217162 -0.0007791667 +0.0008713212 +0.0303686343 +0.0002927772 +0.0043509934 +0.0000913176 -5.6545361111 +0.0091134898 +35.2960064815 +0.1044631954 +0.0535196830 +1.1057711038 -0.5725941021
+10.6000000000 +0.1215527778 +0.0006049707 -0.0000055556 +0.0008575351 +0.0294146605 +0.0002796054 +0.0039923903 +0.0000866448 -5.4464777778 +0.0091344031 +33.0016129630 +0.1022037963 +0.0497193375 +1.0693284091 -0.5380981689
+10.8000000000 +0.1212131944 +0.0005897075 -0.0007506944 +0.0008456103 +0.0286028356 +0.0002669047 +0.0036676478 +0.0000768294 -5.2365388889 +0.0090860937 +30.7236234568 +0.0992986911 +0.0463673238 +1.0192234327 -0.4943357673
+11.0000000000 +0.1209125000 +0.0005751291 -0.0010083333 +0.0008344123 +0.0278507716 +0.0002555581 +0.0033880639 +0.0000727987 -5.0359388889 +0.0089641171 +28.5748962963 +0.0954238289 +0.0433012547 +0.9562956110 -0.4559815755
+11.2000000000 +0.1203645833 +0.0005598618 -0.0001840278 +0.0008219703 +0.0270254437 +0.0002440095 +0.0031120009 +0.0000649670 -4.8471833333 +0.0088801774 +26.6494882716 +0.0923257012 +0.0403001060 +0.9052524886 -0.4202761698
+11.4000000000 +0.1197750000 +0.0005523417 +0.0002638889 +0.0008146968 +0.0265493056 +0.0002380847 +0.0029722388 +0.0000630235 -4.6634472222 +0.0087277483 +24.7946836420 +0.0883045772 +0.0385365945 +0.8440287112 -0.4055817760
+11.6000000000 +0.1193583333 +0.0005403367 +0.0002055556 +0.0008050609 +0.0259249614 +0.0002301978 +0.0027917445 +0.0000595905 -4.4922277778 +0.0085775278 +23.1230697531 +0.0848967250 +0.0362437749 +0.7873553541 -0.3845803978
+11.8000000000 +0.1186250000 +0.0005305279 +0.0004375000 +0.0007957715 +0.0253302855 +0.0002221762 +0.0026161138 +0.0000542765 -4.3579833333 +0.0084478508 +21.8466660494 +0.0818087078 +0.0343476454 +0.7380587717 -0.3591118934
+12.0000000000 +0.1176493056 +0.0005194681 -0.0012881944 +0.0007847545 +0.0246352431 +0.0002116056 +0.0023979728 +0.0000484791 -4.2059722222 +0.0082540078 +20.4153481482 +0.0774186236 +0.0323816519 +0.6812864535 -0.3170713241
