# T, am1a, am1e, m1a, m1e, m2a, m2e, m4a, m4e, e1a, e1e, e2a, e2e, susc, spec, bind
+2.0000000000 +0.4917500000 +0.0024980378 -0.0245125000 +0.0035029449 +0.4914257813 +0.0024970095 +0.4909015503 +0.0024961125 -11.9946000000 +0.0003727714 +143.8759875000 +0.0085551323 +1.9968617500 +0.0222333600 +0.3224251535
+2.2000000000 +0.4913843750 +0.0024961161 -0.0247406250 +0.0035002511 +0.4906824219 +0.0024939157 +0.4895538513 +0.0024920319 -11.9882125000 +0.0005535071 +143.7294937500 +0.0126841804 +1.8125368573 +0.0405117515 +0.3222364381
+2.4000000000 +0.4910093750 +0.0024934408 -0.0245593750 +0.0034970592 +0.4897800781 +0.0024896609 +0.4878209778 +0.0024864838 -11.9787250000 +0.0007503728 +143.5123750000 +0.0171588192 +1.6579324786 +0.0625621510 +0.3221447167
+2.6000000000 +0.4898515625 +0.0024890749 -0.0240015625 +0.0034899794 +0.4877743164 +0.0024828849 +0.4845124882 +0.0024778095 -11.9631875000 +0.0010011068 +143.1579437500 +0.0228127341 +1.5250446961 +0.0948842363 +0.3211937025
+2.8000000000 +0.4881187500 +0.0024824543 -0.0235562500 +0.0034792535 +0.4847630859 +0.0024728386 +0.4795924873 +0.0024652385 -11.9397375000 +0.0012961451 +142.6245312500 +0.0294334895 +1.4085895533 +0.1371422063 +0.3197132164
+3.0000000000 +0.4851859375 +0.0024731082 -0.0237546875 +0.0034622669 +0.4800559570 +0.0024593497 +0.4723897602 +0.0024491603 -11.9053937500 +0.0016608871 +141.8487421875 +0.0374566399 +1.3048030031 +0.1961632799 +0.3167250582
+3.2000000000 +0.4820343750 +0.0024604285 -0.0225250000 +0.0034423760 +0.4745054687 +0.0024413257 +0.4635582794 +0.0024275224 -11.8602625000 +0.0020422968 +140.8326656250 +0.0458252747 +1.2107416503 +0.2606860251 +0.3137211050
+3.4000000000 +0.4772593750 +0.0024433716 -0.0219406250 +0.0034135675 +0.4665791016 +0.0024175925 +0.4514862053 +0.0023994558 -11.8001125000 +0.0024755744 +139.4877937500 +0.0551816898 +1.1237768966 +0.3392923700 +0.3086902761
+3.6000000000 +0.4703921875 +0.0024217633 -0.0213890625 +0.0033741992 +0.4558663086 +0.0023884638 +0.4360044704 +0.0023653443 -11.7226437500 +0.0029520388 +137.7689578125 +0.0652774256 +1.0426555490 +0.4303473125 +0.3006498137
+3.8000000000 +0.4623468750 +0.0023955444 -0.0194968750 +0.0033276487 +0.4433099609 +0.0023539263 +0.4181624733 +0.0023247873 -11.6297187500 +0.0034195769 +135.7180984375 +0.0751070974 +0.9665066447 +0.5182717268 +0.2907345227
+4.0000000000 +0.4525000000 +0.0023640517 -0.0171906250 +0.0032711250 +0.4283058594 +0.0023127168 +0.3973922775 +0.0022759362 -11.5156000000 +0.0039245434 +133.2251250000 +0.0854230371 +0.8941984375 +0.6160816400 +0.2779119845
+4.2000000000 +0.4409765625 +0.0023264335 -0.0176234375 +0.0032040656 +0.4109520508 +0.0022655261 +0.3741859318 +0.0022204449 -11.3850875000 +0.0044059569 +130.3967156250 +0.0951525645 +0.8247303699 +0.7043067958 +0.2614432078
+4.4000000000 +0.4265296875 +0.0022821406 -0.0171671875 +0.0031223368 +0.3902541992 +0.0022103049 +0.3477162502 +0.0021551911 -11.2359312500 +0.0048570998 +127.1898078125 +0.1040278800 +0.7575513633 +0.7798816180 +0.2389581086
+4.6000000000 +0.4133843750 +0.0022328036 -0.0163343750 +0.0030415305 +0.3703031250 +0.0021486739 +0.3217963898 +0.0020814812 -11.0692750000 +0.0052728173 +123.6409531250 +0.1118796071 +0.6936225513 +0.8409104721 +0.2177507444
+4.8000000000 +0.3972515625 +0.0021786724 -0.0149953125 +0.0029472380 +0.3476733398 +0.0020802969 +0.2939821621 +0.0019981841 -10.8974562500 +0.0056124696 +120.0145453125 +0.1179324537 +0.6328817865 +0.8749948554 +0.1893060243
+5.0000000000 +0.3792484375 +0.0021191130 -0.0122296875 +0.0028429976 +0.3234549805 +0.0020047782 +0.2653885571 +0.0019057159 -10.7212375000 +0.0058786842 +116.3272906250 +0.1223621888 +0.5748019300 +0.8847085399 +0.1544617610
+5.2000000000 +0.3609843750 +0.0020582748 -0.0103468750 +0.0027370718 +0.2997695312 +0.0019277074 +0.2385039978 +0.0018116450 -10.5433187500 +0.0061006660 +112.6502953125 +0.1256452223 +0.5214148069 +0.8809023955 +0.1152930668
+5.4000000000 +0.3432359375 +0.0019950386 -0.0099859375 +0.0026311516 +0.2770180664 +0.0018479956 +0.2133425205 +0.0017137615 -10.3637000000 +0.0063118696 +108.9998656250 +0.1281633958 +0.4717249115 +0.8743966722 +0.0732982569
+5.6000000000 +0.3277984375 +0.0019340168 -0.0092921875 +0.0025346711 +0.2570686523 +0.0017713022 +0.1915847546 +0.0016204532 -10.1965687500 +0.0064358550 +105.6268234375 +0.1291985372 +0.4274766763 +0.8453107980 +0.0336344250
+5.8000000000 +0.3122531250 +0.0018726674 -0.0093531250 +0.0024376724 +0.2377773438 +0.0016939062 +0.1713107910 +0.0015267319 -10.0310062500 +0.0065558112 +102.3402328125 +0.1296059640 +0.3869664267 +0.8176677408 -0.0100026735
+6.0000000000 +0.2976234375 +0.0018126029 -0.0078328125 +0.0023448855 +0.2200008789 +0.0016172059 +0.1530145847 +0.0014342477 -9.8751375000 +0.0066550263 +99.2899156250 +0.1295711382 +0.3504564490 +0.7873666583 -0.0538110341
+6.2000000000 +0.2839812500 +0.0017516591 -0.0077781250 +0.0022545356 +0.2033777344 +0.0015411118 +0.1363635269 +0.0013429198 -9.7165562500 +0.0067955097 +96.2586234375 +0.1298816452 +0.3167287330 +0.7688483155 -0.0989303319
+6.4000000000 +0.2717453125 +0.0016925510 -0.0073109375 +0.0021701453 +0.1884346680 +0.0014667915 +0.1215667126 +0.0012535117 -9.5678125000 +0.0069020857 +93.4485875000 +0.1293824693 +0.2864728828 +0.7443560410 -0.1412263861
+6.6000000000 +0.2613250000 +0.0016396833 -0.0055937500 +0.0020964369 +0.1758332031 +0.0014007912 +0.1094059540 +0.0011767775 -9.4239875000 +0.0070742936 +90.8133656250 +0.1297317770 +0.2607089636 +0.7352893388 -0.1795542707
+6.8000000000 +0.2511406250 +0.0015868452 -0.0049000000 +0.0020234297 +0.1637947266 +0.0013362569 +0.0982520073 +0.0011024357 -9.2738687500 +0.0072770196 +88.1228421875 +0.1302709650 +0.2369955601 +0.7329413824 -0.2207320481
+7.0000000000 +0.2420015625 +0.0015370219 -0.0050140625 +0.0019559976 +0.1530622070 +0.0012778759 +0.0887467075 +0.0010368458 -9.1204625000 +0.0075406783 +85.4573093750 +0.1313523796 +0.2159941732 +0.7426851138 -0.2626850914
+7.2000000000 +0.2347828125 +0.0014916203 -0.0034703125 +0.0018980791 +0.1441202148 +0.0012214421 +0.0804474682 +0.0009696479 -8.9748437500 +0.0077840682 +82.9714890625 +0.1323062120 +0.1977716573 +0.7480459030 -0.2910448340
+7.4000000000 +0.2271078125 +0.0014477089 -0.0030234375 +0.0018398591 +0.1354124023 +0.0011705269 +0.0731418499 +0.0009130653 -8.8305812500 +0.0080716355 +80.5852171875 +0.1338578617 +0.1812636624 +0.7614468881 -0.3296207977
+7.6000000000 +0.2209390625 +0.0014082910 -0.0026609375 +0.0017898207 +0.1281454102 +0.0011249958 +0.0670458652 +0.0008652913 -8.6840437500 +0.0083499271 +78.2014671875 +0.1352455989 +0.1670133491 +0.7725349960 -0.3609577223
+7.8000000000 +0.2153328125 +0.0013699200 -0.0024890625 +0.0017423350 +0.1214354492 +0.0010798161 +0.0613866802 +0.0008131371 -8.5209375000 +0.0087661446 +75.6801875000 +0.1378527062 +0.1539840597 +0.8083659753 -0.3875924410
+8.0000000000 +0.2117781250 +0.0013391074 -0.0023343750 +0.0017071385 +0.1165783203 +0.0010449989 +0.0572714088 +0.0007749626 -8.3643625000 +0.0091181429 +73.2881812500 +0.1399896198 +0.1434566922 +0.8314053046 -0.4046917272
+8.2000000000 +0.2067062500 +0.0012991496 -0.0008656250 +0.0016601078 +0.1102390625 +0.0010006955 +0.0522083069 +0.0007306731 -8.1893687500 +0.0095071442 +70.6811921875 +0.1423429102 +0.1317299292 +0.8603049766 -0.4320142250
+8.4000000000 +0.2022937500 +0.0012629939 -0.0000437500 +0.0016180923 +0.1047289063 +0.0009612523 +0.0479283859 +0.0006918586 -8.0245562500 +0.0098829499 +68.3004109375 +0.1443292384 +0.1215355142 +0.8859201651 -0.4565936522
+8.6000000000 +0.1991531250 +0.0012297296 -0.0009500000 +0.0015823279 +0.1001513672 +0.0009253604 +0.0442819725 +0.0006552118 -7.8395250000 +0.0102866695 +65.6907750000 +0.1464849164 +0.1125384186 +0.9156566305 -0.4716073172
+8.8000000000 +0.1953765625 +0.0011994971 +0.0007640625 +0.0015469579 +0.0957237305 +0.0008935046 +0.0410970531 +0.0006250000 -7.6655687500 +0.0105817145 +63.2398515625 +0.1478335741 +0.1046395078 +0.9253940706 -0.4950309959
+9.0000000000 +0.1925500000 +0.0011644188 +0.0000781250 +0.0015108801 +0.0913103516 +0.0008546523 +0.0375547997 +0.0005820466 -7.4616812500 +0.0110207994 +60.5350078125 +0.1498249554 +0.0964175094 +0.9596682935 -0.5014268045
+9.2000000000 +0.1906359375 +0.0011358357 +0.0005453125 +0.0014827902 +0.0879469727 +0.0008241645 +0.0349045536 +0.0005514414 -7.2763375000 +0.0113903366 +58.1346781250 +0.1516163535 +0.0897476730 +0.9810190380 -0.5042466197
+9.4000000000 +0.1881000000 +0.0011074921 +0.0000218750 +0.0014529553 +0.0844431641 +0.0007902647 +0.0321113808 +0.0005133434 -7.0841562500 +0.0116460601 +55.6104984375 +0.1523396279 +0.0835090282 +0.9823863582 -0.5010969065
+9.6000000000 +0.1860968750 +0.0010818209 -0.0003156250 +0.0014269321 +0.0814455078 +0.0007656383 +0.0300814507 +0.0004901135 -6.8976875000 +0.0118989735 +53.2415156250 +0.1526670345 +0.0780224349 +0.9832331211 -0.5116221611
+9.8000000000 +0.1828453125 +0.0010491826 -0.0007609375 +0.0013916105 +0.0774637695 +0.0007338804 +0.0275438526 +0.0004631666 -6.6935812500 +0.0121273191 +50.6869046875 +0.1524041412 +0.0718879367 +0.9800707600 -0.5300519532
+10.0000000000 +0.1821187500 +0.0010334038 -0.0012781250 +0.0013773393 +0.0758841797 +0.0007191823 +0.0264473351 +0.0004525168 -6.4994812500 +0.0124032015 +48.3968328125 +0.1531728903 +0.0683471049 +0.9845722069 -0.5309400164
+10.2000000000 +0.1801812500 +0.0010076726 -0.0020187500 +0.0013516413 +0.0730814453 +0.0006900842 +0.0243895470 +0.0004202036 -6.3046062500 +0.0125301428 +46.0282390625 +0.1517071192 +0.0637116274 +0.9658099339 -0.5221877525
+10.4000000000 +0.1789031250 +0.0009837587 -0.0025500000 +0.0013295777 +0.0707175781 +0.0006666056 +0.0227754944 +0.0004003031 -6.1097250000 +0.0126929925 +43.7732218750 +0.1510370925 +0.0595557692 +0.9533257839 -0.5180700088
+10.6000000000 +0.1771078125 +0.0009621437 -0.0023046875 +0.0013075806 +0.0683959961 +0.0006434766 +0.0212404980 +0.0003813015 -5.9249187500 +0.0127650481 +41.6225203125 +0.1494585837 +0.0558925567 +0.9281392835 -0.5134988033
+10.8000000000 +0.1751109375 +0.0009393852 -0.0028421875 +0.0012840711 +0.0659616211 +0.0006184392 +0.0196496166 +0.0003561520 -5.7569750000 +0.0128767852 +39.7752250000 +0.1482013009 +0.0522930084 +0.9098029972 -0.5053940174
+11.0000000000 +0.1743812500 +0.0009226555 -0.0019437500 +0.0012694169 +0.0644605469 +0.0006032913 +0.0187135773 +0.0003443924 -5.5829187500 +0.0129586582 +37.8860546875 +0.1465157029 +0.0495297840 +0.8882079892 -0.5012312239
+11.2000000000 +0.1736187500 +0.0009046927 -0.0013437500 +0.0012537984 +0.0628822266 +0.0005835192 +0.0175739616 +0.0003231739 -5.4144250000 +0.0129425099 +36.0163406250 +0.1438597486 +0.0467696517 +0.8546355286 -0.4814690994
+11.4000000000 +0.1721968750 +0.0008849958 -0.0019781250 +0.0012346716 +0.0609804688 +0.0005597601 +0.0162518723 +0.0002997856 -5.2434750000 +0.0128527550 +34.1017625000 +0.1403860560 +0.0439701123 +0.8135096860 -0.4568023333
+11.6000000000 +0.1719156250 +0.0008627137 -0.0011406250 +0.0012178329 +0.0593259766 +0.0005389419 +0.0151379051 +0.0002812850 -5.0803375000 +0.0128223641 +32.3863500000 +0.1375564196 +0.0410634406 +0.7819882148 -0.4336882716
+11.8000000000 +0.1712953125 +0.0008528045 -0.0014515625 +0.0012086252 +0.0584331055 +0.0005288391 +0.0146012600 +0.0002718601 -4.9192312500 +0.0127959465 +30.7482859375 +0.1351640412 +0.0394454527 +0.7525940645 -0.4254472283
+12.0000000000 +0.1705281250 +0.0008433917 -0.0011187500 +0.0011992808 +0.0575322266 +0.0005202532 +0.0141364937 +0.0002674593 -4.7964437500 +0.0127288926 +29.4868609375 +0.1325818962 +0.0379365135 +0.7201098101 -0.4236331252
