# T, am1a, am1e, m1a, m1e, m2a, m2e, m4a, m4e, e1a, e1e, e2a, e2e, susc, spec, bind
+2.0000000000 +0.5082718750 +0.0024982334 -0.0042781250 +0.0035635965 +0.5079871094 +0.0024973667 +0.5075245300 +0.0024966317 -11.9942750000 +0.0003825809 +143.8684875000 +0.0087821037 +1.9971744837 +0.0234188975 +0.3444129000
+2.2000000000 +0.5083187500 +0.0024966244 -0.0042562500 +0.0035626365 +0.5077132813 +0.0024948304 +0.5067399292 +0.0024933353 -11.9889250000 +0.0005356618 +143.7458000000 +0.0122766622 +1.8132751247 +0.0379416343 +0.3447201354
+2.4000000000 +0.5072500000 +0.0024936118 -0.0037875000 +0.0035567268 +0.5060265625 +0.0024900350 +0.5040738525 +0.0024871045 -11.9778875000 +0.0007653396 +143.4932187500 +0.0174929021 +1.6581600000 +0.0650827426 +0.3438150183
+2.6000000000 +0.5061921875 +0.0024889661 -0.0036453125 +0.0035497018 +0.5040286133 +0.0024829695 +0.5006503483 +0.0024783512 -11.9611625000 +0.0010331735 +143.1121062500 +0.0235138736 +1.5249112775 +0.1010601150 +0.3430945204
+2.8000000000 +0.5041859375 +0.0024820575 -0.0037703125 +0.0035377027 +0.5006278320 +0.0024726410 +0.4951863712 +0.0024656911 -11.9368875000 +0.0013292203 +142.5599562500 +0.0301587029 +1.4081392712 +0.1442307395 +0.3414064878
+3.0000000000 +0.5013437500 +0.0024726026 -0.0041093750 +0.0035209346 +0.4958960937 +0.0024588249 +0.4877457352 +0.0024489535 -11.9021000000 +0.0016859018 +141.7736750000 +0.0380277475 +1.3042695365 +0.2021166044 +0.3388639309
+3.2000000000 +0.4980765625 +0.0024599393 -0.0031609375 +0.0035004369 +0.4901323242 +0.0024408223 +0.4785342419 +0.0024277511 -11.8567250000 +0.0020588818 +140.7514875000 +0.0462223045 +1.2102603105 +0.2649371475 +0.3360045943
+3.4000000000 +0.4933406250 +0.0024431974 -0.0024656250 +0.0034718419 +0.4821535156 +0.0024176771 +0.4662785141 +0.0024006985 -11.7969250000 +0.0024857779 +139.4146031250 +0.0554298285 +1.1236166746 +0.3420950441 +0.3314198573
+3.6000000000 +0.4862421875 +0.0024227402 -0.0005796875 +0.0034322657 +0.4712182617 +0.0023908083 +0.4506852139 +0.0023695365 -11.7217562500 +0.0029439853 +137.7462515625 +0.0651553420 +1.0434968747 +0.4280024421 +0.3234376448
+3.8000000000 +0.4781578125 +0.0023946880 -0.0005796875 +0.0033838431 +0.4580161133 +0.0023545750 +0.4315397022 +0.0023278492 -11.6242125000 +0.0034419381 +135.5961937500 +0.0755882422 +0.9658156616 +0.5250720275 +0.3142939381
+4.0000000000 +0.4673312500 +0.0023638561 -0.0006406250 +0.0033238183 +0.4419111328 +0.0023140075 +0.4094706734 +0.0022795503 -11.5126750000 +0.0039127255 +133.1540625000 +0.0852843577 +0.8940505423 +0.6123768444 +0.3010732497
+4.2000000000 +0.4533687500 +0.0023259099 -0.0021562500 +0.0032478179 +0.4219375000 +0.0022658336 +0.3833913223 +0.0022227342 -11.3795375000 +0.0044005540 +130.2684687500 +0.0950536072 +0.8243591487 +0.7025805316 +0.2821647624
+4.4000000000 +0.4392375000 +0.0022836658 -0.0012125000 +0.0031683327 +0.4015347656 +0.0022123132 +0.3570033554 +0.0021588989 -11.2305875000 +0.0048325347 +127.0602312500 +0.1036187244 +0.7585643062 +0.7720129379 +0.2619177916
+4.6000000000 +0.4222953125 +0.0022358199 -0.0004890625 +0.0030752590 +0.3782889648 +0.0021526328 +0.3284556591 +0.0020866100 -11.0671812500 +0.0052395673 +123.5806234375 +0.1113155781 +0.6954978570 +0.8303384629 +0.2349177101
+4.8000000000 +0.4056578125 +0.0021846725 -0.0016734375 +0.0029810536 +0.3554700195 +0.0020879168 +0.3007348042 +0.0020075218 -10.9020000000 +0.0055536216 +120.0873125000 +0.1170107832 +0.6363725290 +0.8567420139 +0.2066652438
+5.0000000000 +0.3864875000 +0.0021278925 -0.0010000000 +0.0028744071 +0.3304896484 +0.0020155520 +0.2717213966 +0.0019176501 -10.7267812500 +0.0058573737 +116.4361890625 +0.1219949118 +0.5795745945 +0.8783059694 +0.1707473630
+5.2000000000 +0.3677828125 +0.0020685562 -0.0008328125 +0.0027677631 +0.3064211914 +0.0019394665 +0.2443551609 +0.0018233997 -10.5522125000 +0.0060687766 +112.8223906250 +0.1250523898 +0.5266369053 +0.8717171478 +0.1325136146
+5.4000000000 +0.3501031250 +0.0020065206 +0.0002500000 +0.0026627858 +0.2836171875 +0.0018614252 +0.2190348587 +0.0017284359 -10.3770250000 +0.0062322353 +109.2362781250 +0.1269676837 +0.4771703389 +0.8524720298 +0.0923322809
+5.6000000000 +0.3330984375 +0.0019427161 +0.0019265625 +0.0025588899 +0.2619204102 +0.0017811375 +0.1955003376 +0.0016309594 -10.2031875000 +0.0064078672 +105.7474656250 +0.1286099869 +0.4313309745 +0.8379747270 +0.0500788165
+5.8000000000 +0.3178265625 +0.0018824050 +0.0037328125 +0.0024634210 +0.2427516602 +0.0017049262 +0.1751993000 +0.0015381572 -10.0368750000 +0.0065447431 +102.4522062500 +0.1293416504 +0.3910012037 +0.8149091483 +0.0089702439
+6.0000000000 +0.3020046875 +0.0018200550 +0.0034609375 +0.0023648407 +0.2237108398 +0.0016263249 +0.1558438519 +0.0014438290 -9.8744250000 +0.0066661979 +99.2817968750 +0.1295441694 +0.3533440229 +0.7900123531 -0.0379928514
+6.2000000000 +0.2888046875 +0.0017606481 +0.0027796875 +0.0022770359 +0.2074034180 +0.0015523525 +0.1394081142 +0.0013550174 -9.7143250000 +0.0068148662 +96.2258062500 +0.1298405234 +0.3199877947 +0.7732345658 -0.0802766263
+6.4000000000 +0.2770187500 +0.0017052772 +0.0023125000 +0.0021968890 +0.1930582031 +0.0014841636 +0.1253811310 +0.0012760388 -9.5630250000 +0.0069960866 +93.4092562500 +0.1305866225 +0.2907970382 +0.7647691794 -0.1213324980
+6.6000000000 +0.2648843750 +0.0016492107 +0.0035218750 +0.0021151074 +0.1789595703 +0.0014141625 +0.1120207497 +0.0011939759 -9.4153312500 +0.0070962220 +90.6627171875 +0.1299279197 +0.2637474865 +0.7398547806 -0.1659162715
+6.8000000000 +0.2544609375 +0.0015964967 +0.0049140625 +0.0020413126 +0.1667024414 +0.0013495772 +0.1006440434 +0.0011196669 -9.2712312500 +0.0072963618 +88.0852046875 +0.1304673109 +0.2398872299 +0.7368428362 -0.2072102130
+7.0000000000 +0.2453015625 +0.0015469231 +0.0055203125 +0.0019739632 +0.1558916992 +0.0012874019 +0.0905983730 +0.0010452759 -9.1300812500 +0.0074718207 +85.5915078125 +0.1306459509 +0.2187859261 +0.7291834060 -0.2426624125
+7.2000000000 +0.2362140625 +0.0014981653 +0.0046296875 +0.0019075876 +0.1455770508 +0.0012296018 +0.0816695011 +0.0009795290 -8.9835375000 +0.0077361028 +83.0978375000 +0.1317436879 +0.1995110388 +0.7388553969 -0.2845553264
+7.4000000000 +0.2290609375 +0.0014530656 +0.0048109375 +0.0018500119 +0.1369249023 +0.0011753031 +0.0740019222 +0.0009185299 -8.8344500000 +0.0080128501 +80.6157375000 +0.1329254965 +0.1826075443 +0.7503961132 -0.3156999749
+7.6000000000 +0.2215265625 +0.0014090675 +0.0040265625 +0.0017921820 +0.1284928711 +0.0011255422 +0.0671842312 +0.0008622227 -8.6672937500 +0.0083579332 +77.9161828125 +0.1348927540 +0.1671975857 +0.7740171368 -0.3564007789
+7.8000000000 +0.2161406250 +0.0013701960 +0.0037031250 +0.0017449967 +0.1218142578 +0.0010803217 +0.0615225136 +0.0008117892 -8.5172312500 +0.0087034947 +75.5732609375 +0.1367919069 +0.1540461293 +0.7968527999 -0.3820271317
+8.0000000000 +0.2106937500 +0.0013299430 +0.0023625000 +0.0016965864 +0.1151417969 +0.0010349342 +0.0561011826 +0.0007644875 -8.3584625000 +0.0090463325 +73.1373406250 +0.1387615998 +0.1414998812 +0.8183613153 -0.4105378870
+8.2000000000 +0.2056687500 +0.0012941309 +0.0035625000 +0.0016528607 +0.1092906250 +0.0009951808 +0.0515598328 +0.0007249743 -8.1962250000 +0.0094464140 +70.7474937500 +0.1411098231 +0.1307141274 +0.8493490778 -0.4388795034
+8.4000000000 +0.2011531250 +0.0012561501 +0.0033093750 +0.0016091003 +0.1035791016 +0.0009515141 +0.0469437904 +0.0006769960 -8.0182000000 +0.0098410929 +68.1654156250 +0.1434049220 +0.1202219464 +0.8784318333 -0.4585207744
+8.6000000000 +0.1977640625 +0.0012256119 +0.0031171875 +0.0015746896 +0.0991956055 +0.0009192192 +0.0436383221 +0.0006448543 -7.8454125000 +0.0102121858 +65.7220468750 +0.1456656146 +0.1117860113 +0.9024444737 -0.4782977752
+8.8000000000 +0.1943531250 +0.0011925254 +0.0029500000 +0.0015382548 +0.0946578125 +0.0008825839 +0.0401182739 +0.0006091002 -7.6709562500 +0.0106179689 +63.3532203125 +0.1478612796 +0.1034266824 +0.9317459758 -0.4924784082
+9.0000000000 +0.1911671875 +0.0011579667 +0.0023765625 +0.0015014553 +0.0901803711 +0.0008442496 +0.0366427959 +0.0005683979 -7.4728562500 +0.0109543967 +60.6435328125 +0.1493315532 +0.0953519600 +0.9481387218 -0.5019079398
+9.2000000000 +0.1891265625 +0.0011326885 +0.0028703125 +0.0014754656 +0.0870881836 +0.0008168453 +0.0342738018 +0.0005395775 -7.2911875000 +0.0112402984 +58.2151875000 +0.1501726003 +0.0892510034 +0.9553444877 -0.5063384480
+9.4000000000 +0.1857875000 +0.0011016877 +0.0019281250 +0.0014410231 +0.0830656250 +0.0007881049 +0.0317442703 +0.0005139311 -7.0853687500 +0.0115840286 +55.5700390625 +0.1510569271 +0.0826359657 +0.9719490700 -0.5335622867
+9.6000000000 +0.1843859375 +0.0010828494 +0.0020484375 +0.0014221154 +0.0809006836 +0.0007699868 +0.0302601070 +0.0004994854 -6.9184125000 +0.0118535099 +53.4846593750 +0.1519663731 +0.0781708494 +0.9757340026 -0.5411496875
+9.8000000000 +0.1835062500 +0.0010551662 +0.0017718750 +0.0013982706 +0.0782095703 +0.0007376426 +0.0278814003 +0.0004649986 -6.7123937500 +0.0120687191 +50.8823890625 +0.1515787094 +0.0727102474 +0.9706221087 -0.5194049162
+10.0000000000 +0.1810546875 +0.0010298708 +0.0013515625 +0.0013711704 +0.0752061523 +0.0007097470 +0.0258055981 +0.0004370450 -6.5086375000 +0.0123572825 +48.4704593750 +0.1523156082 +0.0678805640 +0.9772955630 -0.5208484299
+10.2000000000 +0.1788890625 +0.0009998971 +0.0005765625 +0.0013415731 +0.0719930664 +0.0006807468 +0.0237196476 +0.0004090682 -6.3006750000 +0.0124987726 +45.9472781250 +0.1509567605 +0.0627321878 +0.9609800337 -0.5254768942
+10.4000000000 +0.1784906250 +0.0009816291 -0.0002093750 +0.0013266753 +0.0704027344 +0.0006603700 +0.0224000885 +0.0003894880 -6.1087375000 +0.0126424983 +43.7099843750 +0.1500775036 +0.0592982018 +0.9457559957 -0.5064316284
+10.6000000000 +0.1785359375 +0.0009650056 -0.0004765625 +0.0013145749 +0.0691245117 +0.0006461043 +0.0214762310 +0.0003785808 -5.9311812500 +0.0127612480 +41.6928890625 +0.1490833515 +0.0562255558 +0.9275867629 -0.4982098873
+10.8000000000 +0.1766140625 +0.0009447707 -0.0000453125 +0.0012932149 +0.0668961914 +0.0006270806 +0.0202043049 +0.0003627953 -5.7558625000 +0.0128041711 +39.6878250000 +0.1470364990 +0.0528943175 +0.8995709028 -0.5049423826
+11.0000000000 +0.1746093750 +0.0009216160 -0.0008656250 +0.0012694756 +0.0644634766 +0.0006012540 +0.0186157967 +0.0003379192 -5.5809250000 +0.0128322237 +37.7333625000 +0.1448759041 +0.0494182440 +0.8709604819 -0.4932513793
+11.2000000000 +0.1738234375 +0.0009082140 -0.0007328125 +0.0012570616 +0.0632086914 +0.0005876402 +0.0178081791 +0.0003262452 -5.4198750000 +0.0129077000 +36.0393937500 +0.1438247966 +0.0471344343 +0.8500444814 -0.4857463131
+11.4000000000 +0.1726109375 +0.0008855653 +0.0000828125 +0.0012365635 +0.0611635742 +0.0005642322 +0.0164753033 +0.0003036206 -5.2440500000 +0.0128858197 +34.1418343750 +0.1407900762 +0.0440267207 +0.8177007045 -0.4680013337
+11.6000000000 +0.1715171875 +0.0008714397 -0.0001890625 +0.0012226447 +0.0597944336 +0.0005491587 +0.0156383862 +0.0002894567 -5.0827312500 +0.0128453946 +32.4343234375 +0.1379433171 +0.0418983283 +0.7847998190 -0.4579719391
+11.8000000000 +0.1707156250 +0.0008557926 -0.0002937500 +0.0012087077 +0.0584390625 +0.0005373900 +0.0149666428 +0.0002853961 -4.9147312500 +0.0128131276 +30.7216328125 +0.1357280212 +0.0397223564 +0.7546164381 -0.4608198363
+12.0000000000 +0.1691312500 +0.0008400307 -0.0011500000 +0.0011919535 +0.0568314453 +0.0005226851 +0.0141578026 +0.0002744582 -4.7564812500 +0.0127369022 +29.1132609375 +0.1327222794 +0.0376347541 +0.7210163395 -0.4611580515
