# T, am1a, am1e, m1a, m1e, m2a, m2e, m4a, m4e, e1a, e1e, e2a, e2e, susc, spec, bind
+2.0000000000 +0.5419780000 +0.0024893485 -0.0443710000 +0.0036730288 +0.5416144000 +0.0024877972 +0.5409115569 +0.0024850173 -11.9940500000 +0.0001561247 +143.8582104000 +0.0037192636 +12.3937123758 +0.0243749373 +0.3853546494
+2.2000000000 +0.5396730000 +0.0024880663 -0.0512290000 +0.0036614256 +0.5388659000 +0.0024846165 +0.5373092167 +0.0024784593 -11.9870560000 +0.0002315239 +143.6916556800 +0.0055116989 +11.2554069578 +0.0443002655 +0.3832038818
+2.4000000000 +0.5366465000 +0.0024855558 -0.0591355000 +0.0036455862 +0.5351089700 +0.0024789622 +0.5321517475 +0.0024672370 -11.9757280000 +0.0003159869 +143.4220550400 +0.0075160329 +10.2966460016 +0.0693387152 +0.3805164538
+2.6000000000 +0.5324927500 +0.0024816319 -0.0671287500 +0.0036241625 +0.5298884125 +0.0024704310 +0.5249029061 +0.0024506262 -11.9588320000 +0.0004129284 +143.0204832000 +0.0098067584 +9.4746109114 +0.1008934282 +0.3768553404
+2.8000000000 +0.5290777500 +0.0024746455 -0.0793812500 +0.0036006135 +0.5248780825 +0.0024566286 +0.5168979697 +0.0024251309 -11.9355600000 +0.0005205623 +142.4684319200 +0.0123355307 +8.7483863198 +0.1382577342 +0.3745873011
+3.0000000000 +0.5229927500 +0.0024653422 -0.0916097500 +0.0035645671 +0.5166378975 +0.0024381339 +0.5046946003 +0.0023913204 -11.9041900000 +0.0006434867 +141.7263025600 +0.0151991946 +8.1038826983 +0.1840333762 +0.3697180311
+3.2000000000 +0.5205532500 +0.0024497033 -0.1017982500 +0.0035378477 +0.5110175325 +0.0024096367 +0.4933928717 +0.0023423770 -11.8619220000 +0.0007867678 +140.7299536800 +0.0185067353 +7.5013077005 +0.2417982996 +0.3702038306
+3.4000000000 +0.5156320000 +0.0024300655 -0.1135665000 +0.0034970979 +0.5020850900 +0.0023740377 +0.4775316429 +0.0022822394 -11.8078210000 +0.0009459640 +139.4604306800 +0.0221369133 +6.9473156052 +0.3096359163 +0.3685684898
+3.6000000000 +0.5126167500 +0.0024006934 -0.1208862500 +0.0034593916 +0.4933090925 +0.0023238668 +0.4593681294 +0.0022033975 -11.7373840000 +0.0011488163 +137.8189743200 +0.0266897887 +6.4036988922 +0.4073391706 +0.3707816702
+3.8000000000 +0.5059300000 +0.0023593471 -0.1241055000 +0.0034030271 +0.4786259200 +0.0022560959 +0.4326815108 +0.0021023600 -11.6434420000 +0.0014026296 +135.6484364000 +0.0322717959 +5.8594935553 +0.5449777881 +0.3704145910
+4.0000000000 +0.4936285000 +0.0023012359 -0.1197125000 +0.0033210144 +0.4554965550 +0.0021657311 +0.3950927664 +0.0019760603 -11.5177170000 +0.0017139261 +132.7753066000 +0.0389679295 +5.2956864747 +0.7343856743 +0.3652428078
+4.2000000000 +0.4746547500 +0.0022226165 -0.1067877500 +0.0032073918 +0.4228980975 +0.0020490635 +0.3467892497 +0.0018190924 -11.3542860000 +0.0020452476 +129.0871320800 +0.0458491255 +4.7047849001 +0.9485346383 +0.3536423273
+4.4000000000 +0.4432345000 +0.0021113367 -0.0879870000 +0.0030291287 +0.3747665300 +0.0018918297 +0.2836107441 +0.0016140659 -11.1345020000 +0.0023964366 +124.2068511200 +0.0527956454 +4.0524933639 +1.1865513017 +0.3268996298
+4.6000000000 +0.4025852500 +0.0019802556 -0.0648137500 +0.0028050426 +0.3189313725 +0.0017130350 +0.2190967743 +0.0013841126 -10.8817910000 +0.0026435360 +118.6929066800 +0.0571562516 +3.4099236735 +1.3210364477 +0.2820069419
+4.8000000000 +0.3510780000 +0.0018289579 -0.0424115000 +0.0025261656 +0.2570592350 +0.0015154707 +0.1579455095 +0.0011424614 -10.6166640000 +0.0027638404 +113.0191070400 +0.0586168716 +2.7875723524 +1.3261829476 +0.2032545225
+5.0000000000 +0.2999980000 +0.0016657430 -0.0271770000 +0.0022374550 +0.2009867900 +0.0013152133 +0.1095871340 +0.0009194506 -10.3603420000 +0.0027620172 +107.6418359200 +0.0574366150 +2.2197597999 +1.2205982522 +0.0957192488
+5.2000000000 +0.2541467500 +0.0014998110 -0.0184867500 +0.0019635818 +0.1545678925 +0.0011192060 +0.0739961129 +0.0007165065 -10.1356440000 +0.0026590915 +103.0141100000 +0.0542495588 +1.7303331147 +1.0459715432 -0.0324025795
+5.4000000000 +0.2158235000 +0.0013398965 -0.0115280000 +0.0017194461 +0.1183926850 +0.0009408081 +0.0494216206 +0.0005507487 -9.9435760000 +0.0025466634 +99.1341234400 +0.0509952841 +1.3298685527 +0.8896425660 -0.1752925620
+5.6000000000 +0.1853337500 +0.0012018700 -0.0079177500 +0.0015171154 +0.0921282575 +0.0007919422 +0.0335745107 +0.0004227462 -9.7778860000 +0.0024626771 +95.8496457600 +0.0484075360 +1.0317796181 +0.7735686576 -0.3185685803
+5.8000000000 +0.1628042500 +0.0010810528 -0.0046147500 +0.0013530608 +0.0732522325 +0.0006666208 +0.0231412188 +0.0003225087 -9.6293340000 +0.0024124050 +92.9568612000 +0.0465996081 +0.8059829083 +0.6919973735 -0.4375509430
+6.0000000000 +0.1449495000 +0.0009815061 -0.0021665000 +0.0012200393 +0.0595445250 +0.0005686233 +0.0164788492 +0.0002521276 -9.4957720000 +0.0023776844 +90.3958212000 +0.0452058364 +0.6422361242 +0.6281536778 -0.5492516024
+6.2000000000 +0.1316782500 +0.0008996838 -0.0003447500 +0.0011148574 +0.0497164025 +0.0004935051 +0.0122136101 +0.0002038519 -9.3704930000 +0.0023887345 +88.0343811600 +0.0447007008 +0.5222135641 +0.5937619588 -0.6471130429
+6.4000000000 +0.1218737500 +0.0008357944 +0.0004137500 +0.0010343492 +0.0427953025 +0.0004351265 +0.0094048395 +0.0001674104 -9.2532050000 +0.0024474427 +85.8614018000 +0.0450945799 +0.4365951806 +0.5849585644 -0.7117405202
+6.6000000000 +0.1145347500 +0.0007813658 +0.0005232500 +0.0009687523 +0.0375395125 +0.0003869224 +0.0073975741 +0.0001380492 -9.1374370000 +0.0025229344 +83.7473628400 +0.0457689245 +0.3700197506 +0.5844993366 -0.7498096701
+6.8000000000 +0.1072122500 +0.0007324180 +0.0007762500 +0.0009076248 +0.0329519125 +0.0003460536 +0.0058759534 +0.0001143804 -9.0189510000 +0.0026124223 +81.6144671600 +0.0466895305 +0.3155506757 +0.5903763400 -0.8038309573
+7.0000000000 +0.1020412500 +0.0006905569 +0.0002822500 +0.0008585903 +0.0294871725 +0.0003119433 +0.0047618380 +0.0000961078 -8.8989740000 +0.0027307522 +79.4900185600 +0.0480628371 +0.2724965114 +0.6087353211 -0.8255221369
+7.2000000000 +0.0972742500 +0.0006540411 -0.0002447500 +0.0008150615 +0.0265730725 +0.0002827315 +0.0039036111 +0.0000791711 -8.7751500000 +0.0028644863 +77.3314688000 +0.0496010746 +0.2376498998 +0.6331236063 -0.8427301687
+7.4000000000 +0.0943257500 +0.0006250339 -0.0003087500 +0.0007830062 +0.0245240425 +0.0002601823 +0.0033092215 +0.0000670774 -8.6458840000 +0.0030221635 +75.1166490400 +0.0514037864 +0.2111715593 +0.6671638030 -0.8340892502
+7.6000000000 +0.0909255000 +0.0005961831 -0.0005345000 +0.0007497422 +0.0224848200 +0.0002401563 +0.0028125692 +0.0000579291 -8.5081520000 +0.0032099524 +72.8008022400 +0.0535873662 +0.1870707033 +0.7135591844 -0.8543987664
+7.8000000000 +0.0879067500 +0.0005679485 -0.0002662500 +0.0007181599 +0.0206302175 +0.0002210163 +0.0023795342 +0.0000503870 -8.3617590000 +0.0034075419 +70.3834672400 +0.0557796168 +0.1654182154 +0.7634018177 -0.8636445152
+8.0000000000 +0.0858130000 +0.0005452464 +0.0002045000 +0.0006938223 +0.0192556150 +0.0002064182 +0.0020751182 +0.0000447787 -8.2099870000 +0.0036353516 +67.9325178000 +0.0582728578 +0.1486468004 +0.8259863435 -0.8655496176
+8.2000000000 +0.0843350000 +0.0005278361 +0.0003500000 +0.0006755869 +0.0182568300 +0.0001953063 +0.0018590932 +0.0000403508 -8.0410470000 +0.0038942585 +65.2650468400 +0.0609584402 +0.1359077777 +0.9021564304 -0.8592130659
+8.4000000000 +0.0826180000 +0.0005070263 -0.0000475000 +0.0006540023 +0.0171087600 +0.0001823557 +0.0016228538 +0.0000356606 -7.8520200000 +0.0041745345 +62.3512876000 +0.0636237459 +0.1224169771 +0.9879103169 -0.8480812483
+8.6000000000 +0.0807227500 +0.0004846665 -0.0003187500 +0.0006307164 +0.0159122275 +0.0001686685 +0.0013911612 +0.0000302323 -7.6388630000 +0.0045105994 +59.1660482000 +0.0666300146 +0.1092565713 +1.1003519027 -0.8314465415
+8.8000000000 +0.0794082500 +0.0004648619 -0.0002297500 +0.0006113403 +0.0149495325 +0.0001577828 +0.0012193053 +0.0000267916 -7.4023740000 +0.0048474399 +55.7350477600 +0.0695034652 +0.0982257083 +1.2137227843 -0.8185949246
+9.0000000000 +0.0790270000 +0.0004508974 -0.0006265000 +0.0005995251 +0.0143776050 +0.0001509130 +0.0011177047 +0.0000243554 -7.1465600000 +0.0051456024 +52.1324088000 +0.0713984867 +0.0903593141 +1.3075172425 -0.8023233985
+9.2000000000 +0.0782020000 +0.0004319187 -0.0003780000 +0.0005826140 +0.0135777050 +0.0001398940 +0.0009671677 +0.0000207844 -6.8809110000 +0.0054207666 +48.5223246000 +0.0727827918 +0.0811103500 +1.3886914108 -0.7487503466
+9.4000000000 +0.0781352500 +0.0004156525 -0.0005027500 +0.0005704285 +0.0130157975 +0.0001318792 +0.0008650960 +0.0000191348 -6.5931230000 +0.0056685648 +44.7545759600 +0.0733620558 +0.0735178745 +1.4546232083 -0.7021642880
+9.6000000000 +0.0777467500 +0.0003996344 -0.0001102500 +0.0005575135 +0.0124328625 +0.0001232920 +0.0007626124 +0.0000166381 -6.2999390000 +0.0058421349 +41.0544530000 +0.0730147916 +0.0665448475 +1.4813602390 -0.6445245040
+9.8000000000 +0.0771090000 +0.0003846793 -0.0003675000 +0.0005446281 +0.0118649250 +0.0001165584 +0.0006842113 +0.0000157761 -6.0130470000 +0.0058842423 +37.5417065200 +0.0710951645 +0.0603992563 +1.4420786087 -0.6200895120
+10.0000000000 +0.0773480000 +0.0003722354 +0.0001680000 +0.0005367740 +0.0115250800 +0.0001106070 +0.0006221841 +0.0000147532 -5.7340520000 +0.0058912107 +34.2676068800 +0.0685189042 +0.0554236690 +1.3882545413 -0.5613841616
+10.2000000000 +0.0766067500 +0.0003592126 +0.0000517500 +0.0005251176 +0.0110299425 +0.0001036617 +0.0005514894 +0.0000128945 -5.4643240000 +0.0058191782 +31.2133501600 +0.0653620073 +0.0506014545 +1.3019159775 -0.5110173063
+10.4000000000 +0.0761380000 +0.0003458237 +0.0005510000 +0.0005143066 +0.0105807550 +0.0000959937 +0.0004805437 +0.0000113415 -5.2244450000 +0.0056622015 +28.5772466000 +0.0613295910 +0.0459976919 +1.1856703421 -0.4307979520
+10.6000000000 +0.0755315000 +0.0003336564 +0.0006825000 +0.0005039247 +0.0101580700 +0.0000899773 +0.0004270229 +0.0000099147 -4.9982650000 +0.0054973761 +26.1914987600 +0.0574947167 +0.0420100237 +1.0758684138 -0.3794548649
+10.8000000000 +0.0751682500 +0.0003261687 +0.0001787500 +0.0004976363 +0.0099057075 +0.0000861346 +0.0003948900 +0.0000086474 -4.7929120000 +0.0053343369 +24.1102114400 +0.0537155339 +0.0394022379 +0.9758281895 -0.3414791654
+11.0000000000 +0.0746292500 +0.0003165449 -0.0001222500 +0.0004893245 +0.0095775525 +0.0000810569 +0.0003545387 +0.0000077945 -4.6081050000 +0.0051456930 +22.2937579600 +0.0500762732 +0.0364366140 +0.8753109661 -0.2883482678
+11.2000000000 +0.0742665000 +0.0003110224 -0.0002725000 +0.0004843768 +0.0093849100 +0.0000777303 +0.0003297565 +0.0000072510 -4.4391870000 +0.0050005544 +20.7066030000 +0.0469990924 +0.0345481873 +0.7973706784 -0.2479922768
+11.4000000000 +0.0742782500 +0.0003069900 +0.0000192500 +0.0004818447 +0.0092869725 +0.0000761930 +0.0003184628 +0.0000070583 -4.2917120000 +0.0048247614 +19.3499248000 +0.0438818274 +0.0330676673 +0.7164765382 -0.2308048449
+11.6000000000 +0.0736035000 +0.0003018201 -0.0001850000 +0.0004759531 +0.0090612900 +0.0000733732 +0.0002974520 +0.0000064390 -4.1583280000 +0.0046627550 +18.1613431200 +0.0410832805 +0.0314121964 +0.6462926311 -0.2075792249
+11.8000000000 +0.0730587500 +0.0002955468 -0.0000737500 +0.0004698801 +0.0088314975 +0.0000701647 +0.0002749187 +0.0000057366 -4.0303500000 +0.0045624866 +17.0763724800 +0.0389078855 +0.0296094623 +0.5979972404 -0.1749362172
+12.0000000000 +0.0721190000 +0.0002928519 +0.0002900000 +0.0004645308 +0.0086316400 +0.0000685686 +0.0002625713 +0.0000052208 -3.9154280000 +0.0044388446 +16.1187100800 +0.0366217797 +0.0285874153 +0.5473150395 -0.1747334905
