# T, am1a, am1e, m1a, m1e, m2a, m2e, m4a, m4e, e1a, e1e, e2a, e2e, susc, spec, bind
+2.0000000000 +0.3123736111 +0.0023159714 +0.1845493056 +0.0026366066 +0.3121262153 +0.0023141972 +0.3116431234 +0.0023108463 -11.9947583333 +0.0001231336 +143.8748339506 +0.0029393271 +15.4475238499 +0.0218331199 -0.0662911411
+2.2000000000 +0.3141468750 +0.0023180788 +0.1836559028 +0.0026452710 +0.3136278308 +0.0023143782 +0.3126162699 +0.0023074096 -11.9889347222 +0.0001812070 +143.7358692130 +0.0043225747 +14.0687719693 +0.0390775319 -0.0594028416
+2.4000000000 +0.3169427083 +0.0023211088 +0.1839836806 +0.0026556756 +0.3159545187 +0.0023141222 +0.3140337224 +0.0023010100 -11.9787638889 +0.0002545019 +143.4933751543 +0.0060649141 +12.9301103007 +0.0647712147 -0.0485904319
+2.6000000000 +0.3210111111 +0.0023251978 +0.1833312500 +0.0026725436 +0.3193099272 +0.0023133256 +0.3160178444 +0.0022911718 -11.9628631944 +0.0003420266 +143.1147750964 +0.0081381641 +11.9775762677 +0.0996771299 -0.0331550673
+2.8000000000 +0.3233684028 +0.0023239064 +0.1787284722 +0.0026862841 +0.3205887659 +0.0023047792 +0.3152574347 +0.0022695029 -11.9382277778 +0.0004487705 +142.5293382716 +0.0106542547 +11.1096844457 +0.1479636282 -0.0224627223
+3.0000000000 +0.3238862847 +0.0023161128 +0.1678467014 +0.0026986337 +0.3194774679 +0.0022860716 +0.3111107792 +0.0022314206 -11.9013708333 +0.0005708846 +141.6556640817 +0.0135108210 +10.2996068400 +0.2085819091 -0.0160459204
+3.2000000000 +0.3286815972 +0.0023129887 +0.1549260417 +0.0027295887 +0.3220282649 +0.0022685790 +0.3095602375 +0.0021889678 -11.8537590278 +0.0006860622 +140.5304303433 +0.0161768778 +9.6298502625 +0.2647582704 +0.0049705553
+3.4000000000 +0.3277125000 +0.0022966212 +0.1445590278 +0.0027270723 +0.3183742453 +0.0022350483 +0.3011798051 +0.0021270128 -11.7949145833 +0.0008148065 +139.1465664159 +0.0191124012 +8.9355711226 +0.3308062148 +0.0095587121
+3.6000000000 +0.3187585069 +0.0022625543 +0.1345623264 +0.0026845207 +0.3063730650 +0.0021805325 +0.2840533309 +0.0020399569 -11.7219444444 +0.0009631596 +137.4410886188 +0.0224373611 +8.1906431684 +0.4123006688 -0.0087358809
+3.8000000000 +0.3007583333 +0.0022016784 +0.1194798611 +0.0025984401 +0.2843510778 +0.0020916717 +0.2558591578 +0.0019103447 -11.6231180556 +0.0011621976 +135.1509014660 +0.0268095383 +7.3476190522 +0.5387847024 -0.0547995935
+4.0000000000 +0.2846243056 +0.0021299152 +0.0936680556 +0.0025184263 +0.2624725429 +0.0019825631 +0.2261141006 +0.0017515257 -11.4930694444 +0.0014172840 +132.1709930169 +0.0322670675 +6.5326157139 +0.7231298592 -0.0940536857
+4.2000000000 +0.2676463542 +0.0020321109 +0.0561147569 +0.0024169438 +0.2368135573 +0.0018354525 +0.1908360904 +0.0015489884 -11.3137006944 +0.0017369598 +128.1205045717 +0.0388948769 +5.6632795351 +0.9851523940 -0.1342953001
+4.4000000000 +0.2600871528 +0.0019270250 +0.0299843750 +0.0023199314 +0.2161823375 +0.0016757734 +0.1590634660 +0.0013415577 -11.0843437500 +0.0020497240 +123.0307311150 +0.0450496904 +4.8612112508 +1.2499939845 -0.1345111544
+4.6000000000 +0.2461727431 +0.0017872702 +0.0225335069 +0.0021671793 +0.1883744104 +0.0014883424 +0.1240914445 +0.0011227699 -10.8244750000 +0.0022856132 +117.3782201389 +0.0492584411 +3.9998626755 +1.4220416026 -0.1656730965
+4.8000000000 +0.2191432292 +0.0015873220 +0.0162296875 +0.0019270703 +0.1488074062 +0.0012420383 +0.0838500110 +0.0008617950 -10.5447875000 +0.0023385283 +111.4112920139 +0.0493749160 +3.0235095394 +1.3671787108 -0.2622133684
+5.0000000000 +0.1927152778 +0.0013735278 +0.0109937500 +0.0016769128 +0.1126023245 +0.0009896494 +0.0518555201 +0.0006139264 -10.2811666667 +0.0022568531 +105.9061234568 +0.0466511257 +2.1733386097 +1.1735160711 -0.3632610543
+5.2000000000 +0.1698467014 +0.0011996060 +0.0062487847 +0.0014694475 +0.0864100875 +0.0007909813 +0.0324927568 +0.0004303900 -10.0673583333 +0.0021205091 +101.5315661651 +0.0429533179 +1.5940297539 +0.9578468523 -0.4505623981
+5.4000000000 +0.1500239583 +0.0010613965 +0.0046420139 +0.0012995012 +0.0675696856 +0.0006437637 +0.0211429330 +0.0003087697 -9.8901347222 +0.0020106520 +97.9764736883 +0.0399592357 +1.2016665999 +0.7985622941 -0.5436192405
+5.6000000000 +0.1345380208 +0.0009515205 +0.0039769097 +0.0011651214 +0.0543161302 +0.0005340694 +0.0143594483 +0.0002263346 -9.7350451389 +0.0019509251 +94.9233482060 +0.0380953201 +0.9312596000 +0.6990811981 -0.6224034372
+5.8000000000 +0.1211355903 +0.0008618624 +0.0035696181 +0.0010532493 +0.0443861027 +0.0004508372 +0.0101002941 +0.0001715606 -9.6048319444 +0.0019304379 +92.4018603009 +0.0371332962 +0.7376839806 +0.6380844610 -0.7089082230
+6.0000000000 +0.1109796875 +0.0007888589 +0.0042598958 +0.0009642391 +0.0372084286 +0.0003857922 +0.0073378912 +0.0001320909 -9.4809590278 +0.0019294049 +90.0374882137 +0.0365538306 +0.5974065010 +0.5956165094 -0.7667184866
+6.2000000000 +0.1025107639 +0.0007270186 +0.0027399306 +0.0008894266 +0.0316506969 +0.0003346765 +0.0054821012 +0.0001050049 -9.3622895833 +0.0019646938 +87.8068671104 +0.0366983462 +0.4910455775 +0.5784007548 -0.8241445174
+6.4000000000 +0.0957647569 +0.0006741550 +0.0011949653 +0.0008268745 +0.0273502881 +0.0002917822 +0.0041535130 +0.0000819978 -9.2442347222 +0.0020138643 +85.6181015818 +0.0370802005 +0.4090364882 +0.5703257189 -0.8508469595
+6.6000000000 +0.0908967014 +0.0006338315 +0.0009539931 +0.0007799198 +0.0243319047 +0.0002620679 +0.0033392245 +0.0000683929 -9.1326062500 +0.0020915031 +83.5794723187 +0.0379835704 +0.3506115128 +0.5784310782 -0.8800619248
+6.8000000000 +0.0868092014 +0.0005986502 +0.0004380208 +0.0007394411 +0.0218711191 +0.0002359165 +0.0027046105 +0.0000557206 -9.0153041667 +0.0021674253 +81.4636185185 +0.0387924409 +0.3035706697 +0.5851846744 -0.8846967119
+7.0000000000 +0.0837475694 +0.0005689986 +0.0003236111 +0.0007064688 +0.0199640336 +0.0002148017 +0.0022441543 +0.0000465059 -8.8974458333 +0.0022667890 +79.3700756559 +0.0400059290 +0.2664077796 +0.6040162250 -0.8768729367
+7.2000000000 +0.0810215278 +0.0005434238 +0.0003270833 +0.0006778045 +0.0183768639 +0.0001975123 +0.0018981537 +0.0000400835 -8.7745763889 +0.0023679452 +77.2174773920 +0.0411650274 +0.2362475189 +0.6230182987 -0.8735588281
+7.4000000000 +0.0785986111 +0.0005215048 +0.0001038194 +0.0006530011 +0.0170564308 +0.0001847724 +0.0016565559 +0.0000364236 -8.6458326389 +0.0025129608 +75.0030208912 +0.0429493236 +0.2116934110 +0.6642483108 -0.8980538667
+7.6000000000 +0.0762000000 +0.0005000443 +0.0000895833 +0.0006286534 +0.0158082128 +0.0001718912 +0.0014317635 +0.0000316643 -8.5097722222 +0.0026527599 +72.6977086806 +0.0445517110 +0.1895072735 +0.7017641712 -0.9097850277
+7.8000000000 +0.0742097222 +0.0004806863 +0.0002548611 +0.0006072353 +0.0147494551 +0.0001611260 +0.0012560094 +0.0000282834 -8.3669743056 +0.0028193089 +70.3241991319 +0.0464527892 +0.1706284095 +0.7525209518 -0.9245078225
+8.0000000000 +0.0725871528 +0.0004606533 +0.0003475694 +0.0005864476 +0.0137569541 +0.0001494412 +0.0010825611 +0.0000247242 -8.2065541667 +0.0030149692 +67.7111328704 +0.0486141013 +0.1527850681 +0.8181035549 -0.9067184600
+8.2000000000 +0.0704194444 +0.0004401512 +0.0002059028 +0.0005636528 +0.0127082200 +0.0001384593 +0.0009283385 +0.0000214576 -8.0302187500 +0.0032450945 +64.9056387153 +0.0511061614 +0.1360856520 +0.9020892045 -0.9160889259
+8.4000000000 +0.0695541667 +0.0004254252 -0.0005829861 +0.0005494749 +0.0120772449 +0.0001304745 +0.0008268035 +0.0000186703 -7.8466805556 +0.0034597040 +62.0491778164 +0.0531857389 +0.1241050764 +0.9771062764 -0.8894930643
+8.6000000000 +0.0683994792 +0.0004100217 -0.0005338542 +0.0005339222 +0.0114032010 +0.0001226469 +0.0007317239 +0.0000169962 -7.6402895833 +0.0037721090 +58.9431771798 +0.0562721451 +0.1125998323 +1.1081385318 -0.8757390808
+8.8000000000 +0.0673144097 +0.0003933852 -0.0004196181 +0.0005177145 +0.0107213071 +0.0001148271 +0.0006423568 +0.0000149292 -7.4053395833 +0.0040531580 +55.4961779514 +0.0585998230 +0.1012921755 +1.2219240624 -0.8627715953
+9.0000000000 +0.0665222222 +0.0003761443 -0.0000083333 +0.0005021102 +0.0100845872 +0.0001062540 +0.0005532952 +0.0000129273 -7.1461388889 +0.0043424868 +51.8215886960 +0.0605544904 +0.0905500983 +1.3409558697 -0.8135076905
+9.2000000000 +0.0657807292 +0.0003600628 -0.0007526042 +0.0004876563 +0.0095129135 +0.0000987024 +0.0004801818 +0.0000108792 -6.8728194444 +0.0046327832 +48.0941543210 +0.0623625887 +0.0811691875 +1.4605982695 -0.7687129491
+9.4000000000 +0.0653435764 +0.0003443664 -0.0010303819 +0.0004746643 +0.0090133114 +0.0000916636 +0.0004173284 +0.0000096349 -6.5654673611 +0.0048635049 +44.0515088542 +0.0630196298 +0.0726668183 +1.5419329396 -0.7123318681
+9.6000000000 +0.0652744792 +0.0003317946 -0.0011546875 +0.0004653743 +0.0086642638 +0.0000863544 +0.0003733531 +0.0000089817 -6.2519250000 +0.0050241867 +40.0962642747 +0.0625475981 +0.0660525932 +1.5776532329 -0.6578115110
+9.8000000000 +0.0649288194 +0.0003155305 -0.0011708333 +0.0004526798 +0.0081981313 +0.0000796228 +0.0003208007 +0.0000077678 -5.9418513889 +0.0050555356 +36.3279355324 +0.0604863800 +0.0585165993 +1.5328677123 -0.5910516873
+10.0000000000 +0.0647951389 +0.0003021562 -0.0005437500 +0.0004430025 +0.0078503448 +0.0000740205 +0.0002807893 +0.0000069593 -5.6400826389 +0.0050034317 +32.8119053434 +0.0575090061 +0.0525878609 +1.4419773646 -0.5187341628
+10.2000000000 +0.0647980903 +0.0002924625 -0.0003477431 +0.0004364643 +0.0076201642 +0.0000688973 +0.0002479403 +0.0000057910 -5.3688534722 +0.0048514546 +29.7660520640 +0.0535564021 +0.0483017182 +1.3030649936 -0.4233024476
+10.4000000000 +0.0643211806 +0.0002827192 -0.0001090278 +0.0004282058 +0.0073344208 +0.0000644225 +0.0002198041 +0.0000048733 -5.1138090278 +0.0046922396 +27.0317272569 +0.0497512059 +0.0442690137 +1.1725089289 -0.3620178882
+10.6000000000 +0.0638095486 +0.0002726352 -0.0000807292 +0.0004196680 +0.0070448556 +0.0000595740 +0.0001915926 +0.0000041766 -4.8930361111 +0.0045053342 +24.7537238426 +0.0459794707 +0.0403906017 +1.0405543783 -0.2868068958
+10.8000000000 +0.0631717014 +0.0002645777 -0.0006703125 +0.0004120154 +0.0067907178 +0.0000564691 +0.0001736643 +0.0000036225 -4.6955847222 +0.0043064266 +22.7903282793 +0.0421555467 +0.0373340530 +0.9158177725 -0.2553300515
+11.0000000000 +0.0629230903 +0.0002594831 -0.0002789931 +0.0004078142 +0.0066525740 +0.0000539410 +0.0001606419 +0.0000032878 -4.5215923611 +0.0041361095 +21.1290935378 +0.0390344475 +0.0352572053 +0.8143688621 -0.2099240263
+11.2000000000 +0.0625880208 +0.0002543142 -0.0004671875 +0.0004032391 +0.0065042884 +0.0000518266 +0.0001497455 +0.0000030003 -4.3656951389 +0.0039961890 +19.6980750965 +0.0364095112 +0.0332617896 +0.7332945735 -0.1798664363
+11.4000000000 +0.0624559028 +0.0002511413 -0.0003635417 +0.0004007333 +0.0064236183 +0.0000506799 +0.0001440011 +0.0000028485 -4.2236118056 +0.0038600958 +18.4349102816 +0.0338966448 +0.0318679396 +0.6604028782 -0.1632821090
+11.6000000000 +0.0621302083 +0.0002492887 -0.0002239583 +0.0003983060 +0.0063459563 +0.0000497363 +0.0001392192 +0.0000027785 -4.0981902778 +0.0037575735 +17.3599378858 +0.0319369221 +0.0308581265 +0.6043958379 -0.1523480493
+11.8000000000 +0.0612890625 +0.0002444007 -0.0004279514 +0.0003919641 +0.0061456175 +0.0000478661 +0.0001294153 +0.0000026737 -3.9823666667 +0.0036715483 +16.3984549383 +0.0302721753 +0.0291571730 +0.5576438994 -0.1421768817
+12.0000000000 +0.0607866319 +0.0002415822 -0.0000453125 +0.0003882490 +0.0060294934 +0.0000465682 +0.0001230985 +0.0000024620 -3.8721486111 +0.0035994809 +15.5117853781 +0.0287695346 +0.0280137452 +0.5182505116 -0.1286778034
