# T, am1a, am1e, m1a, m1e, m2a, m2e, m4a, m4e, e1a, e1e, e2a, e2e, susc, spec, bind
+2.0000000000 +0.6303180000 +0.0024114040 +0.1679900000 +0.0038783854 +0.6298955600 +0.0024099275 +0.6290784447 +0.0024073301 -11.9937860000 +0.0001590932 +143.8519150400 +0.0037903198 +11.6297389438 +0.0253106550 +0.4714982187
+2.2000000000 +0.6234720000 +0.0024181492 +0.1676590000 +0.0038552095 +0.6226151600 +0.0024151239 +0.6209625829 +0.0024098330 -11.9869920000 +0.0002305684 +143.6901036800 +0.0054900826 +10.6317193280 +0.0439353704 +0.4660448311
+2.4000000000 +0.6140240000 +0.0024254978 +0.1684740000 +0.0038208755 +0.6123470600 +0.0024195229 +0.6091325655 +0.0024092059 -11.9749300000 +0.0003244124 +143.4031582400 +0.0077142235 +9.8050661427 +0.0730856785 +0.4585039542
+2.6000000000 +0.6033517500 +0.0024305303 +0.1669787500 +0.0037830230 +0.6003324325 +0.0024196400 +0.5945853387 +0.0024010645 -11.9566840000 +0.0004300757 +142.9696908800 +0.0102082263 +9.0884268566 +0.1094468065 +0.4500675732
+2.8000000000 +0.5901937500 +0.0024338978 +0.1663452500 +0.0037336720 +0.5852829975 +0.0024158427 +0.5760080331 +0.0023853454 -11.9314180000 +0.0005428745 +142.3705240000 +0.0128567617 +8.4626548200 +0.1503636383 +0.4395001904
+3.0000000000 +0.5776335000 +0.0024317116 +0.1655025000 +0.0036837421 +0.5701893100 +0.0024039125 +0.5562676581 +0.0023574977 -11.8987440000 +0.0006629016 +141.5976863200 +0.0156545171 +7.8842949893 +0.1953060269 +0.4296723671
+3.2000000000 +0.5648432500 +0.0024234761 +0.1619252500 +0.0036323462 +0.5539773475 +0.0023826312 +0.5339681522 +0.0023158083 -11.8548020000 +0.0008132973 +140.5627885600 +0.0191138477 +7.3415453259 +0.2583798902 +0.4200239134
+3.4000000000 +0.5520232500 +0.0024082616 +0.1558857500 +0.0035791698 +0.5367186325 +0.0023507949 +0.5091163613 +0.0022591965 -11.7987220000 +0.0009841693 +139.2485844000 +0.0230001259 +6.8232048223 +0.3351519608 +0.4108817799
+3.6000000000 +0.5360775000 +0.0023837554 +0.1416680000 +0.0035163932 +0.5146706700 +0.0023042340 +0.4772656770 +0.0021821354 -11.7234200000 +0.0012038104 +137.4965428800 +0.0279076898 +6.3136551109 +0.4472714781 +0.3994072170
+3.8000000000 +0.5198357500 +0.0023435900 +0.1231752500 +0.0034451184 +0.4899257625 +0.0022359259 +0.4400018450 +0.0020785529 -11.6201190000 +0.0014783260 +135.1145834800 +0.0339290010 +5.7814883032 +0.6053871594 +0.3889557123
+4.0000000000 +0.4996355000 +0.0022811933 +0.0872665000 +0.0033547500 +0.4577893400 +0.0021374764 +0.3923232925 +0.0019394273 -11.4789380000 +0.0018062657 +131.8965214400 +0.0409371540 +5.2038426785 +0.8156489509 +0.3759900891
+4.2000000000 +0.4756112500 +0.0021906038 +0.0502772500 +0.0032234611 +0.4181558675 +0.0020034778 +0.3354112611 +0.0017572204 -11.2913180000 +0.0021514696 +127.6790150400 +0.0480002591 +4.5702334851 +1.0496194041 +0.3605891601
+4.4000000000 +0.4378987500 +0.0020770768 +0.0135482500 +0.0030172077 +0.3643252425 +0.0018424638 +0.2685197975 +0.0015414031 -11.0590010000 +0.0024319936 +122.5380868400 +0.0533080595 +3.9220438011 +1.2220233575 +0.3256637120
+4.6000000000 +0.3898330000 +0.0019419507 -0.0089235000 +0.0027510772 +0.3028166650 +0.0016616735 +0.2021442892 +0.0013126408 -10.8035350000 +0.0026313997 +116.9933390800 +0.0565915259 +3.2792803720 +1.3089347061 +0.2651804919
+4.8000000000 +0.3349082500 +0.0017823241 -0.0182782500 +0.0024438525 +0.2392307025 +0.0014606175 +0.1425674728 +0.0010796638 -10.5443370000 +0.0027103250 +111.4768772400 +0.0571820736 +2.6472326371 +1.2753232225 +0.1696420170
+5.0000000000 +0.2808522500 +0.0016054554 -0.0217657500 +0.0021301626 +0.1819774625 +0.0012452723 +0.0951439182 +0.0008488098 -10.3021970000 +0.0026606829 +106.4184323600 +0.0550615786 +2.0619895234 +1.1326773329 +0.0423108481
+5.2000000000 +0.2354520000 +0.0014335792 -0.0214135000 +0.0018519252 +0.1376436200 +0.0010447430 +0.0626052865 +0.0006494877 -10.0930540000 +0.0025575136 +102.1313740800 +0.0519394902 +1.5808841480 +0.9675851816 -0.1014824477
+5.4000000000 +0.1993805000 +0.0012794185 -0.0187155000 +0.0016192497 +0.1052290500 +0.0008750155 +0.0416992347 +0.0004959983 -9.9170630000 +0.0024758213 +98.5933262000 +0.0493706591 +1.2125271522 +0.8408355763 -0.2552653187
+5.6000000000 +0.1727055000 +0.0011474580 -0.0157095000 +0.0014339351 +0.0824935800 +0.0007340964 +0.0283610931 +0.0003783067 -9.7622030000 +0.0023936724 +95.5297941200 +0.0469320560 +0.9404712548 +0.7308249579 -0.3891892308
+5.8000000000 +0.1522322500 +0.0010370705 -0.0137497500 +0.0012845837 +0.0661952675 +0.0006257886 +0.0200462662 +0.0002985819 -9.6229970000 +0.0023686430 +92.8264900400 +0.0456808208 +0.7417346476 +0.6671188407 -0.5249596582
+6.0000000000 +0.1362647500 +0.0009414709 -0.0124732500 +0.0011604654 +0.0540227825 +0.0005318755 +0.0142341211 +0.0002297470 -9.4966940000 +0.0023644862 +90.4108287200 +0.0448895700 +0.5909116735 +0.6211994177 -0.6257565156
+6.2000000000 +0.1258005000 +0.0008696647 -0.0102715000 +0.0010720650 +0.0460784350 +0.0004653314 +0.0107845563 +0.0001865842 -9.3744430000 +0.0023966176 +88.1099326000 +0.0448232587 +0.4879462774 +0.5976874083 -0.6931116047
+6.4000000000 +0.1166560000 +0.0008052855 -0.0080505000 +0.0009935191 +0.0395480150 +0.0004069603 +0.0081887137 +0.0001492488 -9.2557950000 +0.0024360517 +85.9071150000 +0.0448635563 +0.4053030104 +0.5795261669 -0.7451993819
+6.6000000000 +0.1099302500 +0.0007554930 -0.0069102500 +0.0009336447 +0.0349154475 +0.0003628809 +0.0064863893 +0.0001211813 -9.1392020000 +0.0024921417 +83.7734440000 +0.0452205855 +0.3459210248 +0.5703186483 -0.7735626455
+6.8000000000 +0.1047380000 +0.0007153977 -0.0060525000 +0.0008860752 +0.0314418050 +0.0003291184 +0.0053213442 +0.0001011673 -9.0250180000 +0.0026091444 +81.7232552800 +0.0466521560 +0.3010552405 +0.5888957173 -0.7942591059
+7.0000000000 +0.1000315000 +0.0006769195 -0.0047600000 +0.0008413151 +0.0283351000 +0.0002991917 +0.0043835042 +0.0000860238 -8.9053260000 +0.0027194023 +79.6006371200 +0.0478584780 +0.2618399858 +0.6036856198 -0.8199132083
+7.2000000000 +0.0956165000 +0.0006419943 -0.0040555000 +0.0008001927 +0.0256287800 +0.0002733594 +0.0036458493 +0.0000739059 -8.7826950000 +0.0028535414 +77.4614394000 +0.0494656685 +0.2289759018 +0.6282946315 -0.8502124200
+7.4000000000 +0.0926002500 +0.0006113935 -0.0042567500 +0.0007666285 +0.0235268875 +0.0002488758 +0.0030310806 +0.0000607197 -8.6546360000 +0.0030288306 +75.2696768800 +0.0515709236 +0.2020551514 +0.6701106419 -0.8253547367
+7.6000000000 +0.0899265000 +0.0005864025 -0.0033805000 +0.0007387500 +0.0218414900 +0.0002304192 +0.0026007710 +0.0000524587 -8.5164800000 +0.0031792978 +72.9347489600 +0.0532160931 +0.1809830868 +0.6999954460 -0.8172569376
+7.8000000000 +0.0885627500 +0.0005668533 -0.0028662500 +0.0007191671 +0.0206962675 +0.0002173884 +0.0023186449 +0.0000469480 -8.3697810000 +0.0033872835 +70.5121815600 +0.0555199854 +0.1647808566 +0.7543516963 -0.8043838077
+8.0000000000 +0.0865017500 +0.0005456989 -0.0025817500 +0.0006961928 +0.0193940425 +0.0002043040 +0.0020457333 +0.0000420153 -8.2130840000 +0.0036386883 +67.9843508800 +0.0583557532 +0.1488936218 +0.8275032640 -0.8129719152
+8.2000000000 +0.0845135000 +0.0005230593 -0.0026665000 +0.0006722921 +0.0180861750 +0.0001897006 +0.0017665618 +0.0000366502 -8.0333150000 +0.0038975107 +65.1417734800 +0.0609161487 +0.1334590649 +0.9036638768 -0.8001725460
+8.4000000000 +0.0828582500 +0.0005039200 -0.0019502500 +0.0006522863 +0.0170229025 +0.0001791740 +0.0015739119 +0.0000336911 -7.8393860000 +0.0042041285 +62.1629607200 +0.0639964048 +0.1209215822 +1.0019669260 -0.8104725730
+8.6000000000 +0.0820217500 +0.0004883516 -0.0018757500 +0.0006376429 +0.0162670575 +0.0001713346 +0.0014388388 +0.0000315290 -7.6320620000 +0.0045112407 +59.0624220800 +0.0666965743 +0.1109243026 +1.1006648299 -0.8124785474
+8.8000000000 +0.0812410000 +0.0004704176 -0.0018880000 +0.0006214549 +0.0154518100 +0.0001607967 +0.0012729820 +0.0000278508 -7.4075420000 +0.0047915058 +55.7900196000 +0.0688118001 +0.1005876127 +1.1858743779 -0.7772244912
+9.0000000000 +0.0803312500 +0.0004525707 -0.0015017500 +0.0006050550 +0.0146459175 +0.0001504710 +0.0011201639 +0.0000242363 -7.1568890000 +0.0051235352 +52.2710846800 +0.0712277962 +0.0910311975 +1.2963265700 -0.7407128914
+9.2000000000 +0.0795632500 +0.0004360693 -0.0015072500 +0.0005902181 +0.0139365675 +0.0001415647 +0.0009958505 +0.0000221343 -6.8890650000 +0.0053977587 +48.6246485200 +0.0725401307 +0.0826767038 +1.3769281023 -0.7090755338
+9.4000000000 +0.0788075000 +0.0004211237 -0.0012080000 +0.0005766925 +0.0133044300 +0.0001347863 +0.0009037016 +0.0000198254 -6.6044390000 +0.0056620364 +44.9009607600 +0.0734666345 +0.0754660420 +1.4512746212 -0.7018107899
+9.6000000000 +0.0780895000 +0.0004026970 -0.0008905000 +0.0005608871 +0.0125845650 +0.0001259318 +0.0007927238 +0.0000184453 -6.3135490000 +0.0058147319 +41.2133452400 +0.0729062273 +0.0675686978 +1.4674959468 -0.6684923351
+9.8000000000 +0.0781307500 +0.0003840707 -0.0000887500 +0.0005478325 +0.0120048275 +0.0001154992 +0.0006777186 +0.0000156068 -6.0156170000 +0.0058724301 +37.5670653200 +0.0709885483 +0.0602083000 +1.4362946994 -0.5675315360
+10.0000000000 +0.0772207500 +0.0003722683 -0.0001327500 +0.0005363389 +0.0115063925 +0.0001088485 +0.0006063172 +0.0000134872 -5.7404040000 +0.0058655660 +34.3284326400 +0.0683970243 +0.0554334827 +1.3761945568 -0.5265121117
+10.2000000000 +0.0765265000 +0.0003581018 +0.0006065000 +0.0005240566 +0.0109857800 +0.0001012284 +0.0005305746 +0.0000118182 -5.4753700000 +0.0058219674 +31.3354888000 +0.0655127429 +0.0502889686 +1.3031643244 -0.4654243363
+10.4000000000 +0.0764765000 +0.0003441357 +0.0001470000 +0.0005144368 +0.0105858300 +0.0000946421 +0.0004703452 +0.0000102382 -5.2129130000 +0.0057036280 +28.4757168400 +0.0618314177 +0.0455497591 +1.2030832974 -0.3990900170
+10.6000000000 +0.0754120000 +0.0003340850 +0.0006745000 +0.0005037615 +0.0101514800 +0.0000892537 +0.0004217015 +0.0000093624 -4.9881910000 +0.0055190154 +26.1004306800 +0.0576621303 +0.0421180213 +1.0843549551 -0.3640337465
+10.8000000000 +0.0750755000 +0.0003245774 +0.0001975000 +0.0004962437 +0.0098503500 +0.0000855166 +0.0003895527 +0.0000096402 -4.7824870000 +0.0052935460 +23.9930470800 +0.0533283114 +0.0390186972 +0.9609612267 -0.3382636142
+11.0000000000 +0.0749647500 +0.0003198538 +0.0003037500 +0.0004927444 +0.0097119725 +0.0000829924 +0.0003698319 +0.0000081360 -4.6026120000 +0.0051461389 +22.2433470400 +0.0499796860 +0.0372023523 +0.8754626591 -0.3069776803
+11.2000000000 +0.0749557500 +0.0003133731 -0.0001587500 +0.0004885296 +0.0095464725 +0.0000789061 +0.0003401822 +0.0000070763 -4.4319230000 +0.0049817154 +20.6346410000 +0.0466414208 +0.0350723932 +0.7913739812 -0.2442407533
+11.4000000000 +0.0740445000 +0.0003061130 -0.0000770000 +0.0004803850 +0.0092307950 +0.0000750727 +0.0003106439 +0.0000061565 -4.2933140000 +0.0048110893 +19.3584083200 +0.0437019340 +0.0328790089 +0.7124216816 -0.2152435807
+11.6000000000 +0.0739502500 +0.0003024522 +0.0001847500 +0.0004776949 +0.0091277325 +0.0000734718 +0.0002992397 +0.0000061934 -4.1516270000 +0.0046698784 +18.1083173200 +0.0409982948 +0.0315439054 +0.6482688562 -0.1972151525
+11.8000000000 +0.0727197500 +0.0002973145 +0.0001242500 +0.0004696803 +0.0088239975 +0.0000713205 +0.0002813273 +0.0000062923 -4.0251220000 +0.0045526122 +17.0306582400 +0.0387674677 +0.0299647073 +0.5954116095 -0.2043699741
+12.0000000000 +0.0730305000 +0.0002953162 -0.0002645000 +0.0004696235 +0.0088219200 +0.0000701379 +0.0002745991 +0.0000055925 -3.9167020000 +0.0044613003 +16.1366825600 +0.0368626636 +0.0290705506 +0.5528666689 -0.1761197610
