# T, am1a, am1e, m1a, m1e, m2a, m2e, m4a, m4e, e1a, e1e, e2a, e2e, susc, spec, bind
+2.0000000000 +0.3032720000 +0.0022970137 +0.2359810000 +0.0024866531 +0.3030247800 +0.0022952292 +0.3025470971 +0.0022919433 -11.9944920000 +0.0001504179 +143.8687433600 +0.0035834362 +10.5525437008 +0.0226255483 -0.0982859969
+2.2000000000 +0.3062375000 +0.0023016701 +0.2347865000 +0.0025028190 +0.3056888100 +0.0022977469 +0.3046312784 +0.0022905517 -11.9880640000 +0.0002222033 +143.7156534400 +0.0052905523 +9.6321547088 +0.0408052045 -0.0866611879
+2.4000000000 +0.3106052500 +0.0023078184 +0.2318992500 +0.0025285341 +0.3095166525 +0.0023001512 +0.3074283880 +0.0022861928 -11.9772880000 +0.0003104193 +143.4592822400 +0.0073819636 +8.8767096322 +0.0669167542 -0.0696819651
+2.6000000000 +0.3162660000 +0.0023144734 +0.2288310000 +0.0025589649 +0.3142956750 +0.0023008574 +0.3105395547 +0.0022762969 -11.9599720000 +0.0004180239 +143.0479200000 +0.0099241429 +8.2412112402 +0.1033988047 -0.0478976386
+2.8000000000 +0.3269070000 +0.0023271544 +0.2241730000 +0.0026136208 +0.3234940900 +0.0023042984 +0.3170400766 +0.0022634986 -11.9336560000 +0.0005403942 +142.4238265600 +0.0128005912 +7.7366394054 +0.1489927760 -0.0098577619
+3.0000000000 +0.3406505000 +0.0023405946 +0.2190250000 +0.0026795808 +0.3351780800 +0.0023054566 +0.3249495565 +0.0022436174 -11.8978440000 +0.0006751354 +141.5769241600 +0.0159423842 +7.3045105617 +0.2025812403 +0.0358525075
+3.2000000000 +0.3538242500 +0.0023471876 +0.2097267500 +0.0027458053 +0.3455631825 +0.0022963095 +0.3303353967 +0.0022082860 -11.8526090000 +0.0008189910 +140.5111699600 +0.0192573680 +6.8866119566 +0.2620102840 +0.0778980770
+3.4000000000 +0.3723192500 +0.0023529423 +0.2006932500 +0.0028275314 +0.3600751275 +0.0022820367 +0.3379617547 +0.0021623771 -11.7933420000 +0.0009828793 +139.1215576000 +0.0229778318 +6.5133383406 +0.3342739706 +0.1311194906
+3.6000000000 +0.3895427500 +0.0023461180 +0.1849582500 +0.0029056186 +0.3719143425 +0.0022509675 +0.3409944662 +0.0020956853 -11.7189150000 +0.0011693800 +137.3876667600 +0.0271374959 +6.1158552340 +0.4220523361 +0.1782490348
+3.8000000000 +0.4079242500 +0.0023252685 +0.1650227500 +0.0029809588 +0.3826771325 +0.0022008707 +0.3401950558 +0.0020063709 -11.6203880000 +0.0014130811 +135.1132892000 +0.0324588481 +5.6914457569 +0.5531297053 +0.2256421225
+4.0000000000 +0.4196907500 +0.0022820193 +0.1368717500 +0.0030237019 +0.3844448075 +0.0021250470 +0.3284307985 +0.0018912165 -11.4917310000 +0.0017049829 +132.1761600400 +0.0386782152 +5.2076120466 +0.7267416477 +0.2592790596
+4.2000000000 +0.4127647500 +0.0022118945 +0.1121257500 +0.0029728002 +0.3660738325 +0.0020208476 +0.2973630497 +0.0017508737 -11.3287410000 +0.0020234369 +128.5041445200 +0.0452379373 +4.6595022299 +0.9284119894 +0.2603463997
+4.4000000000 +0.3856462500 +0.0021053435 +0.0803287500 +0.0028265225 +0.3260218775 +0.0018791283 +0.2475351973 +0.0015768043 -11.1208180000 +0.0023991139 +123.9028228800 +0.0527153949 +4.0295192582 +1.1892039819 +0.2237131714
+4.6000000000 +0.3524907500 +0.0019698579 +0.0507252500 +0.0026310183 +0.2794633325 +0.0017084189 +0.1948475530 +0.0013770404 -10.8740740000 +0.0027001252 +118.5371124000 +0.0582815562 +3.3742087753 +1.3781996340 +0.1683817063
+4.8000000000 +0.3106757500 +0.0018127614 +0.0271262500 +0.0023834205 +0.2279635725 +0.0015175141 +0.1440813464 +0.0011617939 -10.6146500000 +0.0028521996 +112.9961963200 +0.0604910918 +2.7384198096 +1.4123337566 +0.0758220666
+5.0000000000 +0.2649610000 +0.0016373415 +0.0116155000 +0.0021053794 +0.1774398200 +0.0013112279 +0.1002576378 +0.0009442589 -10.3624150000 +0.0028543355 +107.7055338800 +0.0594411111 +2.1447097696 +1.3035569912 -0.0614365466
+5.2000000000 +0.2215117500 +0.0014431752 +0.0060237500 +0.0018189376 +0.1323776425 +0.0010861586 +0.0647134615 +0.0007200621 -10.1238980000 +0.0027127322 +102.7876673600 +0.0554018784 +1.6021189829 +1.0885970622 -0.2309604264
+5.4000000000 +0.1877975000 +0.0012686760 +0.0030515000 +0.0015782913 +0.0996494550 +0.0008880236 +0.0414734493 +0.0005372282 -9.9244060000 +0.0025555435 +98.7550665600 +0.0511988442 +1.1922509999 +0.8958577064 -0.3921917208
+5.6000000000 +0.1627885000 +0.0011257680 +0.0027525000 +0.0013891244 +0.0771942350 +0.0007322095 +0.0274041829 +0.0004021717 -9.7586510000 +0.0024357425 +95.4685830000 +0.0478740466 +0.9052524869 +0.7567399879 -0.5329425088
+5.8000000000 +0.1460985000 +0.0010157160 +0.0017200000 +0.0012510892 +0.0626119300 +0.0006134745 +0.0189742907 +0.0003009364 -9.6131030000 +0.0023635771 +92.6352091600 +0.0455846840 +0.7115027293 +0.6642683454 -0.6133556481
+6.0000000000 +0.1329652500 +0.0009248829 +0.0010952500 +0.0011390225 +0.0518960925 +0.0005211766 +0.0135582071 +0.0002300272 -9.4841540000 +0.0023417418 +90.1685272800 +0.0444181756 +0.5702722465 +0.6093060675 -0.6780762491
+6.2000000000 +0.1228517500 +0.0008518665 +0.0005147500 +0.0010502303 +0.0441196125 +0.0004489282 +0.0100080004 +0.0001762530 -9.3664660000 +0.0023579365 +87.9530799200 +0.0440311975 +0.4681783875 +0.5785499242 -0.7138100377
+6.4000000000 +0.1156890000 +0.0007987555 +0.0003210000 +0.0009862081 +0.0389043600 +0.0004004386 +0.0079275917 +0.0001439602 -9.2532220000 +0.0024057576 +85.8536241600 +0.0442836975 +0.3987564887 +0.5652020965 -0.7459164987
+6.6000000000 +0.1096810000 +0.0007526003 +0.0001650000 +0.0009312113 +0.0346862100 +0.0003611411 +0.0064200497 +0.0001201568 -9.1400800000 +0.0024729719 +83.7856860000 +0.0448933917 +0.3432770945 +0.5615784977 -0.7787029863
+6.8000000000 +0.1042275000 +0.0007113855 +0.0004635000 +0.0008818437 +0.0311061450 +0.0003274624 +0.0052568566 +0.0001016872 -9.0239160000 +0.0025721630 +81.6957008800 +0.0459802426 +0.2976878418 +0.5723202961 -0.8109751409
+7.0000000000 +0.0992200000 +0.0006744908 +0.0005695000 +0.0008372842 +0.0280421200 +0.0002985078 +0.0043506378 +0.0000869238 -8.9032730000 +0.0026992822 +79.5597150800 +0.0475087760 +0.2599644514 +0.5947856479 -0.8442083640
+7.2000000000 +0.0959482500 +0.0006445173 +0.0002157500 +0.0008034631 +0.0258221675 +0.0002744710 +0.0036801572 +0.0000739583 -8.7829730000 +0.0028478632 +77.4650277200 +0.0493377089 +0.2307791781 +0.6257966845 -0.8397538944
+7.4000000000 +0.0935882500 +0.0006201301 +0.0004837500 +0.0007768684 +0.0241412125 +0.0002546756 +0.0031771837 +0.0000630544 -8.6537330000 +0.0030263315 +75.2534421200 +0.0514767654 +0.2078709725 +0.6690052679 -0.8172008018
+7.6000000000 +0.0907115000 +0.0005943623 +0.0006340000 +0.0007476436 +0.0223592400 +0.0002364422 +0.0027361317 +0.0000547416 -8.5196960000 +0.0031923668 +72.9928681600 +0.0533919420 +0.1859297864 +0.7057621669 -0.8243227260
+7.8000000000 +0.0883742500 +0.0005705532 +0.0005342500 +0.0007216468 +0.0208312475 +0.0002217069 +0.0024000997 +0.0000486456 -8.3656880000 +0.0034112850 +70.4502103200 +0.0558012937 +0.1669389671 +0.7650798926 -0.8436457195
+8.0000000000 +0.0864615000 +0.0005488492 +0.0007955000 +0.0006986483 +0.0195250100 +0.0002078762 +0.0021097266 +0.0000438406 -8.2087980000 +0.0036550990 +67.9187545600 +0.0585150453 +0.1506177377 +0.8349843050 -0.8446857352
+8.2000000000 +0.0843835000 +0.0005285608 +0.0006285000 +0.0006762995 +0.0182956350 +0.0001961482 +0.0018736956 +0.0000405082 -8.0386240000 +0.0039047101 +65.2293462400 +0.0610636294 +0.1362812186 +0.9070053936 -0.8658761667
+8.4000000000 +0.0831762500 +0.0005088752 +0.0007892500 +0.0006571877 +0.0172764475 +0.0001824542 +0.0016300574 +0.0000348244 -7.8452730000 +0.0041957957 +62.2524965200 +0.0638606100 +0.1233114159 +0.9979989732 -0.8204248823
+8.6000000000 +0.0813635000 +0.0004879154 +0.0005255000 +0.0006352598 +0.0161424750 +0.0001704615 +0.0014228646 +0.0000311068 -7.6396140000 +0.0045130582 +59.1784098400 +0.0667539109 +0.1107262310 +1.1015518808 -0.8201286444
+8.8000000000 +0.0804172500 +0.0004702218 +0.0005637500 +0.0006186873 +0.0153112775 +0.0001605109 +0.0012649857 +0.0000277955 -7.4083380000 +0.0048465837 +55.8230468800 +0.0695150633 +0.1005039023 +1.2132941087 -0.7986285776
+9.0000000000 +0.0790190000 +0.0004510430 +0.0006970000 +0.0005996063 +0.0143815950 +0.0001506938 +0.0011151754 +0.0000249571 -7.1605420000 +0.0051713221 +52.3430646400 +0.0718245745 +0.0904176960 +1.3206208719 -0.7972472742
+9.2000000000 +0.0788445000 +0.0004339250 +0.0004995000 +0.0005862559 +0.0137480900 +0.0001411106 +0.0009854978 +0.0000222547 -6.8823520000 +0.0054604554 +48.5594320000 +0.0731798888 +0.0818655959 +1.4091008366 -0.7379995438
+9.4000000000 +0.0778285000 +0.0004142766 +0.0002710000 +0.0005683794 +0.0129222800 +0.0001310223 +0.0008536587 +0.0000192364 -6.5922490000 +0.0057046159 +44.7594526000 +0.0737558808 +0.0730319637 +1.4731843843 -0.7040593747
+9.6000000000 +0.0772310000 +0.0004021507 +0.0003755000 +0.0005575279 +0.0124336350 +0.0001262624 +0.0007922831 +0.0000189869 -6.3071000000 +0.0058486222 +41.1477656800 +0.0731280855 +0.0673854962 +1.4846519857 -0.7082951088
+9.8000000000 +0.0771137500 +0.0003848647 +0.0004907500 +0.0005447734 +0.0118713625 +0.0001168900 +0.0006874602 +0.0000159723 -6.0222380000 +0.0058965877 +37.6581404000 +0.0712035489 +0.0604574700 +1.4481360593 -0.6260173525
+10.0000000000 +0.0766132500 +0.0003707530 +0.0004562500 +0.0005330970 +0.0113679025 +0.0001100655 +0.0006138055 +0.0000141333 -5.7402660000 +0.0058992435 +34.3426967200 +0.0687847660 +0.0549831242 +1.3920429692 -0.5832475292
+10.2000000000 +0.0757420000 +0.0003551932 +0.0007160000 +0.0005192020 +0.0107833400 +0.0001012574 +0.0005264029 +0.0000121557 -5.4644010000 +0.0058041673 +31.2072126000 +0.0652507329 +0.0494753866 +1.2952079116 -0.5090040810
+10.4000000000 +0.0749995000 +0.0003429510 +0.0002660000 +0.0005081700 +0.0103295400 +0.0000950811 +0.0004683160 +0.0000112914 -5.2194160000 +0.0056799079 +28.5327575200 +0.0616228566 +0.0452366827 +1.1930973918 -0.4630386484
+10.6000000000 +0.0749465000 +0.0003330119 +0.0000370000 +0.0005013196 +0.0100528550 +0.0000893439 +0.0004203534 +0.0000094379 -4.9842950000 +0.0054969565 +26.0518578800 +0.0574410284 +0.0418478975 +1.0757041945 -0.3864827985
+10.8000000000 +0.0744165000 +0.0003245928 +0.0008480000 +0.0004937488 +0.0097522350 +0.0000850477 +0.0003844303 +0.0000088150 -4.7815760000 +0.0053450671 +24.0062587200 +0.0538608647 +0.0390224030 +0.9797579529 -0.3473735791
+11.0000000000 +0.0742535000 +0.0003166507 +0.0004620000 +0.0004879569 +0.0095242900 +0.0000811077 +0.0003538507 +0.0000080057 -4.5987330000 +0.0051629520 +22.2145881200 +0.0502388122 +0.0364609794 +0.8811924915 -0.3002701771
+11.2000000000 +0.0743695000 +0.0003118897 +0.0008045000 +0.0004853139 +0.0094218300 +0.0000787309 +0.0003367129 +0.0000079870 -4.4343280000 +0.0049830091 +20.6564800000 +0.0467930245 +0.0347411381 +0.7917850673 -0.2643518044
+11.4000000000 +0.0736312500 +0.0003064742 +0.0002272500 +0.0004790242 +0.0091786175 +0.0000751575 +0.0003101929 +0.0000064853 -4.2921200000 +0.0048328943 +19.3565688000 +0.0439375150 +0.0329566362 +0.7188940486 -0.2273149351
+11.6000000000 +0.0735625000 +0.0003013451 +0.0006540000 +0.0004754831 +0.0090437950 +0.0000724531 +0.0002917685 +0.0000057476 -4.1586600000 +0.0046809376 +18.1709000800 +0.0412247434 +0.0313133930 +0.6513429581 -0.1890928074
+11.8000000000 +0.0731680000 +0.0002982570 -0.0002380000 +0.0004720113 +0.0089118450 +0.0000714299 +0.0002835104 +0.0000057237 -4.0301830000 +0.0045434788 +17.0681030000 +0.0386819716 +0.0301549896 +0.5930249831 -0.1899055885
+12.0000000000 +0.0722827500 +0.0002958271 +0.0004292500 +0.0004670428 +0.0087253425 +0.0000701205 +0.0002728069 +0.0000055009 -3.9201210000 +0.0044727183 +16.1675570000 +0.0370084972 +0.0291712213 +0.5557002398 -0.1944531531
