# T, am1a, am1e, m1a, m1e, m2a, m2e, m4a, m4e, e1a, e1e, e2a, e2e, susc, spec, bind
+2.0000000000 +0.5695250000 +0.0024732767 -0.2544546875 +0.0035506881 +0.5690426270 +0.0024714292 +0.5681280001 +0.0024683610 -11.9935687500 +0.0002041588 +143.8473585937 +0.0048433477 +7.8298848425 +0.0266757244 +0.4151623302
+2.2000000000 +0.5699109375 +0.0024701413 -0.2546843750 +0.0035496418 +0.5688624023 +0.0024661491 +0.5668800934 +0.0024595650 -11.9863093750 +0.0002992368 +143.6751941406 +0.0070938433 +7.1000414738 +0.0473614203 +0.4160771239
+2.4000000000 +0.5687468750 +0.0024660631 -0.2568546875 +0.0035382106 +0.5667316895 +0.0024584642 +0.5629466521 +0.0024461059 -11.9737218750 +0.0004205792 +143.3770910156 +0.0099547288 +6.4868981768 +0.0786163975 +0.4157603988
+2.6000000000 +0.5675250000 +0.0024594647 -0.2554656250 +0.0035312201 +0.5640432983 +0.0024464539 +0.5575503012 +0.0024255730 -11.9549343750 +0.0005534857 +142.9327097656 +0.0130791006 +5.9559057899 +0.1160128290 +0.4158317985
+2.8000000000 +0.5662265625 +0.0024494691 -0.2566484375 +0.0035168881 +0.5606084839 +0.0024286336 +0.5502123149 +0.0023956163 -11.9272750000 +0.0007092879 +142.2800125000 +0.0167179015 +5.4856220299 +0.1642740765 +0.4164343503
+3.0000000000 +0.5649472656 +0.0024349759 -0.2564003906 +0.0035021014 +0.5563297180 +0.0024036045 +0.5405953339 +0.0023549817 -11.8895312500 +0.0008790250 +141.3918607422 +0.0206549624 +5.0595051750 +0.2197859375 +0.4177808060
+3.2000000000 +0.5610617187 +0.0024175872 -0.2513320312 +0.0034835742 +0.5485793701 +0.0023728420 +0.5261544837 +0.0023049071 -11.8401937500 +0.0010732322 +140.2362611328 +0.0250935657 +4.6757823574 +0.2879568455 +0.4172086758
+3.4000000000 +0.5564152344 +0.0023941473 -0.2436277344 +0.0034623731 +0.5388755676 +0.0023327199 +0.5080501628 +0.0022420144 -11.7775671875 +0.0012783343 +138.7764543945 +0.0297212765 +4.3158146745 +0.3618853340 +0.4168123029
+3.6000000000 +0.5516648438 +0.0023623701 -0.2351203125 +0.0034361470 +0.5275657959 +0.0022810869 +0.4864599579 +0.0021645928 -11.6957562500 +0.0015171996 +136.8827900391 +0.0350045134 +3.9685634857 +0.4546952081 +0.4173971812
+3.8000000000 +0.5406605469 +0.0023243496 -0.2188800781 +0.0033930421 +0.5084178772 +0.0022199410 +0.4556142585 +0.0020747064 -11.5920171875 +0.0018004823 +134.5045319336 +0.0410956685 +3.6396471621 +0.5747122805 +0.4124640758
+4.0000000000 +0.5236656250 +0.0022778288 -0.1954406250 +0.0033300481 +0.4817658447 +0.0021480336 +0.4166602660 +0.0019717752 -11.4610140625 +0.0021142162 +131.5336397461 +0.0476704379 +3.3206425267 +0.7151856211 +0.4016038123
+4.2000000000 +0.4964203125 +0.0022206745 -0.1644664063 +0.0032273818 +0.4436889404 +0.0020622793 +0.3669797045 +0.0018501109 -11.2963109375 +0.0024528559 +127.8473008789 +0.0544976618 +3.0058028765 +0.8731431555 +0.3786109656
+4.4000000000 +0.4604832031 +0.0021451094 -0.1326003906 +0.0030762058 +0.3961045471 +0.0019573685 +0.3101504700 +0.0017066405 -11.0963984375 +0.0028256300 +123.4494256836 +0.0617276603 +2.6772329710 +1.0557599995 +0.3410817551
+4.6000000000 +0.4156488281 +0.0020420855 -0.1018597656 +0.0028687674 +0.3395684753 +0.0018226259 +0.2481853572 +0.0015331977 -10.8651031250 +0.0031171060 +118.4391199219 +0.0669698412 +2.3207586368 +1.1755130586 +0.2825359072
+4.8000000000 +0.3705691406 +0.0019208706 -0.0731902344 +0.0026436453 +0.2849112366 +0.0016728117 +0.1931063713 +0.0013539934 -10.6219984375 +0.0033080633 +113.2645821289 +0.0698994849 +1.9678633145 +1.2159203407 +0.2070310300
+5.0000000000 +0.3259066406 +0.0017863244 -0.0532949219 +0.0024031905 +0.2338533386 +0.0015066553 +0.1454877904 +0.0011652466 -10.3909390625 +0.0033651896 +108.4245946289 +0.0699818132 +1.6337689628 +1.1596288725 +0.1132153966
+5.2000000000 +0.2855187500 +0.0016474065 -0.0362960938 +0.0021723344 +0.1900788818 +0.0013391296 +0.1078607086 +0.0009849632 -10.1782718750 +0.0033304298 +104.0408888672 +0.0681679767 +1.3360975413 +1.0501077060 +0.0048826980
+5.4000000000 +0.2508750000 +0.0015100421 -0.0247273437 +0.0019591829 +0.1541473511 +0.0011754148 +0.0790254082 +0.0008166336 -9.9810765625 +0.0032562583 +100.0460180664 +0.0654665727 +1.0809965683 +0.9308723620 -0.1085961368
+5.6000000000 +0.2208601562 +0.0013780047 -0.0138390625 +0.0017645365 +0.1247350830 +0.0010213260 +0.0572831159 +0.0006675880 -9.8062031250 +0.0031767273 +96.5652835937 +0.0628004578 +0.8680671359 +0.8238038061 -0.2272361446
+5.8000000000 +0.1977625000 +0.0012653401 -0.0083195312 +0.0016053365 +0.1031534302 +0.0008920020 +0.0424673355 +0.0005481144 -9.6552531250 +0.0031078270 +93.6102564453 +0.0604110909 +0.7066860554 +0.7350174316 -0.3303515196
+6.0000000000 +0.1787101563 +0.0011642764 -0.0044164063 +0.0014674757 +0.0861588989 +0.0007791191 +0.0317044213 +0.0004459914 -9.5095796875 +0.0030598918 +90.8066233398 +0.0583632422 +0.5783635091 +0.6658089012 -0.4236338176
+6.2000000000 +0.1653570313 +0.0010858099 -0.0029820312 +0.0013646738 +0.0745022705 +0.0006941936 +0.0248267774 +0.0003734777 -9.3863718750 +0.0030633257 +88.4793355469 +0.0574937151 +0.4868059120 +0.6249466324 -0.4909396981
+6.4000000000 +0.1551394531 +0.0010190625 -0.0028582031 +0.0012806211 +0.0656077820 +0.0006228227 +0.0198207070 +0.0003136958 -9.2670734375 +0.0031051943 +86.2643393555 +0.0572814033 +0.4153953207 +0.6026394679 -0.5349250537
+6.6000000000 +0.1457320313 +0.0009583964 -0.0019796875 +0.0012038984 +0.0579787720 +0.0005602390 +0.0159162489 +0.0002635716 -9.1481906250 +0.0031775399 +84.0932621094 +0.0576278754 +0.3562758501 +0.5933816684 -0.5782705142
+6.8000000000 +0.1376074219 +0.0009073701 -0.0005714844 +0.0011387306 +0.0518686218 +0.0005082036 +0.0130211888 +0.0002206359 -9.0350109375 +0.0032757726 +82.0606500977 +0.0583720205 +0.3099559461 +0.5940864456 -0.6133179438
+7.0000000000 +0.1311441406 +0.0008615257 +0.0002519531 +0.0010826794 +0.0468878479 +0.0004654272 +0.0108633707 +0.0001909709 -8.9093578125 +0.0034057164 +79.8406127930 +0.0595884170 +0.2714428551 +0.6059835583 -0.6471105434
+7.2000000000 +0.1248296875 +0.0008188174 +0.0006312500 +0.0010295694 +0.0424009277 +0.0004286049 +0.0091459264 +0.0001676518 -8.7791531250 +0.0035970138 +77.5910699219 +0.0617845169 +0.2383864609 +0.6389386786 -0.6957261933
+7.4000000000 +0.1203218750 +0.0007844772 +0.0010000000 +0.0009885916 +0.0390935303 +0.0003980048 +0.0078646180 +0.0001465312 -8.6511281250 +0.0037944010 +75.4179169922 +0.0639663256 +0.2128966631 +0.6730742522 -0.7153257134
+7.6000000000 +0.1154988281 +0.0007492306 +0.0017082031 +0.0009459245 +0.0357938416 +0.0003684101 +0.0067102404 +0.0001281094 -8.5150921875 +0.0040360499 +73.1583829102 +0.0666285056 +0.1890851558 +0.7219811064 -0.7458229665
+7.8000000000 +0.1127015625 +0.0007201232 +0.0016421875 +0.0009143583 +0.0334447388 +0.0003450246 +0.0058802290 +0.0001136108 -8.3621984375 +0.0042855296 +70.6609932617 +0.0692576205 +0.1701997668 +0.7727869071 -0.7523359464
+8.0000000000 +0.1099167969 +0.0006946900 +0.0012144531 +0.0008857764 +0.0313854675 +0.0003260653 +0.0052377906 +0.0001045719 -8.2073984375 +0.0045323028 +68.1830598633 +0.0717765686 +0.1544301224 +0.8216707514 -0.7724323515
+8.2000000000 +0.1078187500 +0.0006686160 +0.0010476562 +0.0008588608 +0.0295067749 +0.0003056423 +0.0046073382 +0.0000935239 -8.0290625000 +0.0048509450 +65.4071113281 +0.0749495750 +0.1395659867 +0.8959111950 -0.7639462471
+8.4000000000 +0.1058460937 +0.0006441978 +0.0010968750 +0.0008336940 +0.0278030273 +0.0002877518 +0.0040850520 +0.0000831431 -7.8498390625 +0.0051792499 +62.6929584961 +0.0780716361 +0.1264733850 +0.9732291963 -0.7615385793
+8.6000000000 +0.1034500000 +0.0006178769 +0.0016664062 +0.0008057605 +0.0259727783 +0.0002696491 +0.0035830098 +0.0000752985 -7.6404937500 +0.0055644979 +59.6156902344 +0.0813481338 +0.1136437270 +1.0717538047 -0.7704754995
+8.8000000000 +0.1016582031 +0.0005955143 +0.0014347656 +0.0007829084 +0.0245198792 +0.0002534677 +0.0031710586 +0.0000670164 -7.4292421875 +0.0058731781 +56.5734083008 +0.0835397373 +0.1031671919 +1.1403048101 -0.7581113056
+9.0000000000 +0.1002851562 +0.0005707820 +0.0015281250 +0.0007597114 +0.0230887939 +0.0002358361 +0.0027578393 +0.0000583052 -7.2020968750 +0.0061866666 +53.4011931641 +0.0855202387 +0.0926697343 +1.2096740876 -0.7244285643
+9.2000000000 +0.0987265625 +0.0005484414 +0.0010265625 +0.0007378584 +0.0217784546 +0.0002213125 +0.0024334697 +0.0000513807 -6.9466359375 +0.0065371557 +49.9651270508 +0.0874844398 +0.0836975335 +1.2925339906 -0.7102144120
+9.4000000000 +0.0974070312 +0.0005301452 +0.0020148438 +0.0007198303 +0.0207302856 +0.0002083752 +0.0021665537 +0.0000464540 -6.6970828125 +0.0068029439 +46.7021200195 +0.0883665883 +0.0765423381 +1.3408433297 -0.6804965544
+9.6000000000 +0.0968210938 +0.0005118363 +0.0018851562 +0.0007044471 +0.0198533813 +0.0001972273 +0.0019501008 +0.0000417664 -6.4305796875 +0.0069962871 +43.3102764648 +0.0881995056 +0.0698603810 +1.3596676025 -0.6491753361
+9.8000000000 +0.0958062500 +0.0004929312 +0.0014265625 +0.0006873145 +0.0188980835 +0.0001858365 +0.0017385456 +0.0000381793 -6.1626843750 +0.0071387823 +40.0171671875 +0.0873963451 +0.0634726267 +1.3584263101 -0.6226666111
+10.0000000000 +0.0955117188 +0.0004745841 +0.0009351563 +0.0006732536 +0.0181316895 +0.0001729433 +0.0015251342 +0.0000327814 -5.8882953125 +0.0071992073 +36.7451651367 +0.0854019975 +0.0576588866 +1.3268118077 -0.5463587970
+10.2000000000 +0.0953402344 +0.0004649459 +0.0010542969 +0.0006658761 +0.0177367493 +0.0001672955 +0.0014341031 +0.0000305494 -5.6279937500 +0.0071771420 +33.7347683594 +0.0823715843 +0.0542556171 +1.2674846347 -0.5195363020
+10.4000000000 +0.0947304688 +0.0004474228 +0.0010664063 +0.0006515407 +0.0169813477 +0.0001569591 +0.0012738128 +0.0000273101 -5.3836046875 +0.0071159350 +31.0086606445 +0.0791470632 +0.0492768366 +1.1984977593 -0.4724483160
+10.6000000000 +0.0937718750 +0.0004354009 +0.0011210937 +0.0006398216 +0.0163761230 +0.0001499960 +0.0011681290 +0.0000253870 -5.1533187500 +0.0069617443 +28.4953294922 +0.0750050942 +0.0457839004 +1.1042422801 -0.4519356647
+10.8000000000 +0.0928003906 +0.0004240355 +0.0003996094 +0.0006285697 +0.0158041565 +0.0001431033 +0.0010689140 +0.0000239074 -4.9452453125 +0.0068487476 +26.3316649414 +0.0715283010 +0.0426207051 +1.0294725600 -0.4265233144
+11.0000000000 +0.0923125000 +0.0004147403 -0.0000398438 +0.0006205235 +0.0154019775 +0.0001380958 +0.0010000394 +0.0000228050 -4.7523343750 +0.0066501480 +24.3536607422 +0.0674757580 +0.0400313011 +0.9356581714 -0.4052152879
+11.2000000000 +0.0921992188 +0.0004029312 -0.0003640625 +0.0006122643 +0.0149948364 +0.0001305890 +0.0009069850 +0.0000199318 -4.5641375000 +0.0064964647 +22.5195132812 +0.0637060720 +0.0371093742 +0.8613072257 -0.3446070523
+11.4000000000 +0.0918515625 +0.0003939793 +0.0001210937 +0.0006050926 +0.0146454956 +0.0001249299 +0.0008387898 +0.0000187407 -4.4005578125 +0.0063010718 +20.9530493164 +0.0598711352 +0.0348563429 +0.7820943085 -0.3035380584
+11.6000000000 +0.0906750000 +0.0003846117 +0.0000562500 +0.0005945376 +0.0141390015 +0.0001187822 +0.0007642795 +0.0000169528 -4.2511218750 +0.0061077666 +19.5642296875 +0.0561223917 +0.0326457702 +0.7097229448 -0.2743639189
+11.8000000000 +0.0903398437 +0.0003777953 +0.0004164063 +0.0005888609 +0.0138704590 +0.0001146384 +0.0007180678 +0.0000160472 -4.1116984375 +0.0059807931 +18.3368594727 +0.0533670688 +0.0309649986 +0.6576480008 -0.2441207803
+12.0000000000 +0.0895550781 +0.0003738548 -0.0000511719 +0.0005833268 +0.0136108093 +0.0001113658 +0.0006813481 +0.0000142917 -3.9911906250 +0.0058237436 +17.2862421875 +0.0505702111 +0.0298170523 +0.6029509255 -0.2259700951
