# T, am1a, am1e, m1a, m1e, m2a, m2e, m4a, m4e, e1a, e1e, e2a, e2e, susc, spec, bind
+2.0000000000 +0.4989125000 +0.0024982278 +0.0043812500 +0.0035303689 +0.4985593750 +0.0024971634 +0.4979944580 +0.0024962847 -11.9943500000 +0.0003850512 +143.8703625000 +0.0088188856 +1.9971655388 +0.0237223100 +0.3321645315
+2.2000000000 +0.4991250000 +0.0024965602 +0.0040250000 +0.0035299507 +0.4984382813 +0.0024944744 +0.4973368286 +0.0024927370 -11.9886750000 +0.0005427763 +143.7401125000 +0.0124377127 +1.8131819318 +0.0389561798 +0.3327223382
+2.4000000000 +0.4981718750 +0.0024934180 +0.0027781250 +0.0035243894 +0.4968605469 +0.0024895425 +0.4947832703 +0.0024864064 -11.9768625000 +0.0007877326 +143.4700562500 +0.0179924324 +1.6579021989 +0.0689469614 +0.3319257605
+2.6000000000 +0.4971750000 +0.0024887983 +0.0027125000 +0.0035175997 +0.4949476562 +0.0024822862 +0.4914429810 +0.0024771087 -11.9603625000 +0.0010305959 +143.0927562500 +0.0235142964 +1.5247056962 +0.1005564937 +0.3312968980
+2.8000000000 +0.4961125000 +0.0024818468 +0.0017625000 +0.0035089423 +0.4925101562 +0.0024717178 +0.4869418091 +0.0024639485 -11.9360500000 +0.0013323888 +142.5403000000 +0.0302570528 +1.4079002491 +0.1449191786 +0.3308470009
+3.0000000000 +0.4935859375 +0.0024719381 +0.0016265625 +0.0034930057 +0.4880461914 +0.0024572061 +0.4797035526 +0.0024463464 -11.9014125000 +0.0016762067 +141.7560062500 +0.0378898650 +1.3035686064 +0.1997986753 +0.3286796318
+3.2000000000 +0.4896593750 +0.0024579903 +0.0012031250 +0.0034692705 +0.4814349609 +0.0024371446 +0.4693665733 +0.0024221489 -11.8505562500 +0.0020950798 +140.6112578125 +0.0470570004 +1.2083432871 +0.2743349658 +0.3249815348
+3.4000000000 +0.4834500000 +0.0024397472 +0.0006843750 +0.0034344508 +0.4718185547 +0.0024117574 +0.4552757011 +0.0023919508 -11.7866000000 +0.0025239376 +139.1787500000 +0.0563445147 +1.1204454221 +0.3526788097 +0.3182844737
+3.6000000000 +0.4775296875 +0.0024174025 +0.0012140625 +0.0033977438 +0.4617879883 +0.0023814614 +0.4401024769 +0.0023565576 -11.7076000000 +0.0029858614 +137.4245125000 +0.0661698975 +1.0389039371 +0.4402651111 +0.3120651771
+3.8000000000 +0.4690828125 +0.0023884921 -0.0007765625 +0.0033475135 +0.4482344727 +0.0023427953 +0.4204617298 +0.0023107521 -11.6087375000 +0.0034660448 +135.2433250000 +0.0762344779 +0.9608243692 +0.5324528045 +0.3024188929
+4.0000000000 +0.4586468750 +0.0023562701 -0.0003906250 +0.0032879977 +0.4324373047 +0.0023008208 +0.3987530739 +0.0022608342 -11.4940750000 +0.0039429701 +132.7356406250 +0.0860171138 +0.8883213950 +0.6218805194 +0.2892178944
+4.2000000000 +0.4478437500 +0.0023191682 -0.0001187500 +0.0032237620 +0.4157056641 +0.0022532541 +0.3758973564 +0.0022041267 -11.3641062500 +0.0043890580 +129.9134640625 +0.0950263292 +0.8195871987 +0.6989144682 +0.2749363500
+4.4000000000 +0.4338781250 +0.0022767784 -0.0013281250 +0.0031448261 +0.3955990234 +0.0021990778 +0.3499363167 +0.0021380798 -11.2136625000 +0.0048408295 +126.6835718750 +0.1037962180 +0.7539956221 +0.7746654637 +0.2546550044
+4.6000000000 +0.4179312500 +0.0022286392 -0.0024250000 +0.0030550530 +0.3733398438 +0.0021391550 +0.3224220078 +0.0020655291 -11.0556937500 +0.0052314399 +123.3230828125 +0.1111322798 +0.6910376140 +0.8277644754 +0.2289283414
+4.8000000000 +0.4008015625 +0.0021761547 -0.0016109375 +0.0029583157 +0.3500678711 +0.0020733672 +0.2945015789 +0.0019850616 -10.8875187500 +0.0055825821 +119.7846734375 +0.1173573489 +0.6314199286 +0.8657006291 +0.1989458663
+5.0000000000 +0.3835968750 +0.0021210770 -0.0022625000 +0.0028596335 +0.3271052734 +0.0020044326 +0.2677078667 +0.0019004898 -10.7101500000 +0.0058712277 +116.0861656250 +0.1221362967 +0.5758678750 +0.8824656656 +0.1660024263
+5.2000000000 +0.3660718750 +0.0020613821 -0.0034281250 +0.0027566679 +0.3039804688 +0.0019287271 +0.2412036469 +0.0018072687 -10.5376062500 +0.0060700272 +112.5149546875 +0.1250571688 +0.5229903110 +0.8720764541 +0.1298958214
+5.4000000000 +0.3467437500 +0.0019949351 -0.0025812500 +0.0026429870 +0.2794218750 +0.0018453282 +0.2142860275 +0.0017058209 -10.3529687500 +0.0062835082 +108.7632609375 +0.1276967163 +0.4716759906 +0.8665563781 +0.0851459942
+5.6000000000 +0.3323828125 +0.0019385600 -0.0010359375 +0.0025534186 +0.2607989258 +0.0017735891 +0.1938408161 +0.0016178002 -10.1916437500 +0.0064199503 +105.5182328125 +0.1286839240 +0.4294874050 +0.8411380028 +0.0500245579
+5.8000000000 +0.3174812500 +0.0018812655 -0.0010218750 +0.0024615021 +0.2423607422 +0.0017029651 +0.1747423302 +0.0015339854 -10.0324812500 +0.0065530342 +102.3683703125 +0.1294462754 +0.3905279947 +0.8169751633 +0.0083639188
+6.0000000000 +0.3016781250 +0.0018183035 -0.0020437500 +0.0023624913 +0.2232587891 +0.0016239435 +0.1553321922 +0.0014387500 -9.8682812500 +0.0066680122 +99.1614703125 +0.1295975263 +0.3526642612 +0.7904424371 -0.0387788226
+6.2000000000 +0.2866578125 +0.0017581635 -0.0038140625 +0.0022682797 +0.2058182617 +0.0015493580 +0.1383815624 +0.0013507335 -9.7151125000 +0.0067758274 +96.2198843750 +0.1294220483 +0.3190853168 +0.7644010353 -0.0889029219
+6.4000000000 +0.2750062500 +0.0017011448 -0.0028343750 +0.0021873280 +0.1913841797 +0.0014794637 +0.1241804146 +0.0012681350 -9.5626687500 +0.0069188925 +93.3594765625 +0.1292656616 +0.2893893554 +0.7479855235 -0.1301075612
+6.6000000000 +0.2642984375 +0.0016497051 -0.0026765625 +0.0021136910 +0.1787147461 +0.0014152448 +0.1120556728 +0.0011936865 -9.4227500000 +0.0070748806 +90.7903750000 +0.1295939841 +0.2639056534 +0.7354113636 -0.1694773529
+6.8000000000 +0.2543203125 +0.0015987680 -0.0028265625 +0.0020427506 +0.1669211914 +0.0013528912 +0.1010752689 +0.0011219215 -9.2770062500 +0.0072639688 +88.1734546875 +0.1299653574 +0.2405702825 +0.7303147837 -0.2092071296
+7.0000000000 +0.2457828125 +0.0015490506 -0.0011484375 +0.0019773099 +0.1563915039 +0.0012910224 +0.0911278522 +0.0010491674 -9.1372062500 +0.0074301977 +85.6968515625 +0.1300877650 +0.2193881440 +0.7210819616 -0.2419484450
+7.2000000000 +0.2378984375 +0.0015019530 -0.0019921875 +0.0019158954 +0.1468301758 +0.0012347327 +0.0825416981 +0.0009837696 -8.9880250000 +0.0077176751 +83.1670937500 +0.1314837588 +0.2005211316 +0.7353396140 -0.2762081300
+7.4000000000 +0.2309718750 +0.0014586190 -0.0021187500 +0.0018604186 +0.1384507812 +0.0011816686 +0.0750222458 +0.0009214184 -8.8415437500 +0.0080088711 +80.7385765625 +0.1329388476 +0.1840059983 +0.7496510385 -0.3046018331
+7.6000000000 +0.2253359375 +0.0014205229 -0.0022609375 +0.0018130540 +0.1314916992 +0.0011366389 +0.0689679897 +0.0008693203 -8.6908250000 +0.0083790637 +78.3387875000 +0.1351240277 +0.1699271884 +0.7779358225 -0.3296264242
+7.8000000000 +0.2195078125 +0.0013800087 -0.0024140625 +0.0017631989 +0.1243606445 +0.0010895193 +0.0629476643 +0.0008194946 -8.5414875000 +0.0086761086 +75.9680031250 +0.1369738454 +0.1562604406 +0.7918459993 -0.3567269023
+8.0000000000 +0.2141421875 +0.0013381502 -0.0013234375 +0.0017137748 +0.1174827148 +0.0010390496 +0.0569871548 +0.0007614847 -8.3793750000 +0.0090098855 +73.4610468750 +0.1385511842 +0.1432516768 +0.8117803711 -0.3762830836
+8.2000000000 +0.2098125000 +0.0013091196 -0.0017625000 +0.0016775722 +0.1125730469 +0.0010092813 +0.0534186371 +0.0007333437 -8.2095437500 +0.0094520656 +70.9702703125 +0.1416207025 +0.1337595351 +0.8503656703 -0.4050853545
+8.4000000000 +0.2043906250 +0.0012688025 -0.0014000000 +0.0016291713 +0.1061699219 +0.0009664403 +0.0486323288 +0.0006916600 -8.0219125000 +0.0098780903 +68.2541468750 +0.1443604171 +0.1226559891 +0.8850491423 -0.4381388427
+8.6000000000 +0.2001890625 +0.0012346897 -0.0013984375 +0.0015894342 +0.1010540039 +0.0009291621 +0.0447455967 +0.0006511176 -7.8491312500 +0.0101933797 +65.7650609375 +0.1458549123 +0.1134480803 +0.8991237551 -0.4605687288
+8.8000000000 +0.1968406250 +0.0012046607 -0.0013468750 +0.0015555764 +0.0967945312 +0.0008969279 +0.0415483704 +0.0006198619 -7.6645875000 +0.0106145592 +63.2526562500 +0.1479400714 +0.1055423629 +0.9311476663 -0.4781928509
+9.0000000000 +0.1938687500 +0.0011701953 -0.0013000000 +0.0015195204 +0.0923593750 +0.0008621785 +0.0382643250 +0.0005881225 -7.4575750000 +0.0110512868 +60.5006625000 +0.1503910944 +0.0973765027 +0.9649852088 -0.4952397383
+9.2000000000 +0.1909203125 +0.0011392149 -0.0008796875 +0.0014862891 +0.0883629883 +0.0008266468 +0.0351418171 +0.0005484545 -7.2563812500 +0.0113802236 +57.8354484375 +0.1513930546 +0.0902824740 +0.9792778057 -0.5002449385
+9.4000000000 +0.1883062500 +0.0011114322 -0.0012187500 +0.0014566144 +0.0848705078 +0.0007940414 +0.0324230751 +0.0005146408 -7.0825312500 +0.0116300387 +55.5725609375 +0.1518080802 +0.0841042792 +0.9796852929 -0.5004424622
+9.6000000000 +0.1857859375 +0.0010816574 -0.0006265625 +0.0014257921 +0.0813157227 +0.0007635485 +0.0299325001 +0.0004848241 -6.9000625000 +0.0118475011 +53.2253937500 +0.1518956699 +0.0779988468 +0.9747450080 -0.5089424822
+9.8000000000 +0.1844734375 +0.0010590145 -0.0002421875 +0.0014043758 +0.0788909180 +0.0007407344 +0.0281712765 +0.0004627947 -6.6913062500 +0.0121398077 +50.6685765625 +0.1523008503 +0.0732415818 +0.9820903342 -0.5087985294
+10.0000000000 +0.1824187500 +0.0010341881 -0.0000718750 +0.0013789343 +0.0760583984 +0.0007145481 +0.0262080421 +0.0004411232 -6.5143687500 +0.0122682531 +48.4574015625 +0.1517690106 +0.0684508769 +0.9632642162 -0.5101461204
+10.2000000000 +0.1798218750 +0.0010060029 -0.0002000000 +0.0013492362 +0.0728175781 +0.0006873928 +0.0242027557 +0.0004212446 -6.3324500000 +0.0124565578 +46.3065562500 +0.1510385088 +0.0635006610 +0.9544995383 -0.5214970064
+10.4000000000 +0.1792031250 +0.0009871453 -0.0002093750 +0.0013331537 +0.0710919922 +0.0006681803 +0.0229126701 +0.0003988058 -6.1256562500 +0.0125818038 +43.8557359375 +0.1498124162 +0.0599665110 +0.9366969592 -0.5111691502
+10.6000000000 +0.1782484375 +0.0009667804 +0.0009796875 +0.0013148966 +0.0691590820 +0.0006468197 +0.0215180088 +0.0003791683 -5.9322250000 +0.0127317765 +41.6752187500 +0.1487025967 +0.0564325684 +0.9233072694 -0.4996240126
+10.8000000000 +0.1767375000 +0.0009476893 +0.0018718750 +0.0012957357 +0.0671607422 +0.0006244483 +0.0201079948 +0.0003543839 -5.7504687500 +0.0128346681 +39.6570390625 +0.1474100335 +0.0532216271 +0.9038612096 -0.4859922238
+11.0000000000 +0.1769531250 +0.0009319378 +0.0010812500 +0.0012850250 +0.0660527344 +0.0006148715 +0.0194856445 +0.0003532143 -5.5720812500 +0.0128681562 +37.6716671875 +0.1452402252 +0.0505313832 +0.8758449892 -0.4887162175
+11.2000000000 +0.1760812500 +0.0009141210 +0.0006250000 +0.0012691425 +0.0644292969 +0.0005941278 +0.0182706467 +0.0003337859 -5.4081937500 +0.0128766425 +35.8808765625 +0.1429941780 +0.0477495575 +0.8459587914 -0.4671208209
+11.4000000000 +0.1753343750 +0.0008936468 +0.0001500000 +0.0012518617 +0.0626863281 +0.0005741439 +0.0171152222 +0.0003180859 -5.2469625000 +0.0128710250 +34.1571468750 +0.1404924173 +0.0448339440 +0.8158241180 -0.4518295212
+11.6000000000 +0.1741875000 +0.0008782129 +0.0007812500 +0.0012368406 +0.0611916016 +0.0005594885 +0.0162655052 +0.0003043961 -5.0953625000 +0.0128895304 +32.6083187500 +0.1390766558 +0.0425521606 +0.7902021098 -0.4479803305
+11.8000000000 +0.1736859375 +0.0008596774 +0.0015171875 +0.0012219484 +0.0597286133 +0.0005373871 +0.0151189014 +0.0002813123 -4.9335375000 +0.0127703406 +30.8630562500 +0.1353510090 +0.0400838080 +0.7495850602 -0.4126485159
+12.0000000000 +0.1718484375 +0.0008457737 +0.0001203125 +0.0012056658 +0.0581452148 +0.0005220570 +0.0142826077 +0.0002653463 -4.7870187500 +0.0127041823 +29.3713984375 +0.1326913150 +0.0381511058 +0.7173166583 -0.4081803904
