# T, am1a, am1e, m1a, m1e, m2a, m2e, m4a, m4e, e1a, e1e, e2a, e2e, susc, spec, bind
+2.0000000000 +0.2820757812 +0.0022487113 -0.0539492187 +0.0026406643 +0.2818348389 +0.0022469188 +0.2813766375 +0.0022437398 -11.9943250000 +0.0001907416 +143.8652875000 +0.0045261355 +6.4725789600 +0.0232847100 -0.1808029416
+2.2000000000 +0.2834335937 +0.0022504334 -0.0550085938 +0.0026452159 +0.2829126221 +0.0022466001 +0.2819280410 +0.0022398727 -11.9878093750 +0.0002811555 +143.7107355469 +0.0066668009 +5.8931787638 +0.0418107178 -0.1741196901
+2.4000000000 +0.2839609375 +0.0022494521 -0.0561687500 +0.0026451856 +0.2830352051 +0.0022426668 +0.2812910959 +0.0022308144 -11.9776656250 +0.0003831664 +143.4703464844 +0.0090758095 +5.3973704281 +0.0652517785 -0.1704525547
+2.6000000000 +0.2857414062 +0.0022499165 -0.0571210937 +0.0026498600 +0.2841331299 +0.0022382639 +0.2811246529 +0.0022181284 -11.9617093750 +0.0005077870 +143.0928050781 +0.0120067760 +4.9842456280 +0.0976464489 -0.1607372631
+2.8000000000 +0.2877625000 +0.0022491924 -0.0570359375 +0.0026547543 +0.2851619141 +0.0022305675 +0.2803345761 +0.0021987170 -11.9396468750 +0.0006452819 +142.5718230469 +0.0152203440 +4.6252493179 +0.1359636504 -0.1491384848
+3.0000000000 +0.2888273438 +0.0022435849 -0.0552921875 +0.0026538224 +0.2847681641 +0.0022151000 +0.2773596190 +0.0021674453 -11.9066578125 +0.0008200168 +141.7953973633 +0.0192707031 +4.2954011640 +0.1912682618 -0.1400899221
+3.2000000000 +0.2924402344 +0.0022408504 -0.0562582031 +0.0026608867 +0.2863777039 +0.0021993544 +0.2754985887 +0.0021313637 -11.8637531250 +0.0010071870 +140.7892152344 +0.0235687727 +4.0171282635 +0.2536063964 -0.1197465124
+3.4000000000 +0.2970328125 +0.0022345764 -0.0539226562 +0.0026695229 +0.2879617554 +0.0021751073 +0.2721656478 +0.0020808015 -11.8038078125 +0.0012448520 +139.3918651367 +0.0289345692 +3.7596849632 +0.3431765386 -0.0940632479
+3.6000000000 +0.3024734375 +0.0022241518 -0.0559867187 +0.0026750220 +0.2893642212 +0.0021421100 +0.2672770552 +0.0020163111 -11.7265796875 +0.0014959877 +137.6021903320 +0.0345188031 +3.5177607253 +0.4420699494 -0.0640223745
+3.8000000000 +0.3086929688 +0.0022061819 -0.0553398437 +0.0026782382 +0.2899808960 +0.0020965457 +0.2599090782 +0.0019359397 -11.6271078125 +0.0017902292 +135.3178329102 +0.0409103291 +3.2789818449 +0.5681853813 -0.0302945902
+4.0000000000 +0.3123042969 +0.0021728215 -0.0557300781 +0.0026611758 +0.2863801086 +0.0020316215 +0.2471129971 +0.0018347254 -11.5019328125 +0.0021122415 +132.4729209961 +0.0477118523 +3.0215381567 +0.7138502913 -0.0043582107
+4.2000000000 +0.3105910156 +0.0021162799 -0.0536792969 +0.0026111824 +0.2756124084 +0.0019400465 +0.2265134203 +0.0017063433 -11.3365421875 +0.0025066065 +128.7685118164 +0.0557956020 +2.7298381632 +0.9118296506 +0.0060257110
+4.4000000000 +0.3055683594 +0.0020364557 -0.0511832031 +0.0025329744 +0.2592580994 +0.0018218697 +0.1999831302 +0.0015523948 -11.1346968750 +0.0028778184 +124.3127480469 +0.0630872697 +2.4128883944 +1.0951191694 +0.0082380517
+4.6000000000 +0.2907187500 +0.0019288464 -0.0477375000 +0.0024034166 +0.2333353271 +0.0016765205 +0.1668742151 +0.0013740649 -10.9008531250 +0.0031700679 +119.2305720703 +0.0683652524 +2.0705104076 +1.2157980113 -0.0216614080
+4.8000000000 +0.2713957031 +0.0018019439 -0.0437316406 +0.0022451238 +0.2035356995 +0.0015132300 +0.1330213875 +0.0011843280 -10.6494156250 +0.0033334954 +113.8545408203 +0.0707320252 +1.7317342905 +1.2346879620 -0.0703332835
+5.0000000000 +0.2506535156 +0.0016740917 -0.0397238281 +0.0020817812 +0.1749304993 +0.0013540981 +0.1039439484 +0.0010061737 -10.4112062500 +0.0033920002 +108.8534421875 +0.0707566765 +1.4349224240 +1.1781801151 -0.1322618737
+5.2000000000 +0.2295824219 +0.0015486126 -0.0348933594 +0.0019197564 +0.1486361267 +0.0012018984 +0.0798750840 +0.0008426214 -10.1948015625 +0.0033450104 +104.3815426758 +0.0686229692 +1.1806527788 +1.0593225492 -0.2051505803
+5.4000000000 +0.2079191406 +0.0014202365 -0.0260925781 +0.0017552237 +0.1239132385 +0.0010507731 +0.0595194583 +0.0006891342 -9.9939218750 +0.0032484783 +100.3005789062 +0.0654748271 +0.9562414161 +0.9264295476 -0.2921183676
+5.6000000000 +0.1894078125 +0.0013100274 -0.0207843750 +0.0016131507 +0.1045221924 +0.0009248285 +0.0451371957 +0.0005663669 -9.8226937500 +0.0031453198 +96.8810339844 +0.0622263973 +0.7845356908 +0.8075948532 -0.3771977276
+5.8000000000 +0.1736769531 +0.0012134906 -0.0152824219 +0.0014902391 +0.0890660583 +0.0008187161 +0.0347446077 +0.0004704883 -9.6718984375 +0.0030917957 +93.9279874023 +0.0601198919 +0.6499572337 +0.7274540158 -0.4599624714
+6.0000000000 +0.1604683594 +0.0011296447 -0.0122332031 +0.0013842356 +0.0767939758 +0.0007309751 +0.0272702989 +0.0003960353 -9.5360375000 +0.0030722308 +91.3135552734 +0.0587534312 +0.5444680690 +0.6711894614 -0.5413963889
+6.2000000000 +0.1492601562 +0.0010552021 -0.0099812500 +0.0012914819 +0.0668166504 +0.0006530011 +0.0215208840 +0.0003296198 -9.4077968750 +0.0030738531 +88.8845849609 +0.0577749617 +0.4597476764 +0.6292493980 -0.6068282266
+6.4000000000 +0.1404820313 +0.0009914783 -0.0078773437 +0.0012144373 +0.0590563721 +0.0005875529 +0.0172963920 +0.0002767470 -9.2830187500 +0.0031189676 +86.5635554687 +0.0576073921 +0.3932117097 +0.6079974311 -0.6531061324
+6.6000000000 +0.1324390625 +0.0009313515 -0.0056070313 +0.0011424239 +0.0522367310 +0.0005284782 +0.0139002429 +0.0002313886 -9.1585093750 +0.0031897088 +84.2852636719 +0.0578613147 +0.3364521278 +0.5979352799 -0.6980448428
+6.8000000000 +0.1265847656 +0.0008874016 -0.0044488281 +0.0010897612 +0.0475229675 +0.0004864087 +0.0117221711 +0.0002006192 -9.0454656250 +0.0032878359 +82.2528429688 +0.0586987426 +0.2964636672 +0.5984700286 -0.7301338227
+7.0000000000 +0.1213394531 +0.0008469097 -0.0032308594 +0.0010416702 +0.0434135071 +0.0004506122 +0.0100067884 +0.0001772141 -8.9248921875 +0.0034261315 +80.1232356445 +0.0601157057 +0.2623108041 +0.6132703165 -0.7697980744
+7.2000000000 +0.1163062500 +0.0008066408 -0.0027773437 +0.0009943114 +0.0395539185 +0.0004168895 +0.0085163863 +0.0001573053 -8.7938281250 +0.0035913756 +77.8473322266 +0.0618943920 +0.2313491082 +0.6369372031 -0.8144920564
+7.4000000000 +0.1118308594 +0.0007708427 -0.0023957031 +0.0009522124 +0.0362740784 +0.0003879530 +0.0073361098 +0.0001407037 -8.6684531250 +0.0037747242 +75.7120212891 +0.0639179779 +0.2055605385 +0.6661115661 -0.8584539084
+7.6000000000 +0.1089519531 +0.0007400159 -0.0024003906 +0.0009188268 +0.0337754700 +0.0003622629 +0.0063901583 +0.0001256510 -8.5261078125 +0.0040297633 +73.3440741211 +0.0667509267 +0.1844626685 +0.7197337293 -0.8671858967
+7.8000000000 +0.1065355469 +0.0007137310 -0.0019128906 +0.0008905425 +0.0317263000 +0.0003415363 +0.0056724405 +0.0001137424 -8.3779359375 +0.0042658667 +70.9177153320 +0.0692435800 +0.1671916086 +0.7657117782 -0.8784941063
+8.0000000000 +0.1040121094 +0.0006859351 -0.0016785156 +0.0008607552 +0.0296388000 +0.0003193114 +0.0049568482 +0.0001005003 -8.2253218750 +0.0045314859 +68.4772945312 +0.0719227696 +0.1505622492 +0.8213745839 -0.8808888397
+8.2000000000 +0.1014007813 +0.0006571559 -0.0013640625 +0.0008299761 +0.0275562744 +0.0002986236 +0.0043263913 +0.0000898416 -8.0528890625 +0.0048065962 +65.7731569336 +0.0744877491 +0.1348226808 +0.8796046931 -0.8991686836
+8.4000000000 +0.0995781250 +0.0006321540 -0.0015281250 +0.0008046461 +0.0259005493 +0.0002803811 +0.0038153820 +0.0000799509 -7.8616281250 +0.0051601564 +62.8702853516 +0.0778085815 +0.1217885435 +0.9660667354 -0.8958275259
+8.6000000000 +0.0975605469 +0.0006058535 -0.0012519531 +0.0007777986 +0.0242003967 +0.0002617692 +0.0033265838 +0.0000711229 -7.6633828125 +0.0055089910 +59.9413954102 +0.0807498283 +0.1092638990 +1.0504785542 -0.8933558163
+8.8000000000 +0.0959902344 +0.0005841756 -0.0013214844 +0.0007560229 +0.0228645691 +0.0002469540 +0.0029622391 +0.0000643264 -7.4437937500 +0.0058878306 +56.7967273437 +0.0838993825 +0.0992759563 +1.1460016126 -0.8887427765
+9.0000000000 +0.0947878906 +0.0005605299 -0.0013761719 +0.0007340062 +0.0215524963 +0.0002312064 +0.0026027662 +0.0000575994 -7.2068453125 +0.0062062454 +53.4793186523 +0.0858484169 +0.0893706818 +1.2173426521 -0.8677499890
+9.2000000000 +0.0945925781 +0.0005413057 -0.0004910156 +0.0007188183 +0.0206682312 +0.0002180985 +0.0023298542 +0.0000511833 -6.9548000000 +0.0065078598 +50.0633326172 +0.0872346789 +0.0815337417 +1.2809751056 -0.8180292226
+9.4000000000 +0.0941285156 +0.0005219659 -0.0010511719 +0.0007027981 +0.0197581116 +0.0002054674 +0.0020790568 +0.0000460885 -6.6937218750 +0.0067642373 +46.6361087891 +0.0878864547 +0.0741987004 +1.3256287907 -0.7752283929
+9.6000000000 +0.0933871094 +0.0005032965 -0.0009425781 +0.0006865231 +0.0188534485 +0.0001932519 +0.0018493050 +0.0000418265 -6.4216921875 +0.0069880395 +43.1914383789 +0.0881225404 +0.0675486419 +1.3564637694 -0.7342260283
+9.8000000000 +0.0931832031 +0.0004858264 -0.0008566406 +0.0006731171 +0.0181242004 +0.0001816664 +0.0016485939 +0.0000372380 -6.1548937500 +0.0070721914 +39.8833527344 +0.0865835771 +0.0616561051 +1.3332016064 -0.6729182858
+10.0000000000 +0.0933253906 +0.0004695377 -0.0003785156 +0.0006619688 +0.0175282532 +0.0001705214 +0.0014703421 +0.0000321150 -5.8796312500 +0.0071268981 +36.6017707031 +0.0844707665 +0.0564391977 +1.3002925230 -0.5952173647
+10.2000000000 +0.0929585937 +0.0004555236 -0.0002781250 +0.0006507936 +0.0169413696 +0.0001617886 +0.0013340327 +0.0000303595 -5.6250156250 +0.0071379583 +33.6788187500 +0.0819857878 +0.0520788673 +1.2536827180 -0.5493451619
+10.4000000000 +0.0924101563 +0.0004401350 -0.0009664063 +0.0006381116 +0.0162883911 +0.0001518059 +0.0011871130 +0.0000265143 -5.3847250000 +0.0070925673 +31.0074437500 +0.0790307737 +0.0476846408 +1.1906393044 -0.4914697248
+10.6000000000 +0.0917570312 +0.0004224947 -0.0014414062 +0.0006236455 +0.0155594238 +0.0001420745 +0.0010495019 +0.0000230326 -5.1582359375 +0.0069967901 +28.5656008789 +0.0754867457 +0.0431098629 +1.1153879057 -0.4450236860
+10.8000000000 +0.0916945313 +0.0004200052 -0.0014023437 +0.0006217334 +0.0154640625 +0.0001404823 +0.0010285487 +0.0000232187 -4.9542734375 +0.0068551817 +26.4245659180 +0.0719854583 +0.0418143730 +1.0314077500 -0.4336938332
+11.0000000000 +0.0915183594 +0.0004104766 -0.0013722656 +0.0006146822 +0.0151152527 +0.0001340352 +0.0009470880 +0.0000204690 -4.7596812500 +0.0066939536 +24.4469261719 +0.0679043834 +0.0392124659 +0.9480254256 -0.3817779361
+11.2000000000 +0.0909535156 +0.0004001666 -0.0013550781 +0.0006057235 +0.0146778748 +0.0001278873 +0.0008696465 +0.0000185489 -4.5873750000 +0.0064469768 +22.7065498047 +0.0634838527 +0.0366019014 +0.8482349051 -0.3455354659
+11.4000000000 +0.0907117188 +0.0003917090 -0.0008828125 +0.0005992761 +0.0143660522 +0.0001234627 +0.0008161047 +0.0000171992 -4.4176515625 +0.0063232965 +21.1150084961 +0.0603658268 +0.0344557829 +0.7876211356 -0.3181041842
+11.6000000000 +0.0898035156 +0.0003847835 -0.0009363281 +0.0005913148 +0.0139870056 +0.0001185013 +0.0007573386 +0.0000160781 -4.2585078125 +0.0061299450 +19.6379377930 +0.0566769772 +0.0326749473 +0.7148865654 -0.2903851292
+11.8000000000 +0.0897101563 +0.0003792037 -0.0009148437 +0.0005873435 +0.0137997314 +0.0001157564 +0.0007264145 +0.0000155628 -4.1182125000 +0.0060119807 +18.4054306641 +0.0539165857 +0.0311963081 +0.6645246625 -0.2715165074
+12.0000000000 +0.0894937500 +0.0003740593 -0.0014585938 +0.0005831770 +0.0136059448 +0.0001115588 +0.0006829366 +0.0000135488 -3.9949812500 +0.0058405824 +17.3243712891 +0.0506149165 +0.0298496722 +0.6064427116 -0.2297072077
