# T, am1a, am1e, m1a, m1e, m2a, m2e, m4a, m4e, e1a, e1e, e2a, e2e, susc, spec, bind
+2.0000000000 +0.3027059028 +0.0022958363 -0.0421559028 +0.0027417527 +0.3024654273 +0.0022940672 +0.3019951139 +0.0022907120 -11.9938444444 +0.0001322069 +143.8530037037 +0.0031561783 +15.1800885864 +0.0251692623 -0.1003407082
+2.2000000000 +0.3062451389 +0.0023019695 -0.0337402778 +0.0027595752 +0.3057486208 +0.0022983567 +0.3047799534 +0.0022915328 -11.9872861111 +0.0001924356 +143.6965095679 +0.0045903369 +13.8739114252 +0.0440704940 -0.0867662192
+2.4000000000 +0.3070130208 +0.0023015463 -0.0238880208 +0.0027639237 +0.3061416052 +0.0022952275 +0.3044454514 +0.0022833212 -11.9768409722 +0.0002616030 +143.4474571180 +0.0062340447 +12.7130766131 +0.0684361042 -0.0827882270
+2.6000000000 +0.3039855903 +0.0022922114 -0.0126970486 +0.0027496152 +0.3025765709 +0.0022819814 +0.2998501398 +0.0022628830 -11.9609902778 +0.0003476470 +143.0701227623 +0.0082697645 +11.6401476098 +0.1029799656 -0.0917228681
+2.8000000000 +0.2970725694 +0.0022728001 -0.0037190972 +0.0027150649 +0.2948769242 +0.0022566763 +0.2906559248 +0.0022268409 -11.9374152778 +0.0004452957 +142.5098150463 +0.0105712960 +10.6264189375 +0.1456812038 -0.1142338543
+3.0000000000 +0.2897477431 +0.0022496030 +0.0061734375 +0.0026755569 +0.2863822977 +0.0022246444 +0.2799765306 +0.0021790843 -11.9049354167 +0.0005571473 +141.7399038001 +0.0131873773 +9.7165700683 +0.1986644031 -0.1379103157
+3.2000000000 +0.2836119792 +0.0022245528 +0.0149144097 +0.0026370378 +0.2783811668 +0.0021857071 +0.2685887028 +0.0021162530 -11.8593458333 +0.0006918383 +140.6632292052 +0.0163065009 +8.9075435438 +0.2692351503 -0.1552787506
+3.4000000000 +0.2848319444 +0.0022122773 +0.0185711806 +0.0026294067 +0.2768960672 +0.0021544422 +0.2623362830 +0.0020533788 -11.8016770833 +0.0008331103 +139.3073448881 +0.0195360117 +8.2913010628 +0.3458355431 -0.1405216432
+3.6000000000 +0.2929154514 +0.0022088189 +0.0246095486 +0.0026474000 +0.2809547056 +0.0021254510 +0.2596372285 +0.0019845095 -11.7259618056 +0.0010121618 +137.5391591242 +0.0235560697 +7.8062097569 +0.4553206545 -0.0964102560
+3.8000000000 +0.3046529514 +0.0022022664 +0.0422644097 +0.0026693924 +0.2868125133 +0.0020857507 +0.2562756511 +0.0018976959 -11.6286416667 +0.0012169069 +135.2845415123 +0.0280747301 +7.3515445568 +0.5907041613 -0.0384603058
+4.0000000000 +0.3140375000 +0.0021743856 +0.0834524306 +0.0026494026 +0.2877376664 +0.0020140175 +0.2450436220 +0.0017690831 -11.4976340278 +0.0014475619 +132.2794056520 +0.0330149523 +6.8082521390 +0.7543567376 +0.0134281616
+4.2000000000 +0.3210932292 +0.0021225409 +0.1282842014 +0.0025828822 +0.2833080572 +0.0019099704 +0.2261829366 +0.0016048174 -11.3315812500 +0.0017003350 +128.5203791859 +0.0382198202 +6.1785324146 +0.9440453926 +0.0606645091
+4.4000000000 +0.3156819444 +0.0020356436 +0.1459906250 +0.0024703017 +0.2654088903 +0.0017729000 +0.1961688591 +0.0014172154 -11.1380888889 +0.0019653419 +124.2115268518 +0.0434089387 +5.4246698276 +1.1491940458 +0.0717223822
+4.6000000000 +0.3039560764 +0.0019153199 +0.1337293403 +0.0023518279 +0.2391273160 +0.0016083931 +0.1606590096 +0.0012145661 -10.8939527778 +0.0022440403 +118.8796358025 +0.0485675819 +4.5935380063 +1.3707811736 +0.0634618956
+4.8000000000 +0.2688107639 +0.0017331977 +0.0962215278 +0.0021398576 +0.1924181978 +0.0013901727 +0.1143279644 +0.0009745429 -10.6106479167 +0.0024006250 +112.8163692323 +0.0508824539 +3.6047691311 +1.4407501299 -0.0292927901
+5.0000000000 +0.2214451389 +0.0015084228 +0.0493513889 +0.0018548313 +0.1400515191 +0.0011424422 +0.0718213963 +0.0007390340 -10.3312312500 +0.0023859334 +106.9620462770 +0.0495270759 +2.6211908033 +1.3115931035 -0.2205538413
+5.2000000000 +0.1773088542 +0.0012614358 +0.0240998264 +0.0015370950 +0.0950872384 +0.0008768825 +0.0397985010 +0.0005105285 -10.0769069444 +0.0022263258 +101.7423146219 +0.0452054370 +1.7625823923 +1.0558281031 -0.4672394347
+5.4000000000 +0.1480376736 +0.0010674257 +0.0152876736 +0.0012967011 +0.0674910602 +0.0006717074 +0.0226026785 +0.0003458080 -9.8768409722 +0.0020590216 +97.7215703897 +0.0409410415 +1.2153575313 +0.8374459214 -0.6540405476
+5.6000000000 +0.1292168403 +0.0009309206 +0.0093085069 +0.0011321978 +0.0513615198 +0.0005310736 +0.0139195740 +0.0002395093 -9.7240000000 +0.0019525219 +94.7086696759 +0.0381478260 +0.8913735774 +0.7002260629 -0.7588506206
+5.8000000000 +0.1168196181 +0.0008320706 +0.0070526042 +0.0010160062 +0.0413404839 +0.0004329481 +0.0092067992 +0.0001701451 -9.5902979167 +0.0019062241 +92.1191617477 +0.0366273253 +0.6875667504 +0.6221776720 -0.7957104274
+6.0000000000 +0.1068743056 +0.0007562422 +0.0052687500 +0.0009256140 +0.0342982084 +0.0003621495 +0.0064224568 +0.0001247854 -9.4672937500 +0.0018948977 +89.7732764468 +0.0358673458 +0.5490261898 +0.5745019919 -0.8198561726
+6.2000000000 +0.0999656250 +0.0007007495 +0.0039215278 +0.0008605193 +0.0296351201 +0.0003128801 +0.0047939988 +0.0000945860 -9.3534625000 +0.0019328640 +87.6366992670 +0.0360621562 +0.4562011486 +0.5598113435 -0.8195470362
+6.4000000000 +0.0944423611 +0.0006579380 +0.0034968750 +0.0008096670 +0.0262346571 +0.0002792542 +0.0038075739 +0.0000771357 -9.2409215278 +0.0019887153 +85.5528302276 +0.0365996908 +0.3895941948 +0.5561702757 -0.8440653310
+6.6000000000 +0.0901262153 +0.0006210666 +0.0032498264 +0.0007671558 +0.0235516843 +0.0002513702 +0.0030821610 +0.0000638404 -9.1301875000 +0.0020547874 +83.5292098380 +0.0373135848 +0.3366316274 +0.5583010011 -0.8522095992
+6.8000000000 +0.0864986111 +0.0005902539 +0.0022774306 +0.0007316558 +0.0214179953 +0.0002294032 +0.0025637628 +0.0000542244 -9.0160541667 +0.0021454181 +81.4733454861 +0.0384110964 +0.2951149881 +0.5733615047 -0.8629403513
+7.0000000000 +0.0829482639 +0.0005598484 +0.0017666667 +0.0006966797 +0.0194176239 +0.0002077588 +0.0021035925 +0.0000444493 -8.8998506944 +0.0022449985 +79.4089431134 +0.0395984146 +0.2579083088 +0.5924592883 -0.8597226789
+7.2000000000 +0.0803611111 +0.0005366219 +0.0011350694 +0.0006703571 +0.0179764323 +0.0001929803 +0.0018128081 +0.0000390360 -8.7770611111 +0.0023727976 +77.2620084877 +0.0412128996 +0.2303704823 +0.6255742763 -0.8699223457
+7.4000000000 +0.0778024306 +0.0005135087 +0.0009875000 +0.0006442028 +0.0166008656 +0.0001784536 +0.0015494158 +0.0000330990 -8.6508888889 +0.0025103248 +75.0899478009 +0.0429327603 +0.2052515178 +0.6628555434 -0.8740676455
+7.6000000000 +0.0760187500 +0.0004951776 +0.0009621528 +0.0006242187 +0.0155868851 +0.0001677320 +0.0013683125 +0.0000300604 -8.5188611111 +0.0026675693 +72.8556316744 +0.0448197324 +0.1858364484 +0.7096214393 -0.8773504724
+7.8000000000 +0.0735697917 +0.0004713669 +0.0007114583 +0.0005979021 +0.0142999831 +0.0001526934 +0.0011371001 +0.0000243335 -8.3689902778 +0.0028268814 +70.3596486111 +0.0465906933 +0.1640763485 +0.7565688558 -0.8535589909
+8.0000000000 +0.0725449653 +0.0004581809 +0.0002460069 +0.0005843779 +0.0136599597 +0.0001457657 +0.0010364995 +0.0000222190 -8.2103972222 +0.0030160832 +67.7744928627 +0.0487351403 +0.1511493794 +0.8187082110 -0.8516078843
+8.2000000000 +0.0704663194 +0.0004391823 +0.0001663194 +0.0005630435 +0.0126807460 +0.0001361132 +0.0009018736 +0.0000193846 -8.0367604167 +0.0032434596 +65.0103191937 +0.0511951795 +0.1354872094 +0.9011804376 -0.8695402780
+8.4000000000 +0.0688859375 +0.0004222903 +0.0000164931 +0.0005449412 +0.0118784348 +0.0001274794 +0.0007911371 +0.0000170216 -7.8448819444 +0.0035062314 +62.0339190586 +0.0538073709 +0.1222827851 +1.0035639518 -0.8690119300
+8.6000000000 +0.0678786458 +0.0004047294 -0.0005529514 +0.0005281912 +0.0111597451 +0.0001183305 +0.0006846242 +0.0000146996 -7.6348986111 +0.0037572570 +58.8563560185 +0.0560305008 +0.1097118346 +1.0994295185 -0.8324090575
+8.8000000000 +0.0669741319 +0.0003887350 -0.0001664931 +0.0005130814 +0.0105301300 +0.0001107490 +0.0006014968 +0.0000130947 -7.4072013889 +0.0040520612 +55.5234004244 +0.0585105361 +0.0989115646 +1.2212628263 -0.8081923584
+9.0000000000 +0.0663881944 +0.0003747157 -0.0005756944 +0.0005005880 +0.0100238667 +0.0001044910 +0.0005372124 +0.0000116685 -7.1486055556 +0.0043640512 +51.8643591049 +0.0608592054 +0.0898635895 +1.3543070507 -0.7821907412
+9.2000000000 +0.0660210069 +0.0003575855 -0.0005744792 +0.0004866503 +0.0094734701 +0.0000967191 +0.0004639301 +0.0000101532 -6.8659645833 +0.0046148442 +47.9933411458 +0.0620701548 +0.0800561222 +1.4493087668 -0.7231104126
+9.4000000000 +0.0653940972 +0.0003428708 -0.0006819444 +0.0004737704 +0.0089788026 +0.0000907258 +0.0004098659 +0.0000091760 -6.5653375000 +0.0048366047 +44.0393662809 +0.0625902882 +0.0720369898 +1.5249231557 -0.6946641482
+9.6000000000 +0.0651807292 +0.0003290823 -0.0003508681 +0.0004631472 +0.0085803349 +0.0000848711 +0.0003617461 +0.0000082929 -6.2606069444 +0.0050089689 +40.1987900849 +0.0624768125 +0.0649771121 +1.5681105813 -0.6378501744
+9.8000000000 +0.0645539931 +0.0003104976 -0.0001369792 +0.0004478714 +0.0080235689 +0.0000758088 +0.0002942565 +0.0000062592 -5.9427284722 +0.0050540223 +36.3377473573 +0.0605365004 +0.0566647478 +1.5319501815 -0.5235953221
+10.0000000000 +0.0644414931 +0.0002992886 -0.0002973958 +0.0004397603 +0.0077356518 +0.0000710549 +0.0002617922 +0.0000056631 -5.6430930556 +0.0050121651 +32.8493711806 +0.0577063390 +0.0515944186 +1.4470156035 -0.4582821838
+10.2000000000 +0.0638050347 +0.0002891769 +0.0000682292 +0.0004305813 +0.0074160144 +0.0000672458 +0.0002358774 +0.0000052434 -5.3678312500 +0.0048719171 +29.7630353588 +0.0538799218 +0.0472225689 +1.3140803188 -0.4296310987
+10.4000000000 +0.0637894097 +0.0002811126 -0.0002539931 +0.0004251469 +0.0072300600 +0.0000635643 +0.0002138906 +0.0000047268 -5.1201826389 +0.0047028550 +27.1009440779 +0.0499063628 +0.0437672942 +1.1778201777 -0.3639130150
+10.6000000000 +0.0637000000 +0.0002733405 +0.0003965278 +0.0004197063 +0.0070462915 +0.0000604591 +0.0001958623 +0.0000041578 -4.8983736111 +0.0045090182 +24.8073138503 +0.0459539439 +0.0405998691 +1.0422567955 -0.3149473007
+10.8000000000 +0.0635718750 +0.0002664370 +0.0008263889 +0.0004147363 +0.0068809293 +0.0000575004 +0.0001795991 +0.0000038510 -4.7010180556 +0.0043148105 +22.8442743441 +0.0422939630 +0.0378606135 +0.9193871426 -0.2644125844
+11.0000000000 +0.0631116319 +0.0002601403 +0.0005078125 +0.0004089541 +0.0066899969 +0.0000546978 +0.0001644302 +0.0000035773 -4.5220652778 +0.0041571317 +21.1403441358 +0.0393138752 +0.0354360276 +0.8226681433 -0.2246401900
+11.2000000000 +0.0626118056 +0.0002545480 +0.0002038194 +0.0004034843 +0.0065120250 +0.0000518828 +0.0001500794 +0.0000031311 -4.3685125000 +0.0040235510 +19.7314599537 +0.0366735441 +0.0333229730 +0.7433707168 -0.1796896894
+11.4000000000 +0.0618598958 +0.0002502647 +0.0002536458 +0.0003978655 +0.0063319432 +0.0000503067 +0.0001413241 +0.0000030359 -4.2312965278 +0.0038888844 +18.5088071952 +0.0342485111 +0.0316458509 +0.6702901820 -0.1749543257
+11.6000000000 +0.0613944444 +0.0002467695 -0.0004097222 +0.0003938565 +0.0062050854 +0.0000487833 +0.0001336955 +0.0000027400 -4.0987243056 +0.0037916292 +17.3745990162 +0.0323125452 +0.0302376110 +0.6154010403 -0.1574438120
+11.8000000000 +0.0615180556 +0.0002444194 -0.0002392361 +0.0003928756 +0.0061741054 +0.0000474586 +0.0001282124 +0.0000024432 -3.9904888889 +0.0036915474 +16.4691024691 +0.0305189845 +0.0291616384 +0.5637354865 -0.1211422222
+12.0000000000 +0.0606097222 +0.0002412365 +0.0000666667 +0.0003873415 +0.0060013407 +0.0000465611 +0.0001227336 +0.0000024223 -3.8784770833 +0.0036279972 +15.5690790316 +0.0291396198 +0.0279336268 +0.5264945457 -0.1359142037
