# T, am1a, am1e, m1a, m1e, m2a, m2e, m4a, m4e, e1a, e1e, e2a, e2e, susc, spec, bind
+2.0000000000 +0.4605180556 +0.0024907532 +0.0434319444 +0.0033850576 +0.4602309414 +0.0024894658 +0.4597101149 +0.0024875403 -11.9946000000 +0.0002490959 +143.8729111111 +0.0058587993 +4.4667731136 +0.0223375600 +0.2765455724
+2.2000000000 +0.4600805556 +0.0024886430 +0.0431444444 +0.0033821089 +0.4594078704 +0.0024856238 +0.4581886131 +0.0024811133 -11.9879555556 +0.0003734430 +143.7166567901 +0.0087777976 +4.0538250453 +0.0414921433 +0.2763539846
+2.4000000000 +0.4593902778 +0.0024856160 +0.0421013889 +0.0033778632 +0.4581709105 +0.0024801839 +0.4559730698 +0.0024721559 -11.9774666667 +0.0005156418 +143.4703432099 +0.0121020369 +3.7069722477 +0.0664716173 +0.2759594084
+2.6000000000 +0.4582048611 +0.0024801493 +0.0398909722 +0.0033704823 +0.4559973187 +0.0024705188 +0.4520720853 +0.0024566489 -11.9601166667 +0.0006971403 +143.0638308642 +0.0163208015 +3.4067855621 +0.1035276067 +0.2752939978
+2.8000000000 +0.4566916667 +0.0024716026 +0.0375597222 +0.0033597222 +0.4529200617 +0.0024553681 +0.4462898744 +0.0024323862 -11.9341027778 +0.0009062177 +142.4556583333 +0.0211512439 +3.1416786428 +0.1508382678 +0.2748085700
+3.0000000000 +0.4550506944 +0.0024598680 +0.0362756944 +0.0033458677 +0.4491091628 +0.0024348154 +0.4388320882 +0.0024002071 -11.8979805556 +0.0011378559 +141.6137299383 +0.0264620831 +2.9044563395 +0.2071545516 +0.2747741257
+3.2000000000 +0.4524083333 +0.0024434632 +0.0354944444 +0.0033250336 +0.4434937886 +0.0024069816 +0.4284291538 +0.0023580337 -11.8496305556 +0.0014003677 +140.4921854938 +0.0324051073 +2.6867304957 +0.2757698109 +0.2739230028
+3.4000000000 +0.4473208333 +0.0024202606 +0.0338333333 +0.0032911157 +0.4344023920 +0.0023692531 +0.4132398497 +0.0023028944 -11.7853500000 +0.0017062255 +139.0109228395 +0.0391965731 +2.4808919722 +0.3626415062 +0.2700442663
+3.6000000000 +0.4430104167 +0.0023911198 +0.0326423611 +0.0032553451 +0.4249563850 +0.0023231535 +0.3964696216 +0.0022376401 -11.7010833333 +0.0020637341 +137.0857111111 +0.0469880909 +2.2869815576 +0.4732220486 +0.2681872974
+3.8000000000 +0.4370208333 +0.0023519788 +0.0302680556 +0.0032068022 +0.4122593750 +0.0022644605 +0.3750690393 +0.0021579711 -11.5933000000 +0.0024625281 +134.6471666667 +0.0554779420 +2.0962626275 +0.6047246510 +0.2643878729
+4.0000000000 +0.4267333333 +0.0023014499 +0.0271569444 +0.0031354055 +0.3939682099 +0.0021909715 +0.3472251916 +0.0020595593 -11.4578222222 +0.0028664327 +131.6103475309 +0.0638774774 +1.9068018489 +0.7394792733 +0.2542940415
+4.2000000000 +0.4125673611 +0.0022398186 +0.0250729167 +0.0030424277 +0.3708833140 +0.0021063094 +0.3150160078 +0.0019492982 -11.2964166667 +0.0032805102 +128.0394993827 +0.0721872125 +1.7200413136 +0.8785099505 +0.2366270290
+4.4000000000 +0.3930111111 +0.0021658865 +0.0252097222 +0.0029217494 +0.3421003086 +0.0020082949 +0.2783625494 +0.0018249682 -11.1121666667 +0.0036477145 +124.0124808642 +0.0792855107 +1.5352574333 +0.9896891586 +0.2071653568
+4.6000000000 +0.3722090278 +0.0020836266 +0.0213715278 +0.0027916967 +0.3121995563 +0.0019025153 +0.2422511394 +0.0016934319 -10.9093750000 +0.0039627580 +119.6426009260 +0.0849782684 +1.3590782293 +1.0686658446 +0.1715238500
+4.8000000000 +0.3479166667 +0.0019886807 +0.0177861111 +0.0026406614 +0.2792400463 +0.0017807257 +0.2048143665 +0.0015435025 -10.6959166667 +0.0041720724 +115.0988808642 +0.0882919315 +1.1864552951 +1.0878867561 +0.1244443415
+5.0000000000 +0.3221458333 +0.0018890017 +0.0113208333 +0.0024818485 +0.2465110340 +0.0016546042 +0.1702762986 +0.0013919881 -10.4866944444 +0.0042839912 +110.7048635803 +0.0894536869 +1.0276782913 +1.0571086211 +0.0659713025
+5.2000000000 +0.2986208333 +0.0017882575 +0.0061013889 +0.0023294408 +0.2170890046 +0.0015295374 +0.1407070163 +0.0012455640 -10.2800555556 +0.0043468727 +106.4353543210 +0.0894087319 +0.8855626329 +1.0062587073 +0.0047805740
+5.4000000000 +0.2757062500 +0.0016897054 +0.0052590278 +0.0021805415 +0.1902181134 +0.0014063932 +0.1153006014 +0.0011035313 -10.0938972222 +0.0043375949 +102.6393503087 +0.0879031691 +0.7613611809 +0.9291224393 -0.0622006867
+5.6000000000 +0.2543055556 +0.0015918571 +0.0026347222 +0.0020373066 +0.1660316744 +0.0012882928 +0.0939544458 +0.0009745378 -9.9148000000 +0.0042927414 +99.0403641975 +0.0856895660 +0.6516023065 +0.8461666349 -0.1360937879
+5.8000000000 +0.2360861111 +0.0015014319 +0.0023055556 +0.0019098642 +0.1459085648 +0.0011792541 +0.0769149191 +0.0008575566 -9.7504916667 +0.0042616423 +95.7985515432 +0.0835669239 +0.5596877356 +0.7774285628 -0.2042807979
+6.0000000000 +0.2218305556 +0.0014247973 +0.0007152778 +0.0018056175 +0.1304106867 +0.0010873004 +0.0642958335 +0.0007583427 -9.6005611111 +0.0042410230 +92.8902246914 +0.0816848605 +0.4872113481 +0.7194510432 -0.2601876307
+6.2000000000 +0.2077048611 +0.0013488863 -0.0007923611 +0.0017023547 +0.1159210841 +0.0010000055 +0.0534381382 +0.0006710868 -9.4574750000 +0.0042719756 +90.1738243827 +0.0807783174 +0.4225922406 +0.6836544291 -0.3255777200
+6.4000000000 +0.1955895833 +0.0012791661 -0.0013006944 +0.0016101571 +0.1037059221 +0.0009199405 +0.0446065377 +0.0005905323 -9.3210472222 +0.0043095894 +87.6248237654 +0.0798520961 +0.3681598329 +0.6529416034 -0.3825159349
+6.6000000000 +0.1847756944 +0.0012173801 -0.0020743056 +0.0015282206 +0.0934226273 +0.0008523926 +0.0377907135 +0.0005272268 -9.1974166667 +0.0043927746 +85.3643320988 +0.0797999884 +0.3233485639 +0.6378998004 -0.4433102103
+6.8000000000 +0.1760944444 +0.0011608200 -0.0010166667 +0.0014569518 +0.0849093750 +0.0007896793 +0.0321533359 +0.0004670937 -9.0673416667 +0.0045139905 +83.0317293210 +0.0803024674 +0.2853535851 +0.6345501547 -0.4865978278
+7.0000000000 +0.1687194444 +0.0011121149 -0.0011763889 +0.0013958586 +0.0779382330 +0.0007382124 +0.0278726674 +0.0004212608 -8.9365138889 +0.0047105429 +80.7488490741 +0.0819407283 +0.2544273365 +0.6520912073 -0.5295235426
+7.2000000000 +0.1627590278 +0.0010682857 -0.0000993056 +0.0013429432 +0.0721398727 +0.0006917538 +0.0243450937 +0.0003792863 -8.8047055556 +0.0049035266 +78.4846228395 +0.0835432886 +0.2282468578 +0.6679048052 -0.5593350951
+7.4000000000 +0.1575722222 +0.0010303535 +0.0003513889 +0.0012970545 +0.0672941358 +0.0006542392 +0.0216496565 +0.0003489937 -8.6756666667 +0.0051373523 +76.3228876543 +0.0857794241 +0.2065871218 +0.6940292103 -0.5935852974
+7.6000000000 +0.1520937500 +0.0009898135 -0.0000534722 +0.0012482161 +0.0623217400 +0.0006130541 +0.0189174111 +0.0003148398 -8.5358416667 +0.0053903376 +74.0228225309 +0.0882130461 +0.1856332003 +0.7243813125 -0.6235336980
+7.8000000000 +0.1478027778 +0.0009519096 -0.0004194444 +0.0012051012 +0.0580909336 +0.0005756959 +0.0166315875 +0.0002848725 -8.3829750000 +0.0057243393 +71.5849922839 +0.0911359418 +0.1672858732 +0.7755754043 -0.6428417774
+8.0000000000 +0.1441305556 +0.0009177134 +0.0001236111 +0.0011668496 +0.0544615355 +0.0005422400 +0.0147270265 +0.0002581419 -8.2318666667 +0.0060031940 +69.2051623457 +0.0935074793 +0.1515956330 +0.8108626094 -0.6550611724
+8.2000000000 +0.1411402778 +0.0008883096 +0.0007819444 +0.0011345013 +0.0514843364 +0.0005156132 +0.0132849168 +0.0002361034 -8.0636083333 +0.0063846604 +66.6523348765 +0.0969063058 +0.1385725979 +0.8729922492 -0.6706571928
+8.4000000000 +0.1389277778 +0.0008612113 +0.0004527778 +0.0011064371 +0.0489683256 +0.0004916796 +0.0120678496 +0.0002182778 -7.8826722222 +0.0067875242 +63.9793407407 +0.1003446389 +0.1271459922 +0.9402139682 -0.6775602510
+8.6000000000 +0.1363576389 +0.0008318989 -0.0001312500 +0.0010755884 +0.0462756366 +0.0004651077 +0.0107944410 +0.0001992081 -7.6769361111 +0.0072088291 +61.0140367284 +0.1036243627 +0.1158791061 +1.0118008691 -0.6802507545
+8.8000000000 +0.1344069444 +0.0008043473 -0.0009597222 +0.0010481328 +0.0439442130 +0.0004424995 +0.0097633279 +0.0001851957 -7.4726277778 +0.0075510252 +58.1208851852 +0.1060107516 +0.1058685801 +1.0602517314 -0.6852845436
+9.0000000000 +0.1328875000 +0.0007776038 -0.0009611111 +0.0010228009 +0.0418457948 +0.0004178308 +0.0087343734 +0.0001683853 -7.2613694444 +0.0079006786 +55.2243151235 +0.1081340533 +0.0967468284 +1.1097017399 -0.6626730469
+9.2000000000 +0.1311041667 +0.0007519036 -0.0004930556 +0.0009975272 +0.0398026620 +0.0003970060 +0.0078888015 +0.0001543012 -7.0223166667 +0.0081923078 +51.9974876543 +0.1091157638 +0.0884909720 +1.1418245079 -0.6598373512
+9.4000000000 +0.1294993056 +0.0007279118 -0.0003354167 +0.0009742200 +0.0379642940 +0.0003773565 +0.0071372054 +0.0001431515 -6.7906833333 +0.0084924114 +48.9982222222 +0.1102227269 +0.0811693679 +1.1753544046 -0.6506549045
+9.6000000000 +0.1273243056 +0.0006999476 -0.0011437500 +0.0009461400 +0.0358085455 +0.0003537935 +0.0062890462 +0.0001277155 -6.5524361111 +0.0087306106 +45.9833614198 +0.1104476658 +0.0734890003 +1.1909931365 -0.6348961468
+9.8000000000 +0.1251465278 +0.0006765517 -0.0009159722 +0.0009215436 +0.0339705440 +0.0003339721 +0.0056154935 +0.0001144064 -6.3214833333 +0.0088910809 +43.1232043210 +0.1098365643 +0.0672571490 +1.1852759303 -0.6220404154
+10.0000000000 +0.1244937500 +0.0006575654 +0.0000104167 +0.0009054610 +0.0327943866 +0.0003187107 +0.0051385316 +0.0001034765 -6.0824083333 +0.0090544366 +40.2750040123 +0.1091232291 +0.0622644940 +1.1805526364 -0.5926441660
+10.2000000000 +0.1236791667 +0.0006344644 +0.0003902778 +0.0008859767 +0.0313983410 +0.0002991019 +0.0045643325 +0.0000906462 -5.8557972222 +0.0091232782 +37.6197293210 +0.1070292763 +0.0568298992 +1.1520305236 -0.5432725003
+10.4000000000 +0.1232888889 +0.0006191073 -0.0006625000 +0.0008736628 +0.0305319059 +0.0002902944 +0.0043030303 +0.0000885915 -5.6236916667 +0.0091596974 +34.9819101852 +0.1047724577 +0.0530714622 +1.1170125744 -0.5386694133
+10.6000000000 +0.1223013889 +0.0006034025 -0.0005652778 +0.0008590852 +0.0295214120 +0.0002772274 +0.0039457145 +0.0000815656 -5.4040222222 +0.0091743268 +32.5701870370 +0.1023687393 +0.0494619022 +1.0786962524 -0.5091421420
+10.8000000000 +0.1223798611 +0.0005915371 -0.0007118056 +0.0008510724 +0.0289734761 +0.0002699866 +0.0037551723 +0.0000788177 -5.1806277778 +0.0091025919 +30.1531913580 +0.0988435909 +0.0466554856 +1.0229281439 -0.4911022035
+11.0000000000 +0.1222263889 +0.0005804356 -0.0012013889 +0.0008428236 +0.0284155093 +0.0002626567 +0.0035669826 +0.0000752905 -4.9912888889 +0.0089811248 +28.1393888889 +0.0953055600 +0.0441039898 +0.9599278363 -0.4725459389
+11.2000000000 +0.1208784722 +0.0005654839 -0.0010701389 +0.0008276676 +0.0274024884 +0.0002496027 +0.0032429558 +0.0000682708 -4.8165472222 +0.0088318137 +26.3191645062 +0.0914583058 +0.0411135537 +0.8954188859 -0.4395931611
+11.4000000000 +0.1199847222 +0.0005528877 -0.0000458333 +0.0008158389 +0.0266237269 +0.0002398142 +0.0030092565 +0.0000647475 -4.6443194444 +0.0086988571 +24.5965077161 +0.0878393003 +0.0386128209 +0.8384500316 -0.4151427583
+11.6000000000 +0.1192680556 +0.0005386270 +0.0001847222 +0.0008035794 +0.0258296296 +0.0002269796 +0.0027279589 +0.0000569857 -4.4769000000 +0.0085357541 +22.9569975309 +0.0841418539 +0.0360147741 +0.7797049729 -0.3629508941
+11.8000000000 +0.1192597222 +0.0005258645 +0.0000722222 +0.0007950506 +0.0252842207 +0.0002168937 +0.0025210066 +0.0000522919 -4.3349861111 +0.0083984788 +21.6134824074 +0.0810399596 +0.0337464590 +0.7294570645 -0.3144787701
+12.0000000000 +0.1182486111 +0.0005185929 +0.0005944444 +0.0007864465 +0.0247402778 +0.0002111504 +0.0023954615 +0.0000498203 -4.1979805556 +0.0082534883 +20.3478435185 +0.0776664386 +0.0322726312 +0.6812006934 -0.3045441776
