# T, am1a, am1e, m1a, m1e, m2a, m2e, m4a, m4e, e1a, e1e, e2a, e2e, susc, spec, bind
+2.0000000000 +0.4589743056 +0.0024901551 -0.0196020833 +0.0033849227 +0.4586923032 +0.0024888788 +0.4581793322 +0.0024869619 -11.9941666667 +0.0002592985 +143.8627234568 +0.0060984310 +4.4646280214 +0.0242048611 +0.2741091292
+2.2000000000 +0.4578729167 +0.0024880433 -0.0206145833 +0.0033794860 +0.4572619792 +0.0024852752 +0.4561522353 +0.0024811250 -11.9873500000 +0.0003815733 +143.7023839506 +0.0089708011 +4.0518715312 +0.0433184736 +0.2727924668
+2.4000000000 +0.4568861111 +0.0024848794 -0.0217333333 +0.0033736390 +0.4557299383 +0.0024796699 +0.4536402959 +0.0024719243 -11.9763388889 +0.0005245081 +143.4436975309 +0.0123160933 +3.7047752962 +0.0687771835 +0.2719264549
+2.6000000000 +0.4542166667 +0.0024796861 -0.0225111111 +0.0033606538 +0.4522665123 +0.0024710202 +0.4487826270 +0.0024584417 -11.9604611111 +0.0006888599 +143.0716111111 +0.0161349187 +3.4055132132 +0.1010828914 +0.2686489021
+2.8000000000 +0.4509972222 +0.0024716641 -0.0250750000 +0.0033434065 +0.4477634259 +0.0024574237 +0.4420493270 +0.0024371076 -11.9368444444 +0.0008784318 +142.5191209877 +0.0205199020 +3.1418348332 +0.1417302404 +0.2650593901
+3.0000000000 +0.4468027778 +0.0024600367 -0.0255180556 +0.0033205902 +0.4417039352 +0.0024380216 +0.4328603372 +0.0024074713 -11.9021361111 +0.0011064849 +141.7098163580 +0.0257513655 +2.9048545555 +0.1958894024 +0.2604560275
+3.2000000000 +0.4417215278 +0.0024438802 -0.0247868056 +0.0032916772 +0.4340199267 +0.0024114632 +0.4209794884 +0.0023677069 -11.8561472222 +0.0013628324 +140.6425194445 +0.0315611115 +2.6876477092 +0.2611845332 +0.2550616328
+3.4000000000 +0.4353062500 +0.0024211094 -0.0252951389 +0.0032531620 +0.4239623650 +0.0023750676 +0.4053819256 +0.0023148362 -11.7941083333 +0.0016664790 +139.2120774692 +0.0383193436 +2.4826323566 +0.3459428431 +0.2482239007
+3.6000000000 +0.4279451389 +0.0023915750 -0.0284076389 +0.0032059136 +0.4119222801 +0.0023289931 +0.3866483163 +0.0022496681 -11.7135083333 +0.0020060671 +137.3672496914 +0.0457493119 +2.2878523819 +0.4471450452 +0.2404361221
+3.8000000000 +0.4207833333 +0.0023530657 -0.0305152778 +0.0031527930 +0.3985353395 +0.0022701727 +0.3649777877 +0.0021682435 -11.6120666667 +0.0023834807 +135.0673314815 +0.0538064449 +2.0982005611 +0.5665243471 +0.2340304521
+4.0000000000 +0.4117291667 +0.0023058747 -0.0291972222 +0.0030876802 +0.3822032407 +0.0022006271 +0.3397897018 +0.0020744627 -11.4863805556 +0.0027890093 +132.2480811729 +0.0622447740 +1.9141410065 +0.7000715380 +0.2246456510
+4.2000000000 +0.3982465278 +0.0022458537 -0.0281798611 +0.0029981684 +0.3603546489 +0.0021179335 +0.3092811698 +0.0019666239 -11.3343055556 +0.0032060188 +128.8776246914 +0.0706702812 +1.7293230174 +0.8390658462 +0.2060887316
+4.4000000000 +0.3812805556 +0.0021737750 -0.0234930556 +0.0028889221 +0.3343867670 +0.0020219884 +0.2753519960 +0.0018445762 -11.1539583333 +0.0036243590 +124.9362256173 +0.0788372992 +1.5464610403 +0.9770562066 +0.1791405363
+4.6000000000 +0.3616638889 +0.0020893566 -0.0208333333 +0.0027612641 +0.3054172068 +0.0019128148 +0.2396340911 +0.0017083146 -10.9468916667 +0.0039800783 +120.4680780864 +0.0854185076 +1.3665634299 +1.0780280382 +0.1436716041
+4.8000000000 +0.3406708333 +0.0019960567 -0.0187375000 +0.0026223807 +0.2754263117 +0.0017941969 +0.2046253568 +0.0015628984 -10.7241444444 +0.0042309213 +115.7233018519 +0.0895968983 +1.1952727128 +1.1187934165 +0.1008599513
+5.0000000000 +0.3171888889 +0.0018950474 -0.0168388889 +0.0024696834 +0.2442569830 +0.0016684121 +0.1710054375 +0.0014131635 -10.5017277778 +0.0043667217 +111.0490166667 +0.0912109672 +1.0342669809 +1.0983317013 +0.0445792080
+5.2000000000 +0.2937118056 +0.0017930213 -0.0138673611 +0.0023166319 +0.2148636381 +0.0015419154 +0.1412665039 +0.0012662511 -10.2932416667 +0.0044127072 +106.7297033951 +0.0909240098 +0.8902870158 +1.0369695976 -0.0199810252
+5.4000000000 +0.2708243056 +0.0016884317 -0.0105729167 +0.0021637126 +0.1873778742 +0.0014118250 +0.1148404593 +0.0011163595 -10.0924277778 +0.0043963448 +102.6302123457 +0.0892238249 +0.7602137983 +0.9544616000 -0.0902775030
+5.6000000000 +0.2489020833 +0.0015884846 -0.0073840278 +0.0020176041 +0.1628835841 +0.0012900638 +0.0931016420 +0.0009820398 -9.9141722222 +0.0043433705 +99.0454055556 +0.0867599956 +0.6488443094 +0.8662439200 -0.1697187508
+5.8000000000 +0.2306673611 +0.0014954264 -0.0049298611 +0.0018883533 +0.1426594329 +0.0011778487 +0.0758448156 +0.0008613141 -9.7470250000 +0.0042816855 +95.7378095679 +0.0841136530 +0.5552193190 +0.7847584965 -0.2422347056
+6.0000000000 +0.2161652778 +0.0014177066 -0.0035319444 +0.0017826289 +0.1271231096 +0.0010851031 +0.0632582310 +0.0007633046 -9.5951694444 +0.0042684626 +92.7960675926 +0.0822600858 +0.4823740935 +0.7287909250 -0.3048084860
+6.2000000000 +0.2015055556 +0.0013373214 -0.0039875000 +0.0016742590 +0.1121416281 +0.0009903837 +0.0518101364 +0.0006671383 -9.4576527778 +0.0042842175 +90.1813768518 +0.0809429428 +0.4153769371 +0.6875782603 -0.3732821243
+6.4000000000 +0.1905250000 +0.0012700133 -0.0025625000 +0.0015875340 +0.1008171296 +0.0009131260 +0.0435160569 +0.0005890840 -9.3237527778 +0.0043209185 +87.6791793210 +0.0801118757 +0.3629101163 +0.6563790175 -0.4271171466
+6.6000000000 +0.1805527778 +0.0012073735 -0.0026194444 +0.0015075019 +0.0909093364 +0.0008421716 +0.0366346298 +0.0005204221 -9.1998722222 +0.0043899854 +85.4085277778 +0.0797501121 +0.3180547138 +0.6370899773 -0.4775887529
+6.8000000000 +0.1714236111 +0.0011512153 -0.0023263889 +0.0014352047 +0.0823979167 +0.0007804605 +0.0311541593 +0.0004624910 -9.0672083333 +0.0045228041 +83.0324972222 +0.0804226270 +0.2806510353 +0.6370304809 -0.5295452149
+7.0000000000 +0.1645305556 +0.0011005605 -0.0017833333 +0.0013740129 +0.0755196373 +0.0007265401 +0.0268176361 +0.0004145842 -8.9377944444 +0.0046803987 +80.7604148148 +0.0815212059 +0.2491680015 +0.6437720451 -0.5673985758
+7.2000000000 +0.1582416667 +0.0010541521 -0.0025736111 +0.0013179840 +0.0694898920 +0.0006765323 +0.0231366842 +0.0003681581 -8.8021472222 +0.0048995566 +78.4380219136 +0.0833745156 +0.2222473345 +0.6668237444 -0.5971164770
+7.4000000000 +0.1523930556 +0.0010097982 -0.0023777778 +0.0012649673 +0.0640113426 +0.0006310964 +0.0200287598 +0.0003287606 -8.6688333333 +0.0051148980 +76.1951586420 +0.0851360596 +0.1984266448 +0.6879755681 -0.6293670541
+7.6000000000 +0.1478868056 +0.0009711924 -0.0017215278 +0.0012206159 +0.0595990934 +0.0005927288 +0.0176051485 +0.0002977113 -8.5201583333 +0.0054194006 +73.7678941358 +0.0881060173 +0.1787143552 +0.7322136424 -0.6521106542
+7.8000000000 +0.1437736111 +0.0009372940 -0.0017416667 +0.0011811924 +0.0558116512 +0.0005602436 +0.0156698582 +0.0002742486 -8.3767861111 +0.0057268532 +71.4824194444 +0.0911071596 +0.1621883076 +0.7762567415 -0.6768494299
+8.0000000000 +0.1404701389 +0.0009089255 -0.0017298611 +0.0011486371 +0.0527776813 +0.0005349662 +0.0142330369 +0.0002551663 -8.2275555556 +0.0060451196 +69.1544092593 +0.0938954372 +0.1487061963 +0.8222280972 -0.7032394548
+8.2000000000 +0.1375833333 +0.0008799709 -0.0016944444 +0.0011169182 +0.0499031250 +0.0005085430 +0.0128349624 +0.0002355920 -8.0615000000 +0.0064179902 +66.6354061728 +0.0973206358 +0.1359832012 +0.8821305952 -0.7179790351
+8.4000000000 +0.1343923611 +0.0008488739 -0.0011881944 +0.0010826284 +0.0468847801 +0.0004802304 +0.0114230317 +0.0002143668 -7.8761944444 +0.0068124930 +63.8908413580 +0.1006445722 +0.1235291716 +0.9471440976 -0.7321933302
+8.6000000000 +0.1322500000 +0.0008213194 -0.0008583333 +0.0010544187 +0.0444726852 +0.0004551814 +0.0102654223 +0.0001952497 -7.6808805556 +0.0071991664 +61.0690459877 +0.1036184839 +0.1129505136 +1.0090902602 -0.7300906535
+8.8000000000 +0.1301868056 +0.0007931368 -0.0003118056 +0.0010260501 +0.0421112461 +0.0004322162 +0.0092457920 +0.0001793642 -7.4839333333 +0.0074910541 +58.2538938272 +0.1054431270 +0.1029380801 +1.0434773349 -0.7379075825
+9.0000000000 +0.1282194444 +0.0007657839 -0.0004763889 +0.0009987116 +0.0398972222 +0.0004079012 +0.0082471240 +0.0001623616 -7.2680250000 +0.0078542775 +55.2917743827 +0.1076984927 +0.0938279852 +1.0967053254 -0.7270143634
+9.2000000000 +0.1267333333 +0.0007403502 -0.0010277778 +0.0009744873 +0.0379860725 +0.0003877634 +0.0074573586 +0.0001508446 -7.0369972222 +0.0082128729 +52.2173811728 +0.1095513316 +0.0857924403 +1.1475643386 -0.7227211568
+9.4000000000 +0.1254493056 +0.0007141913 -0.0011479167 +0.0009505127 +0.0361402971 +0.0003672368 +0.0067006355 +0.0001377434 -6.8061277778 +0.0085340612 +49.2365833333 +0.1110715964 +0.0781382635 +1.1869113650 -0.7100598253
+9.6000000000 +0.1237645833 +0.0006892790 -0.0005076389 +0.0009263050 +0.0343218943 +0.0003448962 +0.0059361275 +0.0001225685 -6.5780611111 +0.0087092105 +46.3049018518 +0.1106220723 +0.0712658333 +1.1851616681 -0.6797299455
+9.8000000000 +0.1224909722 +0.0006668322 -0.0000770833 +0.0009054093 +0.0327906443 +0.0003289261 +0.0054029211 +0.0001128918 -6.3341916667 +0.0089013110 +43.2913175926 +0.1101383408 +0.0653385527 +1.1880050688 -0.6749716975
+10.0000000000 +0.1217826389 +0.0006477575 -0.0001618056 +0.0008890244 +0.0316146026 +0.0003141836 +0.0049479376 +0.0001049790 -6.0920000000 +0.0090441939 +40.3843617284 +0.1090441302 +0.0604209294 +1.1778831822 -0.6501654985
+10.2000000000 +0.1204173611 +0.0006277337 +0.0007395833 +0.0008697957 +0.0302623264 +0.0002996309 +0.0045069566 +0.0000991037 -5.8497750000 +0.0091136269 +37.5421953704 +0.1070046663 +0.0556305372 +1.1495944013 -0.6404292434
+10.4000000000 +0.1199840278 +0.0006103996 -0.0001284722 +0.0008558571 +0.0292996721 +0.0002843895 +0.0040935658 +0.0000866124 -5.6304638889 +0.0091536711 +35.0537114198 +0.1049125436 +0.0515890563 +1.1155432818 -0.5894797494
+10.6000000000 +0.1190326389 +0.0005929637 -0.0005354167 +0.0008401297 +0.0282330054 +0.0002712564 +0.0037403036 +0.0000808242 -5.4246444444 +0.0090955515 +32.7359296296 +0.1016426026 +0.0477653308 +1.0602513538 -0.5641247147
+10.8000000000 +0.1196583333 +0.0005800681 -0.0001097222 +0.0008333256 +0.0277772762 +0.0002592324 +0.0034596354 +0.0000748853 -5.2208138889 +0.0090778469 +30.5531898148 +0.0990987301 +0.0448638650 +1.0173741211 -0.4946164589
+11.0000000000 +0.1185756944 +0.0005677798 -0.0006909722 +0.0008208939 +0.0269551505 +0.0002510033 +0.0032466857 +0.0000710930 -5.0172388889 +0.0090385240 +28.4404827161 +0.0962818990 +0.0422016714 +0.9722370192 -0.4894827391
+11.2000000000 +0.1182416667 +0.0005554923 +0.0009277778 +0.0008112197 +0.0263239583 +0.0002413589 +0.0030231163 +0.0000654099 -4.8373805556 +0.0088637052 +26.5428614198 +0.0920461229 +0.0396734998 +0.9018972265 -0.4542236587
+11.4000000000 +0.1179395833 +0.0005475921 +0.0011784722 +0.0008047149 +0.0259040316 +0.0002357661 +0.0028944456 +0.0000627818 -4.6698000000 +0.0087683363 +24.8823808642 +0.0891086179 +0.0378766936 +0.8518971812 -0.4378361944
+11.6000000000 +0.1171458333 +0.0005340463 +0.0005000000 +0.0007926398 +0.0251313657 +0.0002251970 +0.0026601338 +0.0000566357 -4.4970305556 +0.0085907014 +23.1752898148 +0.0850205095 +0.0354048191 +0.7897756830 -0.4039448599
+11.8000000000 +0.1171458333 +0.0005261314 -0.0000472222 +0.0007873328 +0.0247957176 +0.0002166932 +0.0024930655 +0.0000512550 -4.3387277778 +0.0084199534 +21.6603833333 +0.0813155245 +0.0337807261 +0.7331922273 -0.3516338695
+12.0000000000 +0.1162687500 +0.0005144638 +0.0003881944 +0.0007762924 +0.0241053434 +0.0002095691 +0.0023378356 +0.0000503109 -4.1907611111 +0.0082789527 +20.3041209877 +0.0777236736 +0.0317607634 +0.6854105743 -0.3411151663
