# T, am1a, am1e, m1a, m1e, m2a, m2e, m4a, m4e, e1a, e1e, e2a, e2e, susc, spec, bind
+2.0000000000 +0.5731586806 +0.0024707732 -0.2239315972 +0.0036143960 +0.5726996865 +0.0024688977 +0.5718031617 +0.0024654293 -11.9943513889 +0.0001268040 +143.8651084105 +0.0030272484 +17.5815945676 +0.0231541329 +0.4188725276
+2.2000000000 +0.5792149306 +0.0024632665 -0.2352517361 +0.0036154316 +0.5781972174 +0.0024591690 +0.5762125132 +0.0024516125 -11.9878347222 +0.0001857532 +143.7095614969 +0.0044324188 +15.8862947970 +0.0410628974 +0.4254743324
+2.4000000000 +0.5868336806 +0.0024521915 -0.2522163194 +0.0036100222 +0.5849034867 +0.0024445664 +0.5811482818 +0.0024305562 -11.9769388889 +0.0002557807 +143.4496820987 +0.0060980112 +14.4317830833 +0.0654237651 +0.4337642536
+2.6000000000 +0.5959465278 +0.0024366245 -0.2704250000 +0.0036038456 +0.5926378183 +0.0024238751 +0.5862264090 +0.0024005911 -11.9606930556 +0.0003338229 +143.0626358796 +0.0079479798 +13.1530460852 +0.0949528851 +0.4436278269
+2.8000000000 +0.6043805556 +0.0024181068 -0.2896704861 +0.0035890684 +0.5991654779 +0.0023984987 +0.5891111057 +0.0023629604 -11.9379833333 +0.0004220325 +142.5225705247 +0.0100263827 +12.0286091304 +0.1308573879 +0.4530062175
+3.0000000000 +0.6095859375 +0.0023990140 -0.3083998264 +0.0035591266 +0.6018057352 +0.0023703920 +0.5869204711 +0.0023190925 -11.9071201389 +0.0005218114 +141.7904014853 +0.0123597539 +11.0501145599 +0.1742637353 +0.4598114702
+3.2000000000 +0.6114439236 +0.0023781175 -0.3233164931 +0.0035197579 +0.6000813935 +0.0023372804 +0.5786128580 +0.0022655437 -11.8637048611 +0.0006539175 +140.7645973572 +0.0154148049 +10.1797974787 +0.2405295809 +0.4643926800
+3.4000000000 +0.6088788194 +0.0023568196 -0.3326868056 +0.0034721638 +0.5929173563 +0.0023004702 +0.5632375096 +0.0022037866 -11.8061923611 +0.0008054687 +139.4121292631 +0.0188835435 +9.4101433209 +0.3232674884 +0.4659499158
+3.6000000000 +0.5962190972 +0.0023374374 -0.3280434028 +0.0034147082 +0.5740217520 +0.0022594360 +0.5337030081 +0.0021296359 -11.7248402778 +0.0009999679 +137.5118769676 +0.0232662262 +8.7417816053 +0.4444158690 +0.4600895963
+3.8000000000 +0.5637442708 +0.0023310699 -0.2965967014 +0.0033436263 +0.5351630703 +0.0022273709 +0.4848467495 +0.0020601710 -11.6262854167 +0.0012038006 +135.2284780285 +0.0277574852 +8.2366282371 +0.5780486966 +0.4356988174
+4.0000000000 +0.5184649306 +0.0023107533 -0.2580062500 +0.0032242127 +0.4823891180 +0.0021751096 +0.4219433372 +0.0019654737 -11.5022423611 +0.0014564731 +132.3864318865 +0.0331885789 +7.6889964147 +0.7636729753 +0.3955813251
+4.2000000000 +0.4613371528 +0.0022460437 -0.1980871528 +0.0030634210 +0.4146204524 +0.0020679509 +0.3429669639 +0.0018081936 -11.3211784722 +0.0017865717 +128.2967555362 +0.0400536681 +6.9184623024 +1.0422329497 +0.3349878318
+4.4000000000 +0.3980390625 +0.0021286088 -0.1471866319 +0.0028196197 +0.3396741090 +0.0019017665 +0.2600471291 +0.0015929692 -11.0996694444 +0.0020602210 +123.3724422068 +0.0454172992 +5.9314586322 +1.2628296509 +0.2487129222
+4.6000000000 +0.3199366319 +0.0019317753 -0.0901689236 +0.0024672822 +0.2516296839 +0.0016547557 +0.1728461528 +0.0013102366 -10.8334423611 +0.0022913645 +117.5734874421 +0.0494979895 +4.6728073698 +1.4292071497 +0.0900558889
+4.8000000000 +0.2462196181 +0.0016464631 -0.0479119792 +0.0020418262 +0.1690577293 +0.0013097477 +0.0971980756 +0.0009426862 -10.5414916667 +0.0023195642 +111.3382616898 +0.0489843851 +3.2530088699 +1.3450945713 -0.1336169969
+5.0000000000 +0.2010059028 +0.0013856713 -0.0223684028 +0.0017081161 +0.1172067660 +0.0010051112 +0.0541473659 +0.0006415410 -10.2730506944 +0.0022353588 +105.7354437307 +0.0461528331 +2.2119377201 +1.1512694021 -0.3138649106
+5.2000000000 +0.1698583333 +0.0011806061 -0.0064093750 +0.0014539945 +0.0846050805 +0.0007736387 +0.0310986929 +0.0004304223 -10.0544909722 +0.0021087135 +101.2706556134 +0.0426476040 +1.5439355206 +0.9472201931 -0.4481981726
+5.4000000000 +0.1498331597 +0.0010383112 -0.0025053819 +0.0012803057 +0.0655735810 +0.0006173593 +0.0195451954 +0.0002967260 -9.8855048611 +0.0020085150 +97.8845716628 +0.0399016060 +1.1499628058 +0.7968656976 -0.5151685947
+5.6000000000 +0.1345126736 +0.0009332105 -0.0008967014 +0.0011503057 +0.0529289364 +0.0005115237 +0.0132677323 +0.0002143327 -9.7377944444 +0.0019520433 +94.9770595679 +0.0381260249 +0.8957642665 +0.6998828219 -0.5786618452
+5.8000000000 +0.1222746528 +0.0008474229 -0.0008024306 +0.0010449338 +0.0436761116 +0.0004295611 +0.0092885136 +0.0001560809 -9.6062868056 +0.0019293852 +92.4296472801 +0.0371006191 +0.7131729322 +0.6373887304 -0.6230691834
+6.0000000000 +0.1134843750 +0.0007809086 -0.0008281250 +0.0009652817 +0.0372714337 +0.0003708868 +0.0068914400 +0.0001194186 -9.4839500000 +0.0019424548 +90.0962328318 +0.0368027198 +0.5854255289 +0.6037009172 -0.6536230894
+6.2000000000 +0.1058833333 +0.0007258841 -0.0010673611 +0.0008984215 +0.0322875892 +0.0003254197 +0.0052784076 +0.0000941709 -9.3666597222 +0.0019746081 +87.8902774306 +0.0369085747 +0.4895142721 +0.5842529482 -0.6877589969
+6.4000000000 +0.0990265625 +0.0006765019 -0.0009036458 +0.0008383263 +0.0281124554 +0.0002874972 +0.0040964959 +0.0000759483 -9.2508666667 +0.0020176382 +85.7413686343 +0.0371958611 +0.4118893945 +0.5724652142 -0.7278009454
+6.6000000000 +0.0938444444 +0.0006367026 -0.0007166667 +0.0007909152 +0.0250223862 +0.0002589077 +0.0033074474 +0.0000637711 -9.1374208333 +0.0020960283 +83.6681928627 +0.0380800428 +0.3537950495 +0.5809367842 -0.7608170928
+6.8000000000 +0.0886902778 +0.0005991984 -0.0016100694 +0.0007454013 +0.0222275149 +0.0002326108 +0.0026583747 +0.0000523262 -9.0202354167 +0.0021593321 +81.5511555749 +0.0386863444 +0.3041269322 +0.5808226384 -0.7935484472
+7.0000000000 +0.0846866319 +0.0005679968 -0.0015980903 +0.0007084152 +0.0200766385 +0.0002112614 +0.0021883262 +0.0000435875 -8.9016187500 +0.0022682820 +79.4446205054 +0.0400333999 +0.2654704353 +0.6048121520 -0.8097092849
+7.2000000000 +0.0814592014 +0.0005418417 -0.0016477431 +0.0006778013 +0.0183793005 +0.0001944256 +0.0018498505 +0.0000370458 -8.7769833333 +0.0023842521 +77.2628227624 +0.0414457140 +0.2348739800 +0.6316286910 -0.8253973613
+7.4000000000 +0.0788123264 +0.0005198064 -0.0023175347 +0.0006521878 +0.0170193299 +0.0001812283 +0.0016034055 +0.0000327107 -8.6494715278 +0.0025207963 +75.0675342786 +0.0430955803 +0.2103168088 +0.6683971128 -0.8451734562
+7.6000000000 +0.0766352431 +0.0004992234 -0.0023005208 +0.0006292183 +0.0158419186 +0.0001686675 +0.0013889153 +0.0000287254 -8.5150319444 +0.0026688105 +72.7906709877 +0.0448435346 +0.1888855231 +0.7102819265 -0.8447560147
+7.8000000000 +0.0746697917 +0.0004783406 -0.0022927083 +0.0006066859 +0.0147279659 +0.0001568124 +0.0012005179 +0.0000256682 -8.3661923611 +0.0028385026 +70.3154585069 +0.0467528095 +0.1689671643 +0.7628020919 -0.8448532993
+8.0000000000 +0.0725892361 +0.0004586109 -0.0018690972 +0.0005847790 +0.0136821542 +0.0001458894 +0.0010385500 +0.0000222966 -8.2110604167 +0.0030255307 +67.7876666088 +0.0488418512 +0.1514332265 +0.8238452460 -0.8492566573
+8.2000000000 +0.0710642361 +0.0004405936 -0.0016881944 +0.0005659546 +0.0128150342 +0.0001365041 +0.0009095597 +0.0000199532 -8.0336513889 +0.0032607008 +64.9648414352 +0.0513845333 +0.1363593703 +0.9107867157 -0.8461644740
+8.4000000000 +0.0700833333 +0.0004259509 -0.0013145833 +0.0005515277 +0.0121690394 +0.0001285158 +0.0008087381 +0.0000173108 -7.8530076389 +0.0034810314 +62.1544321566 +0.0535205855 +0.1244119841 +0.9891901636 -0.8204302214
+8.6000000000 +0.0690579861 +0.0004087970 -0.0014385417 +0.0005350592 +0.0114536048 +0.0001194382 +0.0007018041 +0.0000146947 -7.6395194444 +0.0037624199 +58.9284894676 +0.0561949803 +0.1119281759 +1.1024530297 -0.7832417894
+8.8000000000 +0.0680282986 +0.0003922462 -0.0010921875 +0.0005191565 +0.0107821313 +0.0001118448 +0.0006166245 +0.0000130494 -7.4068465278 +0.0040862060 +55.5292586613 +0.0590163435 +0.1007064312 +1.2419315241 -0.7680326691
+9.0000000000 +0.0676750000 +0.0003788629 -0.0014156250 +0.0005079219 +0.0103213903 +0.0001057672 +0.0005539988 +0.0000120105 -7.1499180556 +0.0043707926 +51.8854813272 +0.0610071978 +0.0918637554 +1.3584944462 -0.7334494030
+9.2000000000 +0.0673475694 +0.0003635948 -0.0010871528 +0.0004955441 +0.0098237413 +0.0000988906 +0.0004876800 +0.0000103784 -6.8662625000 +0.0046599088 +48.0141507330 +0.0626257058 +0.0827694189 +1.4777523870 -0.6844566413
+9.4000000000 +0.0669111111 +0.0003484154 -0.0008364583 +0.0004830147 +0.0093328294 +0.0000927631 +0.0004313016 +0.0000093282 -6.5610250000 +0.0048667781 +43.9944702160 +0.0630599985 +0.0743856907 +1.5440091424 -0.6505670621
+9.6000000000 +0.0659661458 +0.0003314197 -0.0007522569 +0.0004675609 +0.0087450919 +0.0000857711 +0.0003707439 +0.0000084145 -6.2453937500 +0.0050039911 +40.0065401813 +0.0623628093 +0.0659033921 +1.5649954512 -0.6159353991
+9.8000000000 +0.0654847222 +0.0003152036 -0.0007715278 +0.0004544719 +0.0082623818 +0.0000787961 +0.0003166198 +0.0000071557 -5.9317284722 +0.0050376733 +36.2005287616 +0.0602785826 +0.0583954237 +1.5220549505 -0.5459883746
+10.0000000000 +0.0647717014 +0.0003014946 -0.0004519097 +0.0004424683 +0.0078313332 +0.0000727864 +0.0002732443 +0.0000063965 -5.6298520833 +0.0049760309 +32.6856698110 +0.0570660740 +0.0523578224 +1.4262268763 -0.4851094397
+10.2000000000 +0.0643821181 +0.0002904669 -0.0005404514 +0.0004335783 +0.0075198990 +0.0000681158 +0.0002421394 +0.0000055060 -5.3632625000 +0.0048424121 +29.7025428241 +0.0533995712 +0.0476448260 +1.2982120141 -0.4273160533
+10.4000000000 +0.0639355903 +0.0002824869 -0.0003282986 +0.0004266030 +0.0072797128 +0.0000650838 +0.0002224301 +0.0000051154 -5.1154722222 +0.0046707224 +27.0406819830 +0.0495032318 +0.0441962739 +1.1617800799 -0.3990841005
+10.6000000000 +0.0639329861 +0.0002742366 -0.0002631944 +0.0004211765 +0.0070956549 +0.0000615217 +0.0002017453 +0.0000046413 -4.8963347222 +0.0044852474 +24.7787914738 +0.0457084984 +0.0408664961 +1.0312965262 -0.3356637192
+10.8000000000 +0.0636706597 +0.0002681516 -0.0001387153 +0.0004162374 +0.0069301637 +0.0000587033 +0.0001858705 +0.0000040105 -4.7014097222 +0.0043145889 +22.8478804784 +0.0423130702 +0.0383494775 +0.9192927188 -0.2900368233
+11.0000000000 +0.0632064236 +0.0002617264 +0.0003994792 +0.0004103328 +0.0067350803 +0.0000555519 +0.0001688020 +0.0000034906 -4.5324986111 +0.0041516950 +21.2330065201 +0.0392053419 +0.0358694615 +0.8205177842 -0.2404254021
+11.2000000000 +0.0627876736 +0.0002564421 +0.0002317708 +0.0004053622 +0.0065727949 +0.0000528829 +0.0001550657 +0.0000031650 -4.3794194444 +0.0040039692 +19.8205854552 +0.0365597360 +0.0338207521 +0.7361526867 -0.1964497228
+11.4000000000 +0.0621796875 +0.0002516148 +0.0002557292 +0.0003999578 +0.0063987136 +0.0000507889 +0.0001441239 +0.0000028465 -4.2367500000 +0.0038960183 +18.5572089120 +0.0343463548 +0.0319882112 +0.6727516338 -0.1733547104
+11.6000000000 +0.0617519097 +0.0002478318 +0.0006887153 +0.0003959056 +0.0062701232 +0.0000489431 +0.0001351317 +0.0000026521 -4.1064569444 +0.0038016195 +17.4410810571 +0.0324789450 +0.0304985155 +0.6186482503 -0.1457340287
+11.8000000000 +0.0612970486 +0.0002443126 +0.0005675347 +0.0003919360 +0.0061448749 +0.0000479467 +0.0001297149 +0.0000025553 -3.9955076389 +0.0037050519 +16.5131776813 +0.0306926442 +0.0291361630 +0.5678675668 -0.1450980620
+12.0000000000 +0.0605336806 +0.0002402539 -0.0000177083 +0.0003864325 +0.0059732036 +0.0000457837 +0.0001195249 +0.0000022309 -3.8875722222 +0.0036475115 +15.6453913966 +0.0293837522 +0.0277065255 +0.5321736136 -0.1166643057
