# T, am1a, am1e, m1a, m1e, m2a, m2e, m4a, m4e, e1a, e1e, e2a, e2e, susc, spec, bind
+2.0000000000 +0.7433280000 +0.0021814839 -0.1051670000 +0.0042773570 +0.7428914000 +0.0021803706 +0.7420482771 +0.0021785280 -11.9953000000 +0.0001402560 +143.8880089600 +0.0033404854 +9.5177442208 +0.0196717499 +0.5518119790
+2.2000000000 +0.7432830000 +0.0021781478 -0.1047650000 +0.0042757076 +0.7422427400 +0.0021755172 +0.7402392838 +0.0021712088 -11.9892960000 +0.0002142139 +143.7450540800 +0.0050980131 +8.6260509960 +0.0379236442 +0.5521227969
+2.4000000000 +0.7421507500 +0.0021762425 -0.1021937500 +0.0042713740 +0.7402289925 +0.0021713999 +0.7365380605 +0.0021635151 -11.9801180000 +0.0002938055 +143.5266801600 +0.0069862419 +7.8933856989 +0.0599455914 +0.5519342406
+2.6000000000 +0.7427935000 +0.0021652605 -0.1028305000 +0.0042682028 +0.7392763100 +0.0021565966 +0.7325658126 +0.0021428325 -11.9645460000 +0.0004003940 +143.1567736000 +0.0095027551 +7.2128510138 +0.0948611519 +0.5532013900
+2.8000000000 +0.7440390000 +0.0021470781 -0.1015025000 +0.0042652346 +0.7379918050 +0.0021326823 +0.7265652577 +0.0021105712 -11.9406640000 +0.0005320874 +142.5907814400 +0.0125960500 +6.5856346957 +0.1444474373 +0.5553172384
+3.0000000000 +0.7440552500 +0.0021254930 -0.1021287500 +0.0042541061 +0.7343270425 +0.0021030615 +0.7161509181 +0.0020695774 -11.9054070000 +0.0006813275 +141.7572841200 +0.0160785196 +6.0236275816 +0.2063142703 +0.5573053694
+3.2000000000 +0.7375622500 +0.0021157022 -0.1049127500 +0.0042191208 +0.7230458975 +0.0020826656 +0.6962952179 +0.0020344350 -11.8582530000 +0.0008392102 +140.6463351600 +0.0197271033 +5.5952445274 +0.2751069137 +0.5560434937
+3.4000000000 +0.7276620000 +0.0021037149 -0.1001350000 +0.0041727977 +0.7065166350 +0.0020570064 +0.6684167635 +0.0019915455 -11.7936360000 +0.0010274646 +139.1320774400 +0.0240172128 +5.2066073164 +0.3652884038 +0.5536440844
+3.6000000000 +0.7130792500 +0.0020919886 -0.1014742500 +0.0041025652 +0.6835386675 +0.0020283901 +0.6317997708 +0.0019425404 -11.7108330000 +0.0012240997 +137.2035463600 +0.0284137540 +4.8626847422 +0.4624753556 +0.5492538412
+3.8000000000 +0.6874052500 +0.0020913603 -0.1027857500 +0.0039903401 +0.6474774875 +0.0020067391 +0.5803071762 +0.0018961704 -11.6044730000 +0.0014574439 +134.7487593200 +0.0334992948 +4.6039870993 +0.5884052095 +0.5385896406
+4.0000000000 +0.6542052500 +0.0020855733 -0.1112182500 +0.0038392696 +0.6019691475 +0.0019749086 +0.5183774158 +0.0018331496 -11.4733500000 +0.0017247018 +131.7567440800 +0.0391469875 +4.3496159593 +0.7436491093 +0.5231559682
+4.2000000000 +0.6054110000 +0.0020743321 -0.1091160000 +0.0036288095 +0.5386366300 +0.0019302566 +0.4391650414 +0.0017438765 -11.3011910000 +0.0020424976 +127.8837898800 +0.0456305095 +4.0979559781 +0.9459856095 +0.4954377686
+4.4000000000 +0.5349602500 +0.0020474346 -0.0981602500 +0.0033325162 +0.4538620125 +0.0018570968 +0.3439430639 +0.0016064142 -11.0791030000 +0.0023543961 +122.9682505200 +0.0516288953 +3.8108987141 +1.1452853069 +0.4434327702
+4.6000000000 +0.4520525000 +0.0019671645 -0.0773050000 +0.0029713837 +0.3591409150 +0.0017216424 +0.2475443054 +0.0014013803 -10.8196320000 +0.0026014855 +117.3351456800 +0.0559059830 +3.3649880923 +1.2793434055 +0.3602623423
+4.8000000000 +0.3756752500 +0.0018299320 -0.0537072500 +0.0026086082 +0.2750779325 +0.0015327075 +0.1696355643 +0.0011598515 -10.5510950000 +0.0027353615 +111.6248938000 +0.0576071117 +2.7905424799 +1.2989934939 +0.2527186391
+5.0000000000 +0.3075482500 +0.0016583489 -0.0355467500 +0.0022545909 +0.2045907675 +0.0013155455 +0.1110837785 +0.0009165581 -10.3006740000 +0.0026967890 +106.3947916800 +0.0557612728 +2.2000968284 +1.1636273030 +0.1153788350
+5.2000000000 +0.2545872500 +0.0014841788 -0.0198072500 +0.0019527788 +0.1529261325 +0.0011098775 +0.0726595255 +0.0007109592 -10.0844060000 +0.0026027717 +101.9662212000 +0.0528420819 +1.6944512430 +1.0021332366 -0.0356377965
+5.4000000000 +0.2129805000 +0.0013225322 -0.0124225000 +0.0016968355 +0.1153243500 +0.0009302598 +0.0479150342 +0.0005484958 -9.8998730000 +0.0025076087 +98.2590094800 +0.0499872503 +1.2956232707 +0.8625653769 -0.2009046245
+5.6000000000 +0.1817400000 +0.0011817091 -0.0075945000 +0.0014902114 +0.0888868800 +0.0007774884 +0.0320804054 +0.0004187223 -9.7467800000 +0.0024007538 +95.2302651200 +0.0470607487 +0.9974545071 +0.7351554580 -0.3534532793
+5.8000000000 +0.1587595000 +0.0010607315 -0.0056930000 +0.0013245586 +0.0702106300 +0.0006521372 +0.0219408506 +0.0003213873 -9.6046330000 +0.0023533577 +92.4705067600 +0.0453672049 +0.7759663993 +0.6585365497 -0.4836329378
+6.0000000000 +0.1418522500 +0.0009595973 -0.0035092500 +0.0011931348 +0.0569551425 +0.0005480041 +0.0152562296 +0.0002409520 -9.4770610000 +0.0023377260 +90.0332837200 +0.0443020044 +0.6138846945 +0.6072181175 -0.5676895906
+6.2000000000 +0.1296410000 +0.0008844465 -0.0036085000 +0.0010963985 +0.0480966100 +0.0004774402 +0.0114312508 +0.0001929822 -9.3613310000 +0.0023563881 +87.8566206800 +0.0440244521 +0.5046745342 +0.5777902925 -0.6471894946
+6.4000000000 +0.1203277500 +0.0008205193 -0.0021292500 +0.0010174025 +0.0414088475 +0.0004185907 +0.0087234209 +0.0001534301 -9.2437720000 +0.0024195959 +85.6814985600 +0.0445058962 +0.4207825012 +0.5717230762 -0.6958181834
+6.6000000000 +0.1123960000 +0.0007654156 -0.0015350000 +0.0009495387 +0.0360673050 +0.0003695135 +0.0067624606 +0.0001231223 -9.1291470000 +0.0024784877 +83.5870410000 +0.0449381741 +0.3550673361 +0.5640864380 -0.7328305965
+6.8000000000 +0.1061297500 +0.0007199193 -0.0012002500 +0.0008943355 +0.0319948775 +0.0003320671 +0.0054344150 +0.0001020964 -9.0146300000 +0.0025763325 +81.5290536000 +0.0460284659 +0.3048728480 +0.5741772558 -0.7695817961
+7.0000000000 +0.1018047500 +0.0006829208 -0.0017642500 +0.0008517089 +0.0290194375 +0.0003017241 +0.0044836259 +0.0000849333 -8.8982520000 +0.0026983743 +79.4701376000 +0.0474703468 +0.2665032911 +0.5943856010 -0.7747211923
+7.2000000000 +0.0978205000 +0.0006519454 -0.0011380000 +0.0008149980 +0.0265701650 +0.0002781513 +0.0038006989 +0.0000738630 -8.7771240000 +0.0028352762 +77.3594573600 +0.0490830654 +0.2361293719 +0.6202771000 -0.7945423298
+7.4000000000 +0.0942072500 +0.0006221077 -0.0010942500 +0.0007802969 +0.0243557275 +0.0002573297 +0.0032419440 +0.0000650505 -8.6475140000 +0.0030011482 +75.1397740000 +0.0510293703 +0.2091989398 +0.6579174942 -0.8217217214
+7.6000000000 +0.0909587500 +0.0005951786 -0.0014262500 +0.0007490154 +0.0224429975 +0.0002390033 +0.0027885910 +0.0000575537 -8.5110710000 +0.0031948299 +72.8466070800 +0.0533373539 +0.1864408329 +0.7068516499 -0.8454481395
+7.8000000000 +0.0883927500 +0.0005716208 -0.0010562500 +0.0007225333 +0.0208832925 +0.0002237772 +0.0024391617 +0.0000523047 -8.3656800000 +0.0033907087 +70.4444780800 +0.0555455897 +0.1675642852 +0.7558780697 -0.8643240123
+8.0000000000 +0.0862312500 +0.0005483012 -0.0006847500 +0.0006975086 +0.0194611975 +0.0002087582 +0.0021219370 +0.0000463934 -8.2117720000 +0.0036246020 +67.9587089600 +0.0580847861 +0.1503171128 +0.8211087188 -0.8675494508
+8.2000000000 +0.0844057500 +0.0005294017 -0.0007682500 +0.0006770227 +0.0183349775 +0.0001969225 +0.0018873103 +0.0000422357 -8.0443810000 +0.0038989539 +65.3201393200 +0.0610533634 +0.1367152057 +0.9043332047 -0.8713770269
+8.4000000000 +0.0830000000 +0.0005108013 -0.0008770000 +0.0006581214 +0.0173257200 +0.0001843973 +0.0016602745 +0.0000369595 -7.8616960000 +0.0041461353 +62.4938815200 +0.0632900276 +0.1242466667 +0.9745146309 -0.8436397050
+8.6000000000 +0.0821035000 +0.0004967123 -0.0002465000 +0.0006443960 +0.0166099100 +0.0001780676 +0.0015442112 +0.0000356619 -7.6540300000 +0.0044835516 +59.3882646400 +0.0664440111 +0.1147549452 +1.0871949690 -0.8657390293
+8.8000000000 +0.0810840000 +0.0004761258 -0.0002530000 +0.0006253475 +0.0156424450 +0.0001655054 +0.0013403681 +0.0000309934 -7.4298030000 +0.0047847401 +56.1177221200 +0.0688211611 +0.1030435221 +1.1825277650 -0.8259696287
+9.0000000000 +0.0803145000 +0.0004571882 +0.0000060000 +0.0006085076 +0.0148112600 +0.0001549127 +0.0011792916 +0.0000279241 -7.1829550000 +0.0051285300 +52.6469153200 +0.0713929513 +0.0928982343 +1.2988552938 -0.7919089134
+9.2000000000 +0.0792937500 +0.0004380620 -0.0003372500 +0.0005908324 +0.0139634325 +0.0001435171 +0.0010188632 +0.0000232439 -6.9111670000 +0.0054183134 +48.9385541200 +0.0728778259 +0.0834340621 +1.3874348040 -0.7418480017
+9.4000000000 +0.0787650000 +0.0004199318 -0.0001605000 +0.0005757085 +0.0132576350 +0.0001341480 +0.0008955925 +0.0000200104 -6.6210230000 +0.0056598565 +45.1193046000 +0.0734946541 +0.0750394657 +1.4501573489 -0.6984668514
+9.6000000000 +0.0782672500 +0.0004043567 +0.0002902500 +0.0005627134 +0.0126659375 +0.0001266103 +0.0008016325 +0.0000181757 -6.3293500000 +0.0058417914 +41.4257324800 +0.0732415056 +0.0681268237 +1.4811860433 -0.6656333468
+9.8000000000 +0.0777222500 +0.0003851024 +0.0009282500 +0.0005470841 +0.0119729025 +0.0001161217 +0.0006827208 +0.0000157555 -6.0233820000 +0.0059206677 +37.6833029600 +0.0715460863 +0.0605321873 +1.4599877573 -0.5875337972
+10.0000000000 +0.0774870000 +0.0003721213 +0.0006980000 +0.0005371852 +0.0115432050 +0.0001092549 +0.0006107109 +0.0000138212 -5.7409560000 +0.0058980347 +34.3500483200 +0.0688876767 +0.0553896983 +1.3914725261 -0.5277827598
+10.2000000000 +0.0770397500 +0.0003568555 +0.0010627500 +0.0005250673 +0.0110289575 +0.0001011186 +0.0005306366 +0.0000116180 -5.4656050000 +0.0058376712 +31.2359742000 +0.0656328804 +0.0499395531 +1.3102039446 -0.4541426050
+10.4000000000 +0.0765697500 +0.0003434274 +0.0013442500 +0.0005142668 +0.0105806225 +0.0000941836 +0.0004667719 +0.0000102877 -5.2135970000 +0.0056555234 +28.4609914800 +0.0611812189 +0.0453624604 +1.1828751864 -0.3898277676
+10.6000000000 +0.0762140000 +0.0003339207 +0.0007690000 +0.0005066583 +0.0102686950 +0.0000888326 +0.0004210956 +0.0000090543 -4.9855500000 +0.0054812364 +26.0574668800 +0.0572177634 +0.0420766151 +1.0695604107 -0.3311558495
+10.8000000000 +0.0757972500 +0.0003273234 +0.0007177500 +0.0005007577 +0.0100308475 +0.0000853457 +0.0003919733 +0.0000081056 -4.7824080000 +0.0053169998 +24.0022457600 +0.0534536657 +0.0396817073 +0.9694954403 -0.2985538214
+11.0000000000 +0.0755567500 +0.0003213789 +0.0004937500 +0.0004959827 +0.0098401975 +0.0000832050 +0.0003737521 +0.0000083280 -4.5914810000 +0.0051284092 +22.1337210000 +0.0497762911 +0.0375579548 +0.8694406832 -0.2866333454
+11.2000000000 +0.0744340000 +0.0003121744 -0.0001380000 +0.0004857601 +0.0094385350 +0.0000781962 +0.0003336719 +0.0000068738 -4.4223140000 +0.0049956527 +20.5551229600 +0.0468963234 +0.0348045950 +0.7958082314 -0.2485018304
+11.4000000000 +0.0740617500 +0.0003067018 -0.0000607500 +0.0004808269 +0.0092477825 +0.0000754993 +0.0003135270 +0.0000063433 -4.2688460000 +0.0048219720 +19.1531027200 +0.0437669621 +0.0330056113 +0.7156483135 -0.2220203274
+11.6000000000 +0.0737142500 +0.0003017512 +0.0000542500 +0.0004763386 +0.0090759425 +0.0000729771 +0.0002953988 +0.0000059078 -4.1409050000 +0.0046868989 +18.0257750800 +0.0411468523 +0.0313978607 +0.6530030180 -0.1953744608
+11.8000000000 +0.0730837500 +0.0002958935 -0.0004427500 +0.0004701903 +0.0088433525 +0.0000699841 +0.0002741160 +0.0000056170 -4.0152360000 +0.0045529007 +16.9512763200 +0.0387659248 +0.0296789660 +0.5954870614 -0.1683669280
+12.0000000000 +0.0727345000 +0.0002927060 -0.0003065000 +0.0004668320 +0.0087173800 +0.0000687693 +0.0002651615 +0.0000060446 -3.9042080000 +0.0044342656 +16.0293485600 +0.0365274680 +0.0285589376 +0.5461864255 -0.1631006528
