# T, am1a, am1e, m1a, m1e, m2a, m2e, m4a, m4e, e1a, e1e, e2a, e2e, susc, spec, bind
+2.0000000000 +0.3282729167 +0.0023463412 -0.0518680556 +0.0028516903 +0.3279757909 +0.0023442905 +0.3273960381 +0.0023404266 -11.9940319444 +0.0001302997 +143.8574814043 +0.0031106871 +15.8553131816 +0.0244483190 -0.0145386318
+2.2000000000 +0.3330288194 +0.0023531137 -0.0524593750 +0.0028707228 +0.3323939574 +0.0023487844 +0.3311572634 +0.0023406447 -11.9873638889 +0.0001895854 +143.6983307099 +0.0045234769 +14.4972499280 +0.0427747016 +0.0009049893
+2.4000000000 +0.3387034722 +0.0023601377 -0.0547527778 +0.0028919378 +0.3375300347 +0.0023522527 +0.3352502366 +0.0023374761 -11.9765041667 +0.0002592069 +143.4393395833 +0.0061788374 +13.3685995576 +0.0671882292 +0.0191039398
+2.6000000000 +0.3458751736 +0.0023674483 -0.0620710069 +0.0029153443 +0.3438220980 +0.0023539252 +0.3398521810 +0.0023287407 -11.9595680556 +0.0003417873 +143.0359408179 +0.0081354638 +12.4168132978 +0.0995377093 +0.0417005598
+2.8000000000 +0.3514397569 +0.0023695270 -0.0696692708 +0.0029293447 +0.3480962252 +0.0023478934 +0.3416751212 +0.0023079539 -11.9348826389 +0.0004385027 +142.4491149884 +0.0104139474 +11.5501537236 +0.1412703260 +0.0600744071
+3.0000000000 +0.3553541667 +0.0023664347 -0.0777281250 +0.0029335791 +0.3502771147 +0.0023341006 +0.3406150866 +0.0022750407 -11.9008236111 +0.0005439925 +141.6414397376 +0.0128814894 +10.7520254838 +0.1893938387 +0.0746221542
+3.2000000000 +0.3526434028 +0.0023510763 -0.0896548611 +0.0029044008 +0.3454597560 +0.0023055254 +0.3319603343 +0.0022235681 -11.8575743056 +0.0006498941 +140.6189629051 +0.0153338517 +9.9496073906 +0.2375788128 +0.0728072765
+3.4000000000 +0.3466083333 +0.0023266785 -0.0930843750 +0.0028636077 +0.3366746552 +0.0022637728 +0.3183365195 +0.0021529561 -11.8041180556 +0.0007678963 +139.3607896605 +0.0180267433 +9.1709923109 +0.2938122064 +0.0638523294
+3.6000000000 +0.3451067708 +0.0023034439 -0.0910890625 +0.0028418111 +0.3313328402 +0.0022178130 +0.3065292238 +0.0020714415 -11.7381902778 +0.0009146126 +137.8185716435 +0.0213255962 +8.4893662782 +0.3717849578 +0.0692743902
+3.8000000000 +0.3499114583 +0.0022791341 -0.0714267361 +0.0028509400 +0.3302161265 +0.0021618819 +0.2959920317 +0.0019696005 -11.6505895833 +0.0011070712 +135.7852619020 +0.0255927348 +7.8736963403 +0.4888846143 +0.0951799670
+4.0000000000 +0.3516925347 +0.0022407026 -0.0408397569 +0.0028409931 +0.3245175649 +0.0020861540 +0.2793931842 +0.0018436568 -11.5355243056 +0.0013363335 +133.1397524884 +0.0305656853 +7.2298773318 +0.6428833590 +0.1156623082
+4.2000000000 +0.3430154514 +0.0021697823 -0.0048526042 +0.0027656566 +0.3059778007 +0.0019697850 +0.2488245288 +0.0016739091 -11.3791736111 +0.0016118980 +129.5895206790 +0.0363105175 +6.4566240272 +0.8483967932 +0.1140849117
+4.4000000000 +0.3194291667 +0.0020468047 +0.0198281250 +0.0025943121 +0.2696113715 +0.0017981052 +0.2020175829 +0.0014583043 -11.1632909722 +0.0020109598 +124.7808237075 +0.0443584939 +5.4843178585 +1.2031614821 +0.0736150212
+4.6000000000 +0.2708121528 +0.0018217305 +0.0158256944 +0.0022684623 +0.2060872999 +0.0015177616 +0.1346159862 +0.0011466735 -10.8488430556 +0.0024060416 +117.9289570988 +0.0518435689 +4.1555919998 +1.5758435479 -0.0565083261
+4.8000000000 +0.2316000000 +0.0016024869 +0.0055208333 +0.0019769083 +0.1563571301 +0.0012562451 +0.0875736183 +0.0008739801 -10.5514583333 +0.0025108558 +111.5854488426 +0.0530270795 +3.0815571034 +1.5760992657 -0.1940339028
+5.0000000000 +0.1978357639 +0.0013836819 +0.0010145833 +0.0017008893 +0.1157220124 +0.0010037204 +0.0536897715 +0.0006315909 -10.2632034722 +0.0023733160 +105.5586506752 +0.0490951404 +2.2055910615 +1.2977577384 -0.3364057806
+5.2000000000 +0.1656809028 +0.0011802004 -0.0024100694 +0.0014418675 +0.0831650825 +0.0007754738 +0.0309708177 +0.0004268388 -10.0365680556 +0.0021444850 +100.9166509645 +0.0434239659 +1.5428747332 +0.9796293943 -0.4926203969
+5.4000000000 +0.1413253472 +0.0010234250 -0.0028784722 +0.0012435887 +0.0618688030 +0.0006116409 +0.0187919304 +0.0002977349 -9.8597097222 +0.0019905707 +97.3723706790 +0.0394974390 +1.1172253141 +0.7826907285 -0.6364649712
+5.6000000000 +0.1257730903 +0.0009112239 -0.0027223958 +0.0011070752 +0.0490320325 +0.0004995508 +0.0123861794 +0.0002166037 -9.7169118056 +0.0019210933 +94.5659990162 +0.0374557922 +0.8540527427 +0.6778652109 -0.7173401338
+5.8000000000 +0.1145345486 +0.0008253908 -0.0040015625 +0.0010044021 +0.0403689586 +0.0004163626 +0.0085639649 +0.0001564575 -9.5892277778 +0.0018953358 +92.0969812886 +0.0363830884 +0.6765714807 +0.6150902404 -0.7516951641
+6.0000000000 +0.1063739583 +0.0007607422 -0.0044284722 +0.0009279676 +0.0344645665 +0.0003564463 +0.0062699657 +0.0001163288 -9.4719993056 +0.0019094839 +89.8646159915 +0.0361281447 +0.5555795386 +0.5833805883 -0.7595364626
+6.2000000000 +0.0992194444 +0.0007053615 -0.0041552083 +0.0008620996 +0.0297458936 +0.0003104166 +0.0047391570 +0.0000908332 -9.3577923611 +0.0019474959 +87.7199874807 +0.0363512077 +0.4622259591 +0.5683190275 -0.7853599988
+6.4000000000 +0.0933885417 +0.0006609224 -0.0032149306 +0.0008090708 +0.0261941575 +0.0002759591 +0.0037322703 +0.0000734221 -9.2436944444 +0.0019941689 +85.6049553627 +0.0367072940 +0.3931366003 +0.5592247749 -0.8131885455
+6.6000000000 +0.0883982639 +0.0006234115 -0.0032034722 +0.0007640299 +0.0233599296 +0.0002481666 +0.0030091529 +0.0000599517 -9.1309791667 +0.0020647566 +83.5453093364 +0.0374903026 +0.3391783971 +0.5637315515 -0.8381457206
+6.8000000000 +0.0835805556 +0.0005882374 -0.0026489583 +0.0007214503 +0.0208266397 +0.0002243082 +0.0024463165 +0.0000502581 -9.0163583333 +0.0021567461 +81.4807797454 +0.0386234084 +0.2931020554 +0.5794323020 -0.8799789202
+7.0000000000 +0.0796526042 +0.0005574844 -0.0018366319 +0.0006850679 +0.0187760935 +0.0002043797 +0.0020233834 +0.0000422821 -8.8962152778 +0.0022538382 +79.3458377315 +0.0397678447 +0.2557348695 +0.5971340951 -0.9131387117
+7.2000000000 +0.0764916667 +0.0005299193 -0.0016684028 +0.0006534671 +0.0170835552 +0.0001871862 +0.0016933942 +0.0000359438 -8.7752756944 +0.0023636017 +77.2289280286 +0.0410507235 +0.2246516020 +0.6207347640 -0.9341061915
+7.4000000000 +0.0736090278 +0.0005051374 -0.0011621528 +0.0006249698 +0.0156248409 +0.0001724858 +0.0014341900 +0.0000308489 -8.6501819444 +0.0025035469 +75.0763575617 +0.0428102732 +0.1986139826 +0.6592809372 -0.9581873130
+7.6000000000 +0.0715741319 +0.0004858654 -0.0005796875 +0.0006034303 +0.0145654622 +0.0001614754 +0.0012551254 +0.0000274303 -8.5135576389 +0.0026557946 +72.7627934607 +0.0445893187 +0.1789125324 +0.7033706675 -0.9720472311
+7.8000000000 +0.0697342014 +0.0004675292 -0.0002001736 +0.0005832272 +0.0136062006 +0.0001518507 +0.0011074736 +0.0000247336 -8.3680923611 +0.0028240045 +70.3439698110 +0.0465622996 +0.1614155396 +0.7550296967 -0.9940607431
+8.0000000000 +0.0681982639 +0.0004483042 -0.0004315972 +0.0005632469 +0.0126900704 +0.0001408896 +0.0009550327 +0.0000211512 -8.2122847222 +0.0030022393 +67.8021579861 +0.0485299187 +0.1447032098 +0.8112096614 -0.9768281660
+8.2000000000 +0.0665758681 +0.0004299374 +0.0003519097 +0.0005437386 +0.0118261924 +0.0001315323 +0.0008318892 +0.0000183730 -8.0395333333 +0.0032302797 +65.0514844907 +0.0509541942 +0.1298431521 +0.8938713758 -0.9826878038
+8.4000000000 +0.0659227431 +0.0004148480 +0.0005706597 +0.0005298452 +0.0112297610 +0.0001236266 +0.0007374492 +0.0000163486 -7.8514527778 +0.0034703617 +62.1270471451 +0.0533178382 +0.1180106227 +0.9831355579 -0.9492603088
+8.6000000000 +0.0651515625 +0.0003996231 +0.0007279514 +0.0005155614 +0.0106326714 +0.0001168009 +0.0006587513 +0.0000151891 -7.6447486111 +0.0037605084 +59.0078382716 +0.0561674023 +0.1069609453 +1.1013331532 -0.9422961243
+8.8000000000 +0.0644112847 +0.0003846612 +0.0011418403 +0.0005016493 +0.0100673840 +0.0001099900 +0.0005852646 +0.0000138265 -7.4136361111 +0.0040513448 +55.6185361883 +0.0585917614 +0.0968493341 +1.2208310336 -0.9248538701
+9.0000000000 +0.0635057292 +0.0003666295 +0.0010005208 +0.0004849914 +0.0094096656 +0.0001013499 +0.0004994142 +0.0000119166 -7.1537937500 +0.0043725997 +51.9415501350 +0.0610321692 +0.0860270067 +1.3596179866 -0.8801445095
+9.2000000000 +0.0630550347 +0.0003520160 +0.0010598958 +0.0004725311 +0.0089325485 +0.0000947375 +0.0004387982 +0.0000101607 -6.8734034722 +0.0046378463 +48.1040600116 +0.0624356515 +0.0775817384 +1.4637925286 -0.8331282467
+9.4000000000 +0.0630907986 +0.0003355770 +0.0011512153 +0.0004605323 +0.0084849260 +0.0000874339 +0.0003777814 +0.0000085764 -6.5666548611 +0.0048704054 +44.0697900270 +0.0630464304 +0.0690047556 +1.5463115724 -0.7491345808
+9.6000000000 +0.0633182292 +0.0003229869 +0.0008206597 +0.0004522540 +0.0081820204 +0.0000825299 +0.0003393925 +0.0000078337 -6.2513902778 +0.0050487881 +40.0994908565 +0.0628299125 +0.0625923338 +1.5931413303 -0.6898956831
+9.8000000000 +0.0634312500 +0.0003100211 +0.0002520833 +0.0004435082 +0.0078680459 +0.0000766430 +0.0002968720 +0.0000069992 -5.9436729167 +0.0050655785 +36.3536511767 +0.0606291700 +0.0564909419 +1.5389639196 -0.5985059789
+10.0000000000 +0.0636041667 +0.0002996452 +0.0000906250 +0.0004369488 +0.0076369792 +0.0000714280 +0.0002624019 +0.0000061013 -5.6384618056 +0.0050157491 +32.7985610918 +0.0576548789 +0.0517174438 +1.4490857651 -0.4996932320
+10.2000000000 +0.0638394097 +0.0002866182 -0.0008505208 +0.0004289739 +0.0073614692 +0.0000659141 +0.0002279779 +0.0000050662 -5.3568333333 +0.0048634004 +29.6417699074 +0.0536626199 +0.0463905734 +1.3094900295 -0.4023052027
+10.4000000000 +0.0636258681 +0.0002784711 +0.0000161458 +0.0004227912 +0.0071500977 +0.0000624086 +0.0002069174 +0.0000046537 -5.1114201389 +0.0046874918 +27.0055190008 +0.0496521754 +0.0429486448 +1.1701373492 -0.3491235033
+10.6000000000 +0.0635463542 +0.0002722007 -0.0003432292 +0.0004183823 +0.0070018675 +0.0000600871 +0.0001934448 +0.0000043885 -4.8969513889 +0.0045037239 +24.7914740741 +0.0459606891 +0.0402619707 +1.0398106829 -0.3152488192
+10.8000000000 +0.0630663194 +0.0002656646 -0.0001503472 +0.0004123241 +0.0068004678 +0.0000571841 +0.0001770470 +0.0000038286 -4.6980993056 +0.0043196275 +22.8185043403 +0.0423530334 +0.0376414285 +0.9214410561 -0.2761148801
+11.0000000000 +0.0629432292 +0.0002586793 +0.0008196181 +0.0004073628 +0.0066384488 +0.0000537953 +0.0001598264 +0.0000033861 -4.5297409722 +0.0041716047 +21.2146446952 +0.0394186738 +0.0350391107 +0.8284063178 -0.2089099441
+11.2000000000 +0.0623223958 +0.0002540309 +0.0005598958 +0.0004020272 +0.0064653489 +0.0000517198 +0.0001487984 +0.0000029388 -4.3752638889 +0.0040075183 +19.7853422068 +0.0365693526 +0.0331877300 +0.7374582888 -0.1865688753
+11.4000000000 +0.0621741319 +0.0002498897 +0.0009362847 +0.0003988277 +0.0063634175 +0.0000498478 +0.0001398852 +0.0000027810 -4.2360534722 +0.0039015414 +18.5530300347 +0.0344099971 +0.0315510923 +0.6746604047 -0.1515149487
+11.6000000000 +0.0617819444 +0.0002474014 +0.0004364583 +0.0003957624 +0.0062653067 +0.0000487309 +0.0001342419 +0.0000026467 -4.1005541667 +0.0037851203 +17.3876298997 +0.0323065353 +0.0303926655 +0.6132899921 -0.1399405850
+11.8000000000 +0.0613552083 +0.0002430890 -0.0000440972 +0.0003914125 +0.0061281515 +0.0000470986 +0.0001262853 +0.0000024124 -3.9856722222 +0.0036782210 +16.4267554398 +0.0303768798 +0.0288450297 +0.5596726678 -0.1209148800
+12.0000000000 +0.0608840278 +0.0002397311 +0.0000572917 +0.0003874823 +0.0060057051 +0.0000458113 +0.0001200155 +0.0000022666 -3.8737513889 +0.0035955500 +15.5230690201 +0.0287061372 +0.0275860826 +0.5171191971 -0.1091440823
