# T, am1a, am1e, m1a, m1e, m2a, m2e, m4a, m4e, e1a, e1e, e2a, e2e, susc, spec, bind
+2.0000000000 +0.6051125000 +0.0024416011 -0.1484734375 +0.0038163248 +0.6046177734 +0.0024398584 +0.6036790071 +0.0024370008 -11.9941593750 +0.0001940942 +143.8613660156 +0.0046054545 +7.6306123450 +0.0241104436 +0.4495435060
+2.2000000000 +0.6056632813 +0.0024382969 -0.1436257813 +0.0038210316 +0.6046396729 +0.0024347057 +0.6027008042 +0.0024288370 -11.9875062500 +0.0002862473 +143.7035835938 +0.0067857644 +6.9181574574 +0.0433388425 +0.4504752757
+2.4000000000 +0.6063648437 +0.0024332331 -0.1386242188 +0.0038252012 +0.6045032471 +0.0024267463 +0.6009880835 +0.0024162128 -11.9770625000 +0.0003889227 +143.4560765625 +0.0092112651 +6.3153312889 +0.0672270399 +0.4517895244
+2.6000000000 +0.6086824219 +0.0024231525 -0.1346308594 +0.0038315648 +0.6053610168 +0.0024117781 +0.5991289035 +0.0023935431 -11.9594781250 +0.0005211487 +143.0399808594 +0.0123212281 +5.7813347974 +0.1028528949 +0.4550331115
+2.8000000000 +0.6102648438 +0.0024107951 -0.1249156250 +0.0038382828 +0.6049005005 +0.0023927933 +0.5949230060 +0.0023644256 -11.9343843750 +0.0006685831 +142.4474105469 +0.0157699714 +5.3137673365 +0.1459602990 +0.4580345252
+3.0000000000 +0.6089625000 +0.0023981289 -0.1129898437 +0.0038344149 +0.6008762085 +0.0023714129 +0.5859961846 +0.0023300355 -11.9002000000 +0.0008300055 +141.6423164062 +0.0195177596 +4.9075388179 +0.1959563822 +0.4589922127
+3.2000000000 +0.6040312500 +0.0023842607 -0.0991703125 +0.0038157796 +0.5922417114 +0.0023460194 +0.5709025227 +0.0022882373 -11.8527140625 +0.0010283140 +140.5291278320 +0.0240578698 +4.5477592090 +0.2643574040 +0.4574463061
+3.4000000000 +0.5963015625 +0.0023671906 -0.0859179688 +0.0037826489 +0.5797192017 +0.0023146632 +0.5503809825 +0.0022375293 -11.7907281250 +0.0012531329 +139.0840833984 +0.0291315378 +4.2191745547 +0.3477574022 +0.4541079200
+3.6000000000 +0.5832597656 +0.0023473372 -0.0764988281 +0.0037240420 +0.5605916321 +0.0022771319 +0.5216761579 +0.0021773174 -11.7115062500 +0.0015057415 +137.2500689453 +0.0347210620 +3.9182164957 +0.4478533409 +0.4466670755
+3.8000000000 +0.5655593750 +0.0023228504 -0.0652445313 +0.0036449483 +0.5356827637 +0.0022320193 +0.4862324380 +0.0021058553 -11.6107234375 +0.0017884257 +134.9368374023 +0.0408404388 +3.6349533814 +0.5670411534 +0.4351835607
+4.0000000000 +0.5391105469 +0.0022872491 -0.0614144531 +0.0035218205 +0.4999005188 +0.0021724352 +0.4386795160 +0.0020179272 -11.4777265625 +0.0021425635 +131.9218301758 +0.0482752352 +3.3481653928 +0.7344925291 +0.4148611605
+4.2000000000 +0.5062261719 +0.0022355401 -0.0616746094 +0.0033629108 +0.4561705139 +0.0020926917 +0.3832658834 +0.0019045110 -11.3116062500 +0.0025058729 +128.2036119141 +0.0556757746 +3.0461802183 +0.9112959965 +0.3860620386
+4.4000000000 +0.4640734375 +0.0021636808 -0.0564484375 +0.0031600566 +0.4026247314 +0.0019884531 +0.3202645046 +0.0017605294 -11.1115125000 +0.0028570035 +123.7922087891 +0.0624939482 +2.7237901971 +1.0793347154 +0.3414531802
+4.6000000000 +0.4152792969 +0.0020618411 -0.0474902344 +0.0029165438 +0.3425044373 +0.0018511095 +0.2543735423 +0.0015826890 -10.8744531250 +0.0031489446 +118.6503648437 +0.0677663021 +2.3658788569 +1.1996493790 +0.2771997759
+4.8000000000 +0.3663843750 +0.0019373412 -0.0393414063 +0.0026590477 +0.2843691406 +0.0016908374 +0.1952230505 +0.0013861226 -10.6299921875 +0.0033077840 +113.4343913086 +0.0700586777 +2.0017550717 +1.2157150063 +0.1952797893
+5.0000000000 +0.3173113281 +0.0017918570 -0.0308097656 +0.0023883430 +0.2291165344 +0.0015084057 +0.1435058988 +0.0011753290 -10.3848578125 +0.0033484152 +108.2937471680 +0.0697228477 +1.6439047100 +1.1480969782 +0.0887539995
+5.2000000000 +0.2746789063 +0.0016403506 -0.0243601563 +0.0021359137 +0.1830785034 +0.0013237155 +0.1036066513 +0.0009740856 -10.1672031250 +0.0032874137 +103.8043029297 +0.0672962837 +1.3246769462 +1.0231563188 -0.0303663688
+5.4000000000 +0.2384070313 +0.0014908257 -0.0199750000 +0.0019061831 +0.1457403687 +0.0011456823 +0.0737437752 +0.0007895519 -9.9664125000 +0.0031854888 +99.7352716797 +0.0640198036 +1.0536587390 +0.8908500621 -0.1572958211
+5.6000000000 +0.2119710938 +0.0013628155 -0.0197015625 +0.0017236171 +0.1192223877 +0.0009958435 +0.0538821469 +0.0006420595 -9.8048546875 +0.0030840206 +96.5156227539 +0.0609330878 +0.8490359213 +0.7764230835 -0.2635953120
+5.8000000000 +0.1904589844 +0.0012526778 -0.0181097656 +0.0015709450 +0.0990426941 +0.0008716498 +0.0402003929 +0.0005261009 -9.6556265625 +0.0030294542 +93.5982280273 +0.0587787270 +0.6926131792 +0.6984137225 -0.3660423156
+6.0000000000 +0.1732046875 +0.0011535018 -0.0160703125 +0.0014401759 +0.0832225220 +0.0007591601 +0.0299789515 +0.0004205855 -9.5214265625 +0.0030017881 +91.0179930664 +0.0572177188 +0.5677083541 +0.6407631668 -0.4428242727
+6.2000000000 +0.1600019531 +0.0010752382 -0.0148386719 +0.0013381510 +0.0718461121 +0.0006755516 +0.0234166629 +0.0003495287 -9.3957765625 +0.0030206406 +88.6455879883 +0.0566403152 +0.4773727696 +0.6076516560 -0.5121581202
+6.4000000000 +0.1499441406 +0.0010105636 -0.0140066406 +0.0012563500 +0.0633327942 +0.0006105929 +0.0189239906 +0.0002973623 -9.2708031250 +0.0030874796 +86.3290917969 +0.0569177156 +0.4084954888 +0.5957831474 -0.5726575763
+6.6000000000 +0.1421492188 +0.0009550104 -0.0127960937 +0.0011887436 +0.0566881958 +0.0005554891 +0.0155562771 +0.0002559245 -9.1534046875 +0.0031929454 +84.1926133789 +0.0578004166 +0.3537628646 +0.5991493198 -0.6136121099
+6.8000000000 +0.1350273438 +0.0009033744 -0.0116054688 +0.0011262893 +0.0508757935 +0.0005055767 +0.0128126565 +0.0002183034 -9.0327156250 +0.0032973445 +82.0248507812 +0.0587019132 +0.3072320931 +0.6019366355 -0.6500440430
+7.0000000000 +0.1283234375 +0.0008570712 -0.0103554687 +0.0010693749 +0.0458497437 +0.0004621626 +0.0106459688 +0.0001862837 -8.9120515625 +0.0034312526 +79.8956028320 +0.0600591874 +0.2686430998 +0.6151050180 -0.6880686709
+7.2000000000 +0.1229781250 +0.0008169599 -0.0088375000 +0.0010215485 +0.0418205566 +0.0004260576 +0.0090099613 +0.0001616032 -8.7843296875 +0.0035947257 +77.6813301758 +0.0618215262 +0.2373061103 +0.6381260705 -0.7172046368
+7.4000000000 +0.1183351563 +0.0007789221 -0.0078429688 +0.0009773751 +0.0382719971 +0.0003932950 +0.0076519826 +0.0001409052 -8.6511078125 +0.0037873135 +75.4154161133 +0.0639040770 +0.2098922194 +0.6705621385 -0.7413676330
+7.6000000000 +0.1153660156 +0.0007499622 -0.0069433594 +0.0009455004 +0.0358070496 +0.0003696289 +0.0067471663 +0.0001271182 -8.5103187500 +0.0040129148 +73.0696646484 +0.0664201020 +0.1894545853 +0.7137278912 -0.7541352894
+7.8000000000 +0.1120847656 +0.0007205088 -0.0055167969 +0.0009123853 +0.0333283142 +0.0003461393 +0.0059032743 +0.0001149656 -8.3631750000 +0.0042863889 +70.6776212891 +0.0693588887 +0.1703821089 +0.7730968662 -0.7715157469
+8.0000000000 +0.1091339844 +0.0006921275 -0.0049199219 +0.0008810170 +0.0310718445 +0.0003232590 +0.0051453142 +0.0001011817 -8.2064984375 +0.0045447737 +68.1728153320 +0.0718668868 +0.1532929435 +0.8261987273 -0.7764646676
+8.2000000000 +0.1070265625 +0.0006680220 -0.0039125000 +0.0008557090 +0.0293048218 +0.0003055064 +0.0045921391 +0.0000927965 -8.0396671875 +0.0048271117 +65.5682887695 +0.0745523774 +0.1393181401 +0.8871293599 -0.7824428276
+8.4000000000 +0.1047765625 +0.0006444005 -0.0029882813 +0.0008303505 +0.0275882080 +0.0002880961 +0.0040810844 +0.0000835354 -7.8591453125 +0.0051458894 +62.8253721680 +0.0775650272 +0.1265529902 +0.9607320861 -0.7873406591
+8.6000000000 +0.1021128906 +0.0006173020 -0.0018425781 +0.0008010324 +0.0256695129 +0.0002687955 +0.0035489641 +0.0000745653 -7.6566234375 +0.0054889263 +59.8290149414 +0.0803777421 +0.1134323387 +1.0428404350 -0.7953333427
+8.8000000000 +0.1010578125 +0.0005959860 -0.0016710938 +0.0007813108 +0.0244206543 +0.0002530060 +0.0031568495 +0.0000664110 -7.4356828125 +0.0058539886 +56.6601461914 +0.0832647097 +0.1033307115 +1.1328655399 -0.7644852527
+9.0000000000 +0.0995277344 +0.0005731372 -0.0007308594 +0.0007590238 +0.0230452209 +0.0002358119 +0.0027553728 +0.0000569980 -7.1996468750 +0.0061933328 +53.3692099609 +0.0854891050 +0.0934360963 +1.2122823397 -0.7294075594
+9.2000000000 +0.0982808594 +0.0005538558 -0.0007363281 +0.0007404194 +0.0219293762 +0.0002246549 +0.0024996898 +0.0000531073 -6.9419515625 +0.0065172503 +49.8896735352 +0.0872099421 +0.0853582532 +1.2846745097 -0.7326558195
+9.4000000000 +0.0974507812 +0.0005333627 -0.0002523438 +0.0007224199 +0.0208756836 +0.0002120309 +0.0022340787 +0.0000491325 -6.6833750000 +0.0067522030 +46.4911912109 +0.0876507317 +0.0774742388 +1.3209161215 -0.7088179302
+9.6000000000 +0.0962578125 +0.0005130692 +0.0000179687 +0.0007034765 +0.0197951660 +0.0001997880 +0.0019884592 +0.0000444073 -6.4195093750 +0.0069533335 +43.1440544922 +0.0876275910 +0.0701973303 +1.3430235253 -0.6915199630
+9.8000000000 +0.0954777344 +0.0004927192 -0.0000308594 +0.0006860555 +0.0188268860 +0.0001876721 +0.0017632843 +0.0000398209 -6.1477953125 +0.0071074111 +39.8159989258 +0.0867826299 +0.0634180456 +1.3465134337 -0.6582274781
+10.0000000000 +0.0947156250 +0.0004740670 -0.0003953125 +0.0006700835 +0.0179606323 +0.0001735874 +0.0015278873 +0.0000333011 -5.8878500000 +0.0071607350 +36.7178226563 +0.0849791831 +0.0575333293 +1.3126688216 -0.5787988794
+10.2000000000 +0.0941597656 +0.0004593194 -0.0001902344 +0.0006577423 +0.0173050354 +0.0001657616 +0.0013985409 +0.0000318680 -5.6240796875 +0.0071589113 +33.6802727539 +0.0820179255 +0.0529504247 +1.2610537009 -0.5567143753
+10.4000000000 +0.0936464844 +0.0004476302 -0.0003542969 +0.0006477741 +0.0167845764 +0.0001585961 +0.0012878307 +0.0000294142 -5.3812296875 +0.0070745013 +30.9595756836 +0.0788243034 +0.0493225377 +1.1845814994 -0.5237605787
+10.6000000000 +0.0925351563 +0.0004289130 -0.0003195312 +0.0006308983 +0.0159214111 +0.0001468107 +0.0011156264 +0.0000248314 -5.1569218750 +0.0069380577 +28.5193089844 +0.0749385796 +0.0444296211 +1.0967409097 -0.4670145259
+10.8000000000 +0.0920324219 +0.0004195625 -0.0000324219 +0.0006227213 +0.0155112732 +0.0001412802 +0.0010390036 +0.0000234876 -4.9462109375 +0.0068244330 +26.3279180664 +0.0715245502 +0.0417262608 +1.0221758179 -0.4394643383
+11.0000000000 +0.0918667969 +0.0004110478 -0.0000035156 +0.0006163992 +0.0151979187 +0.0001358290 +0.0009689571 +0.0000220232 -4.7540750000 +0.0066370516 +24.3632472656 +0.0673211013 +0.0393216601 +0.9319765474 -0.3983472810
+11.2000000000 +0.0922109375 +0.0004034061 -0.0002679687 +0.0006126223 +0.0150123169 +0.0001303248 +0.0009047517 +0.0000196731 -4.5755484375 +0.0064667806 +22.6084135742 +0.0635812306 +0.0371969137 +0.8534541175 -0.3381743886
+11.4000000000 +0.0914292969 +0.0003950624 -0.0002699219 +0.0006041981 +0.0146022888 +0.0001245967 +0.0008342007 +0.0000175894 -4.4051906250 +0.0063371314 +21.0120738281 +0.0603456053 +0.0350482666 +0.7910714118 -0.3040895721
+11.6000000000 +0.0905878906 +0.0003879708 +0.0001933594 +0.0005963846 +0.0142270203 +0.0001211290 +0.0007892976 +0.0000172125 -4.2564562500 +0.0061548196 +19.6326919922 +0.0567197299 +0.0332185067 +0.7207002064 -0.2998451240
+11.8000000000 +0.0898367188 +0.0003774543 +0.0004703125 +0.0005867130 +0.0137695068 +0.0001125826 +0.0006965926 +0.0000134189 -4.1160515625 +0.0059887572 +18.3764889648 +0.0535320461 +0.0309091298 +0.6594006319 -0.2246749349
+12.0000000000 +0.0901800781 +0.0003769750 +0.0001910156 +0.0005877248 +0.0138168518 +0.0001138334 +0.0007092271 +0.0000150561 -3.9927671875 +0.0058476648 +17.3099971680 +0.0507902935 +0.0303168284 +0.6079143797 -0.2383570419
