# T, am1a, am1e, m1a, m1e, m2a, m2e, m4a, m4e, e1a, e1e, e2a, e2e, susc, spec, bind
+2.0000000000 +0.4557250000 +0.0024887706 -0.0080444444 +0.0033740915 +0.4554444444 +0.0024874926 +0.4549344222 +0.0024855494 -11.9948388889 +0.0002411024 +143.8784851852 +0.0056742863 +4.4596650387 +0.0209269331 +0.2689337650
+2.2000000000 +0.4554861111 +0.0024870730 -0.0077111111 +0.0033720521 +0.4548888889 +0.0024843601 +0.4538056956 +0.0024802797 -11.9894444444 +0.0003487964 +143.7516444444 +0.0081998366 +4.0487120423 +0.0361960514 +0.2689652365
+2.4000000000 +0.4552777778 +0.0024840296 -0.0064388889 +0.0033691710 +0.4540939815 +0.0024787065 +0.4519607839 +0.0024708152 -11.9795444444 +0.0004913157 +143.5191407407 +0.0115309135 +3.7022418981 +0.0603477770 +0.2693859715
+2.6000000000 +0.4545305556 +0.0024789531 -0.0044194444 +0.0033629854 +0.4524063657 +0.0024695024 +0.4486091967 +0.0024556966 -11.9626666667 +0.0006709363 +143.1234000000 +0.0157138414 +3.4035000896 +0.0958911243 +0.2693834537
+2.8000000000 +0.4543395833 +0.0024719758 -0.0033090278 +0.0033572313 +0.4508510224 +0.0024567428 +0.4446900501 +0.0024349390 -11.9392722222 +0.0008658442 +142.5762086420 +0.0202238433 +3.1426272693 +0.1376974545 +0.2707607431
+3.0000000000 +0.4516625000 +0.0024614715 -0.0025361111 +0.0033404576 +0.4463527006 +0.0024386132 +0.4371040996 +0.0024064498 -11.9074638889 +0.0010823824 +141.8345583334 +0.0251939056 +2.9082442405 +0.1874482726 +0.2686802679
+3.2000000000 +0.4498354167 +0.0024468644 -0.0029631944 +0.0033235107 +0.4418377122 +0.0024135577 +0.4282309906 +0.0023681923 -11.8621416667 +0.0013458070 +140.7828527778 +0.0311609421 +2.6942153637 +0.2546994998 +0.2688082614
+3.4000000000 +0.4475284722 +0.0024256739 -0.0005923611 +0.0033001406 +0.4356374807 +0.0023785963 +0.4160888249 +0.0023169031 -11.8010472222 +0.0016532717 +139.3740478395 +0.0380031378 +2.4920020298 +0.3404812060 +0.2691734413
+3.6000000000 +0.4418152778 +0.0023967723 +0.0013847222 +0.0032595227 +0.4249814429 +0.0023330730 +0.3983384079 +0.0022525741 -11.7214861111 +0.0019901304 +137.5516614198 +0.0453954161 +2.2978070322 +0.4400687966 +0.2648245517
+3.8000000000 +0.4344840278 +0.0023591017 +0.0039270833 +0.0032069276 +0.4113907986 +0.0022759261 +0.3764359663 +0.0021738611 -11.6200027778 +0.0023722708 +135.2495712963 +0.0535674716 +2.1089787936 +0.5612079409 +0.2585861258
+4.0000000000 +0.4245284722 +0.0023121893 +0.0067298611 +0.0031385821 +0.3940732060 +0.0022078109 +0.3502708491 +0.0020832795 -11.4964750000 +0.0027681524 +132.4754441358 +0.0618555885 +1.9246390406 +0.6896400979 +0.2481539435
+4.2000000000 +0.4132902778 +0.0022518880 +0.0089805556 +0.0030560113 +0.3736488426 +0.0021241107 +0.3200873105 +0.0019750208 -11.3430555556 +0.0031900861 +129.0719753087 +0.0704132228 +1.7386284762 +0.8307468821 +0.2357773239
+4.4000000000 +0.3990256944 +0.0021803968 +0.0114687500 +0.0029548908 +0.3493867091 +0.0020283405 +0.2866376748 +0.0018532348 -11.1595833333 +0.0035997765 +125.0546358025 +0.0784211016 +1.5558971259 +0.9638472437 +0.2172929291
+4.6000000000 +0.3777916667 +0.0020952122 +0.0111361111 +0.0028204570 +0.3183231096 +0.0019162184 +0.2482053212 +0.0017114444 -10.9523027778 +0.0039404498 +120.5740219136 +0.0847180627 +1.3742339961 +1.0566676743 +0.1835050631
+4.8000000000 +0.3563513889 +0.0020035570 +0.0094166667 +0.0026807987 +0.2875559414 +0.0017986251 +0.2120905144 +0.0015667040 -10.7362750000 +0.0041688514 +115.9627737655 +0.0884803310 +1.2042722175 +1.0862076403 +0.1450212904
+5.0000000000 +0.3330541667 +0.0019018205 +0.0089736111 +0.0025274562 +0.2556019290 +0.0016718813 +0.1771398288 +0.0014145223 -10.5097250000 +0.0043217630 +111.2014250000 +0.0903771176 +1.0416733278 +1.0758318111 +0.0962117066
+5.2000000000 +0.3072680556 +0.0017965859 +0.0055125000 +0.0023637476 +0.2235224923 +0.0015396863 +0.1447876649 +0.0012574030 -10.2993361111 +0.0043811642 +106.8441083334 +0.0902703245 +0.8938303914 +1.0221976381 +0.0340206403
+5.4000000000 +0.2837784722 +0.0016941525 +0.0050937500 +0.0022096967 +0.1953363233 +0.0014121132 +0.1179188305 +0.0011100580 -10.1041916667 +0.0043786148 +102.8615799383 +0.0888584449 +0.7653740134 +0.9467786439 -0.0301391454
+5.6000000000 +0.2620263889 +0.0015969789 +0.0052888889 +0.0020654510 +0.1706714892 +0.0012920022 +0.0958995454 +0.0009768723 -9.9196972222 +0.0043506791 +99.1575293210 +0.0868282091 +0.6558021047 +0.8691616153 -0.0974211803
+5.8000000000 +0.2435965278 +0.0015078628 +0.0063493056 +0.0019380723 +0.1502852816 +0.0011813166 +0.0784060227 +0.0008544227 -9.7589388889 +0.0042788816 +95.9692413580 +0.0840441749 +0.5644924963 +0.7837310450 -0.1571649489
+6.0000000000 +0.2276326389 +0.0014270621 +0.0050479167 +0.0018251807 +0.1332768711 +0.0010849268 +0.0648453732 +0.0007523001 -9.6085361111 +0.0042743172 +93.0547577160 +0.0823786135 +0.4887615171 +0.7307915175 -0.2168811467
+6.2000000000 +0.2147000000 +0.0013552116 +0.0030861111 +0.0017288038 +0.1195600309 +0.0010021833 +0.0544694541 +0.0006680539 -9.4684666667 +0.0042819391 +90.3852611111 +0.0810096582 +0.4265648179 +0.6868471217 -0.2701638011
+6.4000000000 +0.2033027778 +0.0012876959 +0.0018458333 +0.0016405414 +0.1076584491 +0.0009240749 +0.0457469160 +0.0005897879 -9.3332083333 +0.0043123199 +87.8526219136 +0.0800777344 +0.3730861666 +0.6537692462 -0.3156619924
+6.6000000000 +0.1938159722 +0.0012307077 +0.0007770833 +0.0015664425 +0.0981502894 +0.0008595620 +0.0391873523 +0.0005262895 -9.2072388889 +0.0043769816 +85.5395666667 +0.0796763479 +0.3304672269 +0.6333212476 -0.3559432030
+6.8000000000 +0.1848437500 +0.0011766219 +0.0003673611 +0.0014962005 +0.0895447724 +0.0007995100 +0.0335869158 +0.0004684266 -9.0747527778 +0.0045249156 +83.1701324074 +0.0805064296 +0.2931753201 +0.6376254210 -0.3962667550
+7.0000000000 +0.1766583333 +0.0011251262 +0.0005055556 +0.0014304218 +0.0818445216 +0.0007444368 +0.0288659694 +0.0004198198 -8.9447611111 +0.0046797845 +80.8847666667 +0.0814856061 +0.2604155393 +0.6436031009 -0.4364339580
+7.2000000000 +0.1706062500 +0.0010827568 +0.0006979167 +0.0013784094 +0.0760009838 +0.0006989468 +0.0253172131 +0.0003792443 -8.8236277778 +0.0048639522 +78.8027283951 +0.0830528640 +0.2344724563 +0.6571675238 -0.4610201784
+7.4000000000 +0.1641534722 +0.0010392058 +0.0008673611 +0.0013242314 +0.0701443094 +0.0006538144 +0.0220191550 +0.0003409954 -8.6884027778 +0.0051195494 +76.5367342593 +0.0855166016 +0.2101521745 +0.6892273830 -0.4917447084
+7.6000000000 +0.1591284722 +0.0010019366 +0.0007909722 +0.0012794171 +0.0654769483 +0.0006171854 +0.0195239457 +0.0003108827 -8.5407805556 +0.0053549603 +74.0919564815 +0.0875473362 +0.1902082625 +0.7149041447 -0.5179919800
+7.8000000000 +0.1540923611 +0.0009653778 +0.0008340278 +0.0012351309 +0.0610226273 +0.0005814700 +0.0172480574 +0.0002844955 -8.3981694444 +0.0056869130 +71.8228891975 +0.0908374203 +0.1720530995 +0.7654669704 -0.5439638547
+8.0000000000 +0.1491902778 +0.0009265801 +0.0009416667 +0.0011895260 +0.0565997685 +0.0005451160 +0.0150895930 +0.0002554341 -8.2286500000 +0.0060391535 +69.1695358025 +0.0940793302 +0.1545391329 +0.8206059262 -0.5700987241
+8.2000000000 +0.1458798611 +0.0008963918 +0.0007645833 +0.0011556500 +0.0534216628 +0.0005177012 +0.0135744564 +0.0002330680 -8.0614333333 +0.0063896425 +66.6198086420 +0.0970944103 +0.1411056392 +0.8743552224 -0.5855005204
+8.4000000000 +0.1428861111 +0.0008672612 +0.0015527778 +0.0011236070 +0.0505021219 +0.0004915972 +0.0122171752 +0.0002140222 -7.8768583333 +0.0067668514 +63.8765083333 +0.1001193515 +0.1289386336 +0.9344954745 -0.5967256263
+8.6000000000 +0.1400145833 +0.0008367492 +0.0012326389 +0.0010909690 +0.0476100502 +0.0004674857 +0.0110084313 +0.0001996971 -7.6833444444 +0.0071647590 +61.0871327160 +0.1034921747 +0.1172342788 +0.9994677002 -0.6188510948
+8.8000000000 +0.1373395833 +0.0008109127 +0.0016784722 +0.0010625737 +0.0451653356 +0.0004462258 +0.0100046065 +0.0001861486 -7.4788750000 +0.0075230900 +58.1974466049 +0.1057900604 +0.1076038957 +1.0524213871 -0.6348137089
+9.0000000000 +0.1351097222 +0.0007841473 +0.0013222222 +0.0010349924 +0.0428501157 +0.0004240830 +0.0090299866 +0.0001698768 -7.2598333333 +0.0078644696 +55.1791753086 +0.1076945014 +0.0983819148 +1.0995534582 -0.6393128827
+9.2000000000 +0.1333750000 +0.0007588578 +0.0013347222 +0.0010102192 +0.0408234954 +0.0004033149 +0.0081730748 +0.0001561641 -7.0368027778 +0.0081842284 +52.1958570988 +0.1094367388 +0.0901354099 +1.1395734352 -0.6347217708
+9.4000000000 +0.1313659722 +0.0007347213 +0.0008020833 +0.0009855074 +0.0388496335 +0.0003844483 +0.0074213141 +0.0001454283 -6.8148222222 +0.0084714124 +49.3123950617 +0.1105185783 +0.0826951206 +1.1695490390 -0.6390254747
+9.6000000000 +0.1296173611 +0.0007085126 +0.0012590278 +0.0009601911 +0.0368802662 +0.0003640687 +0.0066619948 +0.0001358354 -6.5844916667 +0.0086989100 +46.3823719136 +0.1105832971 +0.0752985221 +1.1823599239 -0.6326569558
+9.8000000000 +0.1282506944 +0.0006883602 +0.0008451389 +0.0009407592 +0.0354018326 +0.0003466574 +0.0060601450 +0.0001233321 -6.3393750000 +0.0089333492 +43.3798645062 +0.1105592606 +0.0696254398 +1.1965723465 -0.6117967370
+10.0000000000 +0.1270375000 +0.0006667957 -0.0002750000 +0.0009209114 +0.0339231867 +0.0003299003 +0.0055041497 +0.0001134711 -6.0906638889 +0.0090811730 +40.3948947531 +0.1094563077 +0.0640247772 +1.1875349324 -0.5943207514
+10.2000000000 +0.1259034722 +0.0006444720 +0.0002729167 +0.0009009076 +0.0324654514 +0.0003112228 +0.0049283907 +0.0001016893 -5.8467194444 +0.0091319466 +37.5198262346 +0.1072230396 +0.0586368250 +1.1542207517 -0.5586226612
+10.4000000000 +0.1253375000 +0.0006294502 +0.0000208333 +0.0008882257 +0.0315577932 +0.0002997648 +0.0045902527 +0.0000944827 -5.6223027778 +0.0091863107 +34.9858206790 +0.1052267658 +0.0548595149 +1.1235129211 -0.5363921840
+10.6000000000 +0.1242125000 +0.0006118351 +0.0001819444 +0.0008718142 +0.0304024306 +0.0002860815 +0.0041980128 +0.0000875892 -5.4014000000 +0.0091305293 +32.5097845679 +0.1019520730 +0.0508540259 +1.0684216259 -0.5139303608
+10.8000000000 +0.1235902778 +0.0005959252 +0.0009375000 +0.0008584689 +0.0294796296 +0.0002745197 +0.0038834921 +0.0000845091 -5.2059083333 +0.0090658210 +30.3890459877 +0.0988203096 +0.0473502429 +1.0146803743 -0.4895570031
+11.0000000000 +0.1224256944 +0.0005828290 +0.0004854167 +0.0008452130 +0.0285756366 +0.0002603269 +0.0035273700 +0.0000726477 -5.0032361111 +0.0089795657 +28.2576756173 +0.0955051595 +0.0444684630 +0.9595945886 -0.4399185603
+11.2000000000 +0.1217166667 +0.0005663054 -0.0003263889 +0.0008313079 +0.0276430170 +0.0002489518 +0.0032432170 +0.0000673990 -4.8186500000 +0.0088552129 +26.3559796296 +0.0919134162 +0.0412330822 +0.9001698426 -0.4147635790
+11.4000000000 +0.1210548611 +0.0005562258 -0.0003048611 +0.0008220352 +0.0270297647 +0.0002410233 +0.0030542972 +0.0000647363 -4.6487000000 +0.0087020184 +24.6394166667 +0.0879976781 +0.0390804798 +0.8390595503 -0.3934952876
+11.6000000000 +0.1212895833 +0.0005478468 -0.0005020833 +0.0008172569 +0.0267166088 +0.0002353687 +0.0029297148 +0.0000628200 -4.4934166667 +0.0085803400 +23.1356827161 +0.0846070025 +0.0372582800 +0.7878717117 -0.3681742903
+11.8000000000 +0.1202576389 +0.0005366147 -0.0009368056 +0.0008059038 +0.0259801119 +0.0002287460 +0.0027679550 +0.0000613467 -4.3440500000 +0.0084084980 +21.6988839506 +0.0809574167 +0.0351403083 +0.7311985617 -0.3669597859
+12.0000000000 +0.1195368056 +0.0005295105 -0.0008979167 +0.0007984907 +0.0255043017 +0.0002220659 +0.0026230007 +0.0000552952 -4.2042583333 +0.0082704616 +20.4118095679 +0.0777524823 +0.0336457614 +0.6840053586 -0.3441578744
