# T, am1a, am1e, m1a, m1e, m2a, m2e, m4a, m4e, e1a, e1e, e2a, e2e, susc, spec, bind
+2.0000000000 +0.5624078125 +0.0024785431 +0.0256953125 +0.0037462292 +0.5620295898 +0.0024770728 +0.5613128550 +0.0024746321 -11.9949593750 +0.0001808173 +143.8803582031 +0.0042898559 +7.8632653530 +0.0209247236 +0.4076677597
+2.2000000000 +0.5629195313 +0.0024760947 +0.0256195313 +0.0037465445 +0.5621201904 +0.0024730070 +0.5606096462 +0.0024679178 -11.9893125000 +0.0002649364 +143.7464218750 +0.0062818430 +7.1343066696 +0.0371259814 +0.4086005149
+2.4000000000 +0.5627000000 +0.0024725165 +0.0263546875 +0.0037432280 +0.5611647949 +0.0024666275 +0.5582759676 +0.0024570019 -11.9793593750 +0.0003718665 +143.5105824219 +0.0088067087 +6.5208934646 +0.0614598497 +0.4090552981
+2.6000000000 +0.5639875000 +0.0024657395 +0.0260031250 +0.0037436633 +0.5612767578 +0.0024554746 +0.5562058207 +0.0024388935 -11.9641812500 +0.0004945757 +143.1514171875 +0.0116932996 +5.9863349577 +0.0926315233 +0.4114814486
+2.8000000000 +0.5654093750 +0.0024553694 +0.0255476562 +0.0037422875 +0.5608413086 +0.0024384319 +0.5523809853 +0.0024115547 -11.9405453125 +0.0006494590 +142.5934942383 +0.0153124777 +5.5120810801 +0.1377296197 +0.4146205426
+3.0000000000 +0.5672464844 +0.0024406417 +0.0245464844 +0.0037397705 +0.5600378601 +0.0024146454 +0.5468628995 +0.0023743644 -11.9067453125 +0.0008297000 +141.7981200195 +0.0194896264 +5.0830781029 +0.1958121443 +0.4188042484
+3.2000000000 +0.5653976563 +0.0024228825 +0.0211703125 +0.0037216955 +0.5544888916 +0.0023845142 +0.5348942415 +0.0023264840 -11.8597890625 +0.0010299515 +140.6970286133 +0.0240885269 +4.6962876382 +0.2652000393 +0.4200895063
+3.4000000000 +0.5636585938 +0.0023978306 +0.0177632812 +0.0036992538 +0.5476946777 +0.0023434487 +0.5196395301 +0.0022637037 -11.7975093750 +0.0012519837 +139.2439259766 +0.0291178044 +4.3291043280 +0.3471198525 +0.4225639613
+3.6000000000 +0.5546550781 +0.0023687796 +0.0110574219 +0.0036467954 +0.5320869202 +0.0022947805 +0.4937571944 +0.0021901348 -11.7134468750 +0.0015225101 +137.2975591797 +0.0351266433 +3.9901273685 +0.4578838827 +0.4186642709
+3.8000000000 +0.5429019531 +0.0023314001 +0.0045949219 +0.0035781925 +0.5121595886 +0.0022345376 +0.4620337714 +0.0021024283 -11.6098343750 +0.0018077867 +134.9189779297 +0.0413086706 +3.6617609754 +0.5793848853 +0.4128597548
+4.0000000000 +0.5239871094 +0.0022846312 -0.0017425781 +0.0034761366 +0.4833440735 +0.0021614536 +0.4204967575 +0.0019987623 -11.4786375000 +0.0021292323 +131.9404640625 +0.0480698120 +3.3405053231 +0.7253808244 +0.4000312908
+4.2000000000 +0.4968464844 +0.0022224006 -0.0085730469 +0.0033329623 +0.4444190125 +0.0020687634 +0.3686995401 +0.0018710975 -11.3123687500 +0.0024796121 +128.2156257812 +0.0552000649 +3.0104774616 +0.8922958559 +0.3777483151
+4.4000000000 +0.4623421875 +0.0021458903 -0.0134906250 +0.0031534589 +0.3979541138 +0.0019584655 +0.3117909688 +0.0017210696 -11.1162734375 +0.0028051532 +123.8862905273 +0.0614543089 +2.6791827699 +1.0405136862 +0.3437394779
+4.6000000000 +0.4239554688 +0.0020515844 -0.0177312500 +0.0029486598 +0.3480981812 +0.0018302012 +0.2551578071 +0.0015535981 -10.8975125000 +0.0030727905 +119.1334603516 +0.0662459740 +2.3423991884 +1.1423263937 +0.2980856873
+4.8000000000 +0.3802285156 +0.0019404476 -0.0175792969 +0.0027151343 +0.2951872009 +0.0016828726 +0.2004178919 +0.0013660844 -10.6669750000 +0.0032518114 +114.2073267578 +0.0689641188 +2.0081796911 +1.1749197422 +0.2333093108
+5.0000000000 +0.3361320313 +0.0018128232 -0.0138578125 +0.0024710617 +0.2444378662 +0.0015238515 +0.1526348112 +0.0011798044 -10.4262109375 +0.0033544608 +109.1559708008 +0.0699280522 +1.6825999844 +1.1522464961 +0.1484789836
+5.2000000000 +0.2944906250 +0.0016773184 -0.0106867187 +0.0022312911 +0.1992606079 +0.0013579689 +0.1134679665 +0.0009954964 -10.2085015625 +0.0033387260 +104.6593877930 +0.0684780640 +1.3850569809 +1.0553458968 +0.0474032069
+5.4000000000 +0.2591207031 +0.0015460638 -0.0088550781 +0.0020166659 +0.1627560730 +0.0012030561 +0.0843832976 +0.0008354418 -10.0131796875 +0.0032807910 +100.6943110352 +0.0661794747 +1.1331855906 +0.9449516181 -0.0618442833
+5.6000000000 +0.2304144531 +0.0014256851 -0.0081910156 +0.0018325314 +0.1343939392 +0.0010635569 +0.0633078663 +0.0006967696 -9.8412500000 +0.0032264244 +97.2665941406 +0.0639698971 +0.9291785029 +0.8497807717 -0.1683610067
+5.8000000000 +0.2063082031 +0.0013147766 -0.0071128906 +0.0016707632 +0.1117085754 +0.0009389846 +0.0477464922 +0.0005806503 -9.6848109375 +0.0031709092 +94.1977495117 +0.0618230287 +0.7629848360 +0.7651588425 -0.2754022798
+6.0000000000 +0.1861253906 +0.0012089701 -0.0058636719 +0.0015253904 +0.0931070129 +0.0008212071 +0.0356441618 +0.0004732644 -9.5378781250 +0.0031229533 +91.3612326172 +0.0598005797 +0.6236197536 +0.6935350930 -0.3705736048
+6.2000000000 +0.1704757813 +0.0011236433 -0.0052859375 +0.0014101155 +0.0795649658 +0.0007304556 +0.0276732007 +0.0003961711 -9.4088296875 +0.0031202573 +88.9155163086 +0.0587177026 +0.5213210202 +0.6483916257 -0.4571168388
+6.4000000000 +0.1565707031 +0.0010463076 -0.0041519531 +0.0013065941 +0.0683047668 +0.0006507971 +0.0216070175 +0.0003326598 -9.2823031250 +0.0031423125 +86.5561164062 +0.0580896096 +0.4379038177 +0.6171329717 -0.5437307074
+6.6000000000 +0.1464281250 +0.0009795188 -0.0025656250 +0.0012228338 +0.0598194824 +0.0005813754 +0.0170982647 +0.0002756626 -9.1590281250 +0.0032303617 +84.3052056641 +0.0586289677 +0.3721530825 +0.6132737844 -0.5927421744
+6.8000000000 +0.1382492188 +0.0009233246 -0.0012632813 +0.0011533904 +0.0532139771 +0.0005262316 +0.0139085155 +0.0002345331 -9.0422468750 +0.0033007551 +82.1980279297 +0.0589949971 +0.3209518171 +0.6031825346 -0.6372239477
+7.0000000000 +0.1308082031 +0.0008732703 -0.0018746094 +0.0010910008 +0.0476148254 +0.0004788372 +0.0114385741 +0.0002015315 -8.9165265625 +0.0034269072 +79.9741936523 +0.0602178028 +0.2788940748 +0.6135480328 -0.6817686129
+7.2000000000 +0.1252117188 +0.0008314887 -0.0018500000 +0.0010407868 +0.0433329102 +0.0004387153 +0.0095765867 +0.0001724678 -8.7933578125 +0.0035683425 +77.8324643555 +0.0615185171 +0.2458216502 +0.6287935022 -0.7000190027
+7.4000000000 +0.1205933594 +0.0007925886 -0.0002675781 +0.0009958734 +0.0396706238 +0.0004040584 +0.0081042857 +0.0001493916 -8.6575187500 +0.0037828198 +75.5250199219 +0.0639016891 +0.2173220796 +0.6689718221 -0.7165459395
+7.6000000000 +0.1164007813 +0.0007601997 -0.0001585937 +0.0009574087 +0.0366652832 +0.0003775867 +0.0070472123 +0.0001338596 -8.5178359375 +0.0040136740 +73.1979122070 +0.0664552461 +0.1946622428 +0.7139979489 -0.7473745710
+7.8000000000 +0.1128882812 +0.0007280143 -0.0001906250 +0.0009211938 +0.0339439575 +0.0003508722 +0.0060766452 +0.0001186793 -8.3692937500 +0.0042825479 +70.7786865234 +0.0694140506 +0.1739503054 +0.7717119260 -0.7579951470
+8.0000000000 +0.1098839844 +0.0006982833 +0.0000839844 +0.0008885165 +0.0315784729 +0.0003285197 +0.0053142084 +0.0001064240 -8.2091000000 +0.0045621041 +68.2218345703 +0.0722778061 +0.1560318630 +0.8325117603 -0.7763767390
+8.2000000000 +0.1074859375 +0.0006744943 +0.0003445313 +0.0008624211 +0.0297509277 +0.0003097177 +0.0047221194 +0.0000944767 -8.0410906250 +0.0048475530 +65.5990892578 +0.0749965994 +0.1420308369 +0.8946587206 -0.7783395418
+8.4000000000 +0.1049117187 +0.0006466084 +0.0007367187 +0.0008326167 +0.0277305664 +0.0002883744 +0.0040953770 +0.0000833006 -7.8521218750 +0.0051640283 +62.7225054688 +0.0776649198 +0.1274216966 +0.9675170330 -0.7752321453
+8.6000000000 +0.1032519531 +0.0006249563 +0.0001230469 +0.0008106135 +0.0262837830 +0.0002745510 +0.0037059673 +0.0000775777 -7.6491562500 +0.0055249591 +59.7305982422 +0.0808696618 +0.1162628252 +1.0565770949 -0.7881526411
+8.8000000000 +0.1014789063 +0.0006010861 -0.0005671875 +0.0007866039 +0.0247501465 +0.0002588434 +0.0032925656 +0.0000728817 -7.4302093750 +0.0058805421 +56.5912423828 +0.0836242767 +0.1051067496 +1.1431661376 -0.7916683995
+9.0000000000 +0.0998175781 +0.0005803682 -0.0005503906 +0.0007654465 +0.0234366394 +0.0002446515 +0.0029434495 +0.0000674989 -7.1978296875 +0.0062246287 +53.3585922852 +0.0861075305 +0.0958086436 +1.2245649975 -0.7862599114
+9.2000000000 +0.0980472656 +0.0005528584 +0.0004128906 +0.0007389044 +0.0218393616 +0.0002266049 +0.0025309489 +0.0000570734 -6.9383546875 +0.0065186278 +49.8404661133 +0.0873857613 +0.0850510976 +1.2852176512 -0.7688143406
+9.4000000000 +0.0969167969 +0.0005299732 +0.0006019531 +0.0007181115 +0.0206277283 +0.0002105776 +0.0021992197 +0.0000491453 -6.6742625000 +0.0067833914 +46.3863558594 +0.0882221893 +0.0764926826 +1.3331469012 -0.7228384546
+9.6000000000 +0.0955082031 +0.0005074786 -0.0001769531 +0.0006968351 +0.0194231995 +0.0001950861 +0.0018996038 +0.0000421818 -6.4148140625 +0.0069611795 +43.0881602539 +0.0878349006 +0.0686758840 +1.3460561093 -0.6784183983
+9.8000000000 +0.0949390625 +0.0004895955 +0.0002062500 +0.0006819372 +0.0186015747 +0.0001833469 +0.0016906616 +0.0000374833 -6.1394906250 +0.0071187531 +39.7204109375 +0.0869881654 +0.0626164840 +1.3508143627 -0.6286809171
+10.0000000000 +0.0946332031 +0.0004765255 -0.0003714844 +0.0006715350 +0.0180385071 +0.0001756062 +0.0015588889 +0.0000339155 -5.8715578125 +0.0071806206 +36.5376436523 +0.0849965164 +0.0581316093 +1.3199696044 -0.5969551761
+10.2000000000 +0.0937230469 +0.0004565668 +0.0002496094 +0.0006542567 +0.0171221375 +0.0001627090 +0.0013521366 +0.0000289970 -5.6112125000 +0.0071222287 +33.5147513672 +0.0817783527 +0.0523176655 +1.2481634122 -0.5373875133
+10.4000000000 +0.0930667969 +0.0004437656 +0.0012152344 +0.0006429826 +0.0165385437 +0.0001566031 +0.0012545041 +0.0000285366 -5.3734750000 +0.0070588258 +30.8673144531 +0.0784965088 +0.0484745540 +1.1793377973 -0.5288198056
+10.6000000000 +0.0935277344 +0.0004318025 +0.0006144531 +0.0006364981 +0.0162055725 +0.0001483093 +0.0011424467 +0.0000252926 -5.1432359375 +0.0069366261 +28.3775471680 +0.0746148085 +0.0450302515 +1.0962883641 -0.4500598528
+10.8000000000 +0.0924019531 +0.0004193274 +0.0003863281 +0.0006239269 +0.0155715393 +0.0001396051 +0.0010220560 +0.0000217357 -4.9321640625 +0.0067998717 +26.1757725586 +0.0709489852 +0.0416795162 +1.0148313960 -0.4050453380
+11.0000000000 +0.0916429687 +0.0004091660 +0.0008820313 +0.0006142949 +0.0150951050 +0.0001327279 +0.0009325304 +0.0000196149 -4.7406140625 +0.0066658643 +24.2507715820 +0.0673726592 +0.0389624510 +0.9400858935 -0.3641729979
+11.2000000000 +0.0917246094 +0.0004001806 +0.0009886719 +0.0006086503 +0.0148191833 +0.0001287267 +0.0008824312 +0.0000186894 -4.5700093750 +0.0064435883 +22.5457789062 +0.0630933825 +0.0366044536 +0.8473434789 -0.3394024008
+11.4000000000 +0.0908636719 +0.0003932548 +0.0002136719 +0.0006008772 +0.0144421814 +0.0001244065 +0.0008276555 +0.0000181859 -4.3994906250 +0.0062932632 +20.9397242188 +0.0597333941 +0.0347282781 +0.7801570744 -0.3227043566
+11.6000000000 +0.0898406250 +0.0003846718 +0.0002656250 +0.0005914001 +0.0139902344 +0.0001190619 +0.0007627561 +0.0000165071 -4.2561250000 +0.0061422548 +19.6236917969 +0.0566168051 +0.0326559805 +0.7177606570 -0.2990159089
+11.8000000000 +0.0903457031 +0.0003806608 -0.0007167969 +0.0005907186 +0.0139584534 +0.0001165356 +0.0007380604 +0.0000161303 -4.1193968750 +0.0059776403 +18.3987179687 +0.0535783315 +0.0314365141 +0.6569548314 -0.2626880578
+12.0000000000 +0.0896148438 +0.0003735303 -0.0002726563 +0.0005833469 +0.0136118164 +0.0001110903 +0.0006789242 +0.0000135376 -3.9968562500 +0.0058368937 +17.3376330078 +0.0505841340 +0.0297653130 +0.6056769443 -0.2214279443
