# T, am1a, am1e, m1a, m1e, m2a, m2e, m4a, m4e, e1a, e1e, e2a, e2e, susc, spec, bind
+2.0000000000 +0.4199585000 +0.0024663156 +0.2558285000 +0.0029758420 +0.4196736500 +0.0024647375 +0.4191232089 +0.0024618619 -11.9943700000 +0.0001518275 +143.8658337600 +0.0036171285 +12.1654254139 +0.0230515774 +0.2067737976
+2.2000000000 +0.4197342500 +0.0024644049 +0.2547512500 +0.0029757785 +0.4191085025 +0.0024609466 +0.4179022602 +0.0024546648 -11.9878740000 +0.0002240179 +143.7111304000 +0.0053335330 +11.0423482671 +0.0414743826 +0.2069500861
+2.4000000000 +0.4190647500 +0.0024609256 +0.2541807500 +0.0029717571 +0.4178614525 +0.0024542836 +0.4155485039 +0.0024422722 -11.9768940000 +0.0003095946 +143.4498238400 +0.0073644062 +10.0935911586 +0.0665616797 +0.2067029319
+2.6000000000 +0.4180875000 +0.0024555648 +0.2516515000 +0.0029692617 +0.4159890900 +0.0024440111 +0.4119745367 +0.0024232667 -11.9606160000 +0.0004048784 +143.0628921600 +0.0096165720 +9.2766127825 +0.0969979367 +0.2064300065
+2.8000000000 +0.4167220000 +0.0024478858 +0.2477080000 +0.0029664110 +0.4133430150 +0.0024294247 +0.4069366143 +0.0023967204 -11.9373920000 +0.0005164707 +142.5119974400 +0.0122378077 +8.5602067756 +0.1360928355 +0.2060661720
+3.0000000000 +0.4120135000 +0.0024339433 +0.2396045000 +0.0029551142 +0.4067183200 +0.0024051001 +0.3968000488 +0.0023549032 -11.9035440000 +0.0006516794 +141.7113472000 +0.0153889953 +7.8987731939 +0.1887493337 +0.2004180305
+3.2000000000 +0.4091250000 +0.0024166687 +0.2317505000 +0.0029465508 +0.4009947650 +0.0023729569 +0.3860337746 +0.0022985853 -11.8557710000 +0.0008132434 +140.5857606000 +0.0191135746 +7.3003593555 +0.2583456594 +0.1997482312
+3.4000000000 +0.4036545000 +0.0023912215 +0.2217350000 +0.0029261244 +0.3916545700 +0.0023276587 +0.3701131034 +0.0022228956 -11.7930760000 +0.0009936687 +139.1161366400 +0.0232189264 +6.7269886656 +0.3416530985 +0.1957208515
+3.6000000000 +0.3999827500 +0.0023574163 +0.2070817500 +0.0029129015 +0.3822826575 +0.0022670193 +0.3517150876 +0.0021246248 -11.7093530000 +0.0012119031 +137.1676960400 +0.0280963915 +6.1749015890 +0.4533052575 +0.1977669476
+3.8000000000 +0.3976137500 +0.0023109283 +0.1829042500 +0.0029079989 +0.3717122725 +0.0021855009 +0.3292265851 +0.0019987093 -11.6011660000 +0.0014640307 +134.6727880000 +0.0335975128 +5.6214625871 +0.5937357370 +0.2057452102
+4.0000000000 +0.3954115000 +0.0022447786 +0.1543355000 +0.0028900348 +0.3579115000 +0.0020773337 +0.3007132571 +0.0018433180 -11.4606400000 +0.0017482385 +131.4685227200 +0.0396099099 +5.0390311417 +0.7640844400 +0.2175078054
+4.2000000000 +0.3897662500 +0.0021501649 +0.1245552500 +0.0028343080 +0.3368460925 +0.0019333665 +0.2629815275 +0.0016497175 -11.2801790000 +0.0020677786 +127.4134666000 +0.0461143027 +4.4030562586 +0.9695483445 +0.2274244472
+4.4000000000 +0.3748842500 +0.0020239919 +0.1005882500 +0.0027123879 +0.3043999275 +0.0017577364 +0.2162448078 +0.0014291016 -11.0481430000 +0.0024008214 +122.2920214800 +0.0525440083 +3.7241301500 +1.1908973738 +0.2220792704
+4.6000000000 +0.3424147500 +0.0018728094 +0.0811697500 +0.0025047751 +0.2575444625 +0.0015581409 +0.1634412722 +0.0011862375 -10.7909330000 +0.0026032690 +116.7153154000 +0.0559117332 +3.0499261192 +1.2810982492 +0.1786352768
+4.8000000000 +0.3054762500 +0.0017138126 +0.0626707500 +0.0022741716 +0.2108018825 +0.0013601013 +0.1184324597 +0.0009618047 -10.5354790000 +0.0026696863 +111.2814067600 +0.0562660544 +2.4476279830 +1.2373654539 +0.1116164164
+5.0000000000 +0.2696042500 +0.0015562373 +0.0417327500 +0.0020482908 +0.1695614275 +0.0011718225 +0.0836777925 +0.0007621463 -10.2964660000 +0.0026340189 +106.2947343200 +0.0544543571 +1.9374995176 +1.1100889235 +0.0298590609
+5.2000000000 +0.2351510000 +0.0014083534 +0.0238695000 +0.0018307418 +0.1346343700 +0.0010004970 +0.0581661810 +0.0005919704 -10.0912340000 +0.0025286793 +102.0887724000 +0.0513164610 +1.5257380231 +0.9458903745 -0.0696394477
+5.4000000000 +0.2051862500 +0.0012770914 +0.0143517500 +0.0016365660 +0.1073398975 +0.0008599443 +0.0411020212 +0.0004700929 -9.9143470000 +0.0024556922 +98.5354934000 +0.0489759294 +1.2081203761 +0.8272186681 -0.1891032641
+5.6000000000 +0.1818035000 +0.0011630113 +0.0083865000 +0.0014755168 +0.0871563250 +0.0007426870 +0.0296595854 +0.0003749478 -9.7634580000 +0.0023983059 +95.5551869600 +0.0470614308 +0.9661395069 +0.7336570225 -0.3015054828
+5.8000000000 +0.1624805000 +0.0010619466 +0.0065010000 +0.0013366644 +0.0715091350 +0.0006413060 +0.0215644914 +0.0002978005 -9.6249170000 +0.0023720880 +92.8640993200 +0.0457659365 +0.7777452090 +0.6690608297 -0.4057073474
+6.0000000000 +0.1471372500 +0.0009738562 +0.0035937500 +0.0012203718 +0.0595852075 +0.0005558520 +0.0159092567 +0.0002366375 -9.4970340000 +0.0023568280 +90.4158403200 +0.0447450137 +0.6322639527 +0.6171820079 -0.4936599023
+6.2000000000 +0.1347227500 +0.0009010285 +0.0026047500 +0.0011249170 +0.0506243125 +0.0004886085 +0.0121123502 +0.0001940440 -9.3745650000 +0.0024034961 +88.1135406800 +0.0449304399 +0.5237756957 +0.6011231550 -0.5753929087
+6.4000000000 +0.1247342500 +0.0008382801 +0.0016707500 +0.0010448013 +0.0436671775 +0.0004329646 +0.0094051547 +0.0001583624 -9.2586310000 +0.0024489245 +85.9621372400 +0.0451211269 +0.4391960059 +0.5856671041 -0.6441235401
+6.6000000000 +0.1161517500 +0.0007825331 +0.0017457500 +0.0009744550 +0.0379855525 +0.0003846544 +0.0073612614 +0.0001314347 -9.1432570000 +0.0025047073 +83.8500909200 +0.0454786562 +0.3711261132 +0.5760843709 -0.7005683443
+6.8000000000 +0.1096130000 +0.0007340503 +0.0014770000 +0.0009160516 +0.0335682050 +0.0003438814 +0.0058570015 +0.0001086478 -9.0260800000 +0.0026071160 +81.7420023200 +0.0466322863 +0.3169587534 +0.5879804360 -0.7325981402
+7.0000000000 +0.1049880000 +0.0006974414 +0.0005185000 +0.0008729145 +0.0304794600 +0.0003155395 +0.0049116051 +0.0000951025 -8.9077330000 +0.0027303024 +79.6458892400 +0.0480428380 +0.2779568551 +0.6085347770 -0.7623316886
+7.2000000000 +0.0999760000 +0.0006599762 +0.0001065000 +0.0008279181 +0.0274179450 +0.0002870888 +0.0040485433 +0.0000815474 -8.7858230000 +0.0028513966 +77.5159042800 +0.0493751843 +0.2419825614 +0.6273504874 -0.7951788822
+7.4000000000 +0.0967860000 +0.0006316880 +0.0002405000 +0.0007957491 +0.0253287200 +0.0002672484 +0.0034984124 +0.0000728468 -8.6521810000 +0.0030298379 +75.2274327600 +0.0515338157 +0.2156917595 +0.6705564340 -0.8177044027
+7.6000000000 +0.0933890000 +0.0006048191 +0.0003505000 +0.0007640947 +0.0233537500 +0.0002472164 +0.0029900353 +0.0000631027 -8.5174640000 +0.0031959824 +72.9557651200 +0.0534230100 +0.1925295352 +0.7073617187 -0.8274344276
+7.8000000000 +0.0904212500 +0.0005788896 -0.0006567500 +0.0007345083 +0.0215805275 +0.0002292494 +0.0025679300 +0.0000550194 -8.3696080000 +0.0034173230 +70.5174619200 +0.0559750134 +0.1718528852 +0.7677906744 -0.8379674496
+8.0000000000 +0.0882812500 +0.0005556419 +0.0000552500 +0.0007096318 +0.0201430975 +0.0002131611 +0.0022232502 +0.0000482139 -8.2134460000 +0.0036317976 +67.9882933600 +0.0582407410 +0.1543689800 +0.8243721329 -0.8264785411
+8.2000000000 +0.0861835000 +0.0005334659 -0.0004475000 +0.0006857629 +0.0188110300 +0.0001991591 +0.0019404280 +0.0000421900 -8.0404070000 +0.0038988446 +65.2561842800 +0.0610210234 +0.1388223699 +0.9042825020 -0.8278944543
+8.4000000000 +0.0845817500 +0.0005126987 -0.0003742500 +0.0006646114 +0.0176684725 +0.0001859709 +0.0016955817 +0.0000371058 -7.8475590000 +0.0041822464 +62.2838296400 +0.0637829780 +0.1251714294 +0.9915637493 -0.8105038522
+8.6000000000 +0.0827962500 +0.0004923506 -0.0010947500 +0.0006432415 +0.0165515825 +0.0001738391 +0.0014827556 +0.0000328061 -7.6385600000 +0.0044812161 +59.1508508000 +0.0664036114 +0.1127484126 +1.0860626371 -0.8041359860
+8.8000000000 +0.0815460000 +0.0004735851 -0.0007640000 +0.0006249096 +0.0156210650 +0.0001622342 +0.0012968147 +0.0000278026 -7.4150420000 +0.0047839609 +55.8982991200 +0.0687807963 +0.1019467600 +1.1821426372 -0.7714764799
+9.0000000000 +0.0805972500 +0.0004558477 -0.0008992500 +0.0006084200 +0.0148078025 +0.0001525831 +0.0011505347 +0.0000250931 -7.1664590000 +0.0051043460 +52.4003085200 +0.0709278806 +0.0923542866 +1.2866344708 -0.7490298598
+9.2000000000 +0.0794562500 +0.0004371396 -0.0004322500 +0.0005906935 +0.0139569375 +0.0001427097 +0.0010094389 +0.0000215858 -6.8986940000 +0.0054078515 +48.7617732000 +0.0726324938 +0.0830830634 +1.3820821058 -0.7273427532
+9.4000000000 +0.0791167500 +0.0004203953 -0.0004552500 +0.0005772465 +0.0133287475 +0.0001336239 +0.0008918693 +0.0000190208 -6.6193110000 +0.0056849282 +45.1080144400 +0.0738769606 +0.0752051848 +1.4630334148 -0.6734058106
+9.6000000000 +0.0788840000 +0.0004057755 -0.0010755000 +0.0005658551 +0.0128088350 +0.0001264439 +0.0008035887 +0.0000174620 -6.3217930000 +0.0058463461 +41.3322572400 +0.0732965516 +0.0686057244 +1.4834966419 -0.6326507587
+9.8000000000 +0.0782822500 +0.0003890153 -0.0003802500 +0.0005518442 +0.0121814275 +0.0001176117 +0.0007016875 +0.0000154717 -6.0222640000 +0.0059651427 +37.6909808000 +0.0720464142 +0.0617685391 +1.4820044922 -0.5762536965
+10.0000000000 +0.0785405000 +0.0003755091 -0.0001585000 +0.0005433431 +0.0118088950 +0.0001098879 +0.0006224642 +0.0000129639 -5.7367180000 +0.0059055237 +34.3049418400 +0.0688343554 +0.0564028486 +1.3950084285 -0.4879028911
+10.2000000000 +0.0779162500 +0.0003634894 -0.0010377500 +0.0005327956 +0.0113559225 +0.0001048580 +0.0005687649 +0.0000122549 -5.4701360000 +0.0058024994 +31.2691478400 +0.0652362814 +0.0518135342 +1.2944636500 -0.4701670114
+10.4000000000 +0.0769162500 +0.0003505762 -0.0007472500 +0.0005203772 +0.0108322575 +0.0000990107 +0.0005094628 +0.0000111995 -5.2165970000 +0.0056616553 +28.4950578800 +0.0612636514 +0.0472706537 +1.1854415862 -0.4472823640
+10.6000000000 +0.0760912500 +0.0003387814 -0.0006192500 +0.0005094215 +0.0103807925 +0.0000930639 +0.0004541961 +0.0000105279 -4.9876100000 +0.0055001675 +26.0863272000 +0.0573601444 +0.0433105111 +1.0769612744 -0.4049508082
+10.8000000000 +0.0762337500 +0.0003277124 -0.0002942500 +0.0005026757 +0.0101074025 +0.0000865820 +0.0004020175 +0.0000090249 -4.7821120000 +0.0053299646 +24.0049360800 +0.0536219095 +0.0397760913 +0.9742291662 -0.3117304365
+11.0000000000 +0.0753117500 +0.0003196744 -0.0001342500 +0.0004939511 +0.0097595275 +0.0000828888 +0.0003700705 +0.0000080613 -4.5940980000 +0.0051698527 +22.1748315200 +0.0502548974 +0.0371606165 +0.8835496582 -0.2951069450
+11.2000000000 +0.0749125000 +0.0003120628 +0.0005855000 +0.0004875158 +0.0095072100 +0.0000785618 +0.0003372653 +0.0000072248 -4.4267240000 +0.0049535601 +20.5773956800 +0.0463435269 +0.0347797084 +0.7824540082 -0.2437818467
+11.4000000000 +0.0747877500 +0.0003107505 -0.0003622500 +0.0004862024 +0.0094558425 +0.0000776377 +0.0003305177 +0.0000070174 -4.2801360000 +0.0047814853 +19.2340682400 +0.0432282238 +0.0338827627 +0.7036811800 -0.2321766663
+11.6000000000 +0.0742115000 +0.0003043388 -0.0007865000 +0.0004798857 +0.0092122300 +0.0000744873 +0.0003067996 +0.0000065059 -4.1471040000 +0.0046587997 +18.0666481600 +0.0408331699 +0.0319386489 +0.6451966210 -0.2050470103
+11.8000000000 +0.0739457500 +0.0003008689 -0.0005732500 +0.0004766689 +0.0090888575 +0.0000730455 +0.0002960333 +0.0000063098 -4.0213690000 +0.0045718210 +17.0074705200 +0.0388405910 +0.0306854539 +0.6004466287 -0.1945399050
+12.0000000000 +0.0730452500 +0.0002941642 -0.0005762500 +0.0004689504 +0.0087969125 +0.0000693276 +0.0002696383 +0.0000053841 -3.9020980000 +0.0044486162 +16.0179762400 +0.0367465446 +0.0288441996 +0.5497273878 -0.1614479652
