# T, am1a, am1e, m1a, m1e, m2a, m2e, m4a, m4e, e1a, e1e, e2a, e2e, susc, spec, bind
+2.0000000000 +0.4635666667 +0.0024919016 +0.0389194444 +0.0033976546 +0.4632770062 +0.0024905992 +0.4627489545 +0.0024886369 -11.9947333333 +0.0002469276 +143.8760666667 +0.0058055285 +4.4708931311 +0.0219503600 +0.2813081819
+2.2000000000 +0.4641097222 +0.0024901833 +0.0395680556 +0.0033980609 +0.4634383488 +0.0024871712 +0.4622159191 +0.0024826396 -11.9883166667 +0.0003704533 +143.7252259259 +0.0087021660 +4.0588447828 +0.0408304387 +0.2826357859
+2.4000000000 +0.4637208333 +0.0024869696 +0.0390319444 +0.0033945332 +0.4624377315 +0.0024813182 +0.4601262567 +0.0024729927 -11.9782722222 +0.0005102227 +143.4894185185 +0.0119682161 +3.7110108032 +0.0650818054 +0.2827852083
+2.6000000000 +0.4636930556 +0.0024819857 +0.0381486111 +0.0033910399 +0.4614213735 +0.0024721097 +0.4573627403 +0.0024577897 -11.9623444444 +0.0006750736 +143.1159135803 +0.0158110515 +3.4118324818 +0.0970773695 +0.2839487430
+2.8000000000 +0.4636840278 +0.0024747408 +0.0393798611 +0.0033853574 +0.4599765625 +0.0024588615 +0.4534184261 +0.0024361588 -11.9395722222 +0.0008618683 +142.5830975309 +0.0201398665 +3.1496616628 +0.1364357810 +0.2856574764
+3.0000000000 +0.4636590278 +0.0024640949 +0.0408187500 +0.0033770700 +0.4578502508 +0.0024399111 +0.4477535028 +0.0024062091 -11.9066555556 +0.0010881562 +141.8158098766 +0.0253241612 +2.9144466808 +0.1894534316 +0.2880150321
+3.2000000000 +0.4615159722 +0.0024499200 +0.0420034722 +0.0033590066 +0.4530813079 +0.0024157297 +0.4387126620 +0.0023692407 -11.8628916667 +0.0013423803 +140.8002780864 +0.0310817898 +2.7009485466 +0.2534041102 +0.2876283570
+3.4000000000 +0.4587284722 +0.0024294954 +0.0403909722 +0.0033350348 +0.4465297261 +0.0023818733 +0.4263216080 +0.0023190731 -11.8023472222 +0.0016481873 +139.4040608025 +0.0378980749 +2.4998602749 +0.3383901859 +0.2872859191
+3.6000000000 +0.4537375000 +0.0024015637 +0.0386888889 +0.0032980343 +0.4365780478 +0.0023375122 +0.4091589172 +0.0022555137 -11.7231555556 +0.0019840047 +137.5898271605 +0.0452593757 +2.3070032893 +0.4373638354 +0.2844384819
+3.8000000000 +0.4455854167 +0.0023660974 +0.0369631944 +0.0032446755 +0.4224830440 +0.0022837761 +0.3871172512 +0.0021812726 -11.6254750000 +0.0023503111 +135.3726274692 +0.0531121371 +2.1215053936 +0.5508660503 +0.2770592531
+4.0000000000 +0.4344958333 +0.0023192724 +0.0319694444 +0.0031738209 +0.4039476080 +0.0022162623 +0.3596464216 +0.0020915113 -11.4973500000 +0.0027689405 +132.4957382716 +0.0618539269 +1.9364488096 +0.6900328105 +0.2653095287
+4.2000000000 +0.4200798611 +0.0022637510 +0.0290479167 +0.0030846639 +0.3814498264 +0.0021389187 +0.3285029061 +0.0019896617 -11.3498861111 +0.0031770192 +129.2236527778 +0.0701138033 +1.7569948858 +0.8239551889 +0.2474365569
+4.4000000000 +0.4004187500 +0.0021936918 +0.0228201389 +0.0029677675 +0.3528265239 +0.0020449456 +0.2917586549 +0.0018690871 -11.1695277778 +0.0035770547 +125.2701635803 +0.0779288291 +1.5749292156 +0.9517180197 +0.2187679689
+4.6000000000 +0.3772000000 +0.0021076030 +0.0184875000 +0.0028267369 +0.3199594522 +0.0019338081 +0.2519586003 +0.0017304769 -10.9586138889 +0.0039544079 +120.7167120371 +0.0848993825 +1.3905360952 +1.0641669266 +0.1796143723
+4.8000000000 +0.3502416667 +0.0020090101 +0.0115875000 +0.0026644878 +0.2841140818 +0.0018086758 +0.2115731342 +0.0015785773 -10.7387416667 +0.0042036689 +116.0274058642 +0.0890664717 +1.2108364254 +1.1044270012 +0.1263172808
+5.0000000000 +0.3241555556 +0.0019079392 +0.0066375000 +0.0025032082 +0.2506861111 +0.0016813016 +0.1759145333 +0.0014262041 -10.5214388889 +0.0043489523 +111.4572117284 +0.0909268228 +1.0483868658 +1.0894110275 +0.0669177683
+5.2000000000 +0.2983819444 +0.0018022663 +0.0039180556 +0.0023395672 +0.2189583333 +0.0015504503 +0.1440986008 +0.0012735779 -10.3087611111 +0.0044011623 +107.0453648148 +0.0907042724 +0.8994914901 +1.0315506686 -0.0018796414
+5.4000000000 +0.2746034722 +0.0016948853 +0.0022493056 +0.0021812122 +0.1903125193 +0.0014160390 +0.1164255114 +0.0011191360 -10.1094750000 +0.0043829727 +102.9699027778 +0.0890009873 +0.7660363489 +0.9486642002 -0.0715000183
+5.6000000000 +0.2541937500 +0.0015997000 -0.0001812500 +0.0020431350 +0.1669760610 +0.0013006314 +0.0955466835 +0.0009927371 -9.9307416667 +0.0043638895 +99.3813712963 +0.0872029119 +0.6580388470 +0.8744478592 -0.1423151555
+5.8000000000 +0.2341680556 +0.0015027477 -0.0010125000 +0.0019050175 +0.1451646991 +0.0011822065 +0.0769772826 +0.0008637139 -9.7620194444 +0.0043132247 +96.0411799383 +0.0847464832 +0.5606690948 +0.7963622760 -0.2176410606
+6.0000000000 +0.2184125000 +0.0014187283 -0.0022972222 +0.0017903236 +0.1282156250 +0.0010827643 +0.0633343871 +0.0007592295 -9.6062888889 +0.0042878873 +93.0162253086 +0.0827346648 +0.4830696291 +0.7354390918 -0.2842110713
+6.2000000000 +0.2057409722 +0.0013473975 -0.0029534722 +0.0016951389 +0.1149485532 +0.0009997465 +0.0531928896 +0.0006740659 -9.4640888889 +0.0043154471 +90.3139018518 +0.0816960550 +0.4216599034 +0.6976389381 -0.3419159322
+6.4000000000 +0.1933590278 +0.0012757846 -0.0031062500 +0.0016006492 +0.1024927662 +0.0009162843 +0.0440878413 +0.0005898075 -9.3320222222 +0.0043478482 +87.8427901235 +0.0806535818 +0.3662159208 +0.6645861628 -0.3989788561
+6.6000000000 +0.1834277778 +0.0012140776 -0.0020527778 +0.0015215199 +0.0926051312 +0.0008448741 +0.0371282031 +0.0005182640 -9.2033722222 +0.0044331112 +85.4881592593 +0.0806333351 +0.3215966264 +0.6496685938 -0.4431536553
+6.8000000000 +0.1748083333 +0.0011582338 -0.0017611111 +0.0014509916 +0.0842181713 +0.0007838212 +0.0316677265 +0.0004616076 -9.0723805556 +0.0045698614 +83.1434342593 +0.0813141632 +0.2840835065 +0.6503553486 -0.4882778435
+7.0000000000 +0.1674270833 +0.0011069725 -0.0014090278 +0.0013878524 +0.0770473573 +0.0007295894 +0.0272283218 +0.0004108723 -8.9401361111 +0.0047164506 +80.8158299383 +0.0820688281 +0.2520798635 +0.6537278594 -0.5289177602
+7.2000000000 +0.1611423611 +0.0010625728 -0.0009868056 +0.0013334947 +0.0711293017 +0.0006827888 +0.0237074014 +0.0003692970 -8.8144777778 +0.0048873025 +78.6504475309 +0.0833436340 +0.2258122058 +0.6634923861 -0.5619445382
+7.4000000000 +0.1548680556 +0.0010209041 -0.0012416667 +0.0012813311 +0.0656739198 +0.0006417670 +0.0207876592 +0.0003372415 -8.6825861111 +0.0051058592 +76.4300935185 +0.0852606896 +0.2028152682 +0.6855461998 -0.6065655782
+7.6000000000 +0.1502576389 +0.0009845510 -0.0016465278 +0.0012384292 +0.0613509838 +0.0006060466 +0.0184556422 +0.0003095188 -8.5424833333 +0.0053641200 +74.1249728395 +0.0875165445 +0.1836645430 +0.7173519427 -0.6344244306
+7.8000000000 +0.1455395833 +0.0009474564 -0.0006506944 +0.0011946578 +0.0570887153 +0.0005700173 +0.0162559107 +0.0002804038 -8.3968944444 +0.0056945856 +71.8049685185 +0.0907120948 +0.1657243614 +0.7675338505 -0.6626066380
+8.0000000000 +0.1422368056 +0.0009131551 -0.0008270833 +0.0011574186 +0.0535853974 +0.0005384052 +0.0144666016 +0.0002571698 -8.2338472222 +0.0059902462 +69.2315620370 +0.0933806286 +0.1500933983 +0.8073686015 -0.6793930690
+8.2000000000 +0.1391729167 +0.0008803570 -0.0002951389 +0.0011221647 +0.0503702353 +0.0005067092 +0.0128073301 +0.0002317135 -8.0631555556 +0.0063614306 +66.6331895062 +0.0965524386 +0.1361025422 +0.8666512753 -0.6826329535
+8.4000000000 +0.1367583333 +0.0008529691 -0.0005652778 +0.0010932151 +0.0478050926 +0.0004818595 +0.0115728683 +0.0002132996 -7.8830666667 +0.0067370258 +63.9582407407 +0.0998304754 +0.1247239322 +0.9262758519 -0.6879960551
+8.6000000000 +0.1341312500 +0.0008198515 -0.0006548611 +0.0010592099 +0.0448774498 +0.0004519290 +0.0101835774 +0.0001889117 -7.6840000000 +0.0071248373 +61.0743882716 +0.1028320422 +0.1125471249 +0.9883607596 -0.6854767820
+8.8000000000 +0.1320611111 +0.0007915227 +0.0001222222 +0.0010307818 +0.0425004630 +0.0004269340 +0.0090971944 +0.0001706012 -7.4774027778 +0.0074792282 +58.1491064815 +0.1050767636 +0.1025195150 +1.0401853111 -0.6787997538
+9.0000000000 +0.1306125000 +0.0007690504 +0.0005361111 +0.0010089212 +0.0407171682 +0.0004101413 +0.0083865234 +0.0001619016 -7.2655833333 +0.0078756766 +55.2697524691 +0.1078077905 +0.0946301722 +1.1026894647 -0.6861863719
+9.2000000000 +0.1288111111 +0.0007417236 +0.0005597222 +0.0009823205 +0.0385984568 +0.0003897169 +0.0075650124 +0.0001513025 -7.0355277778 +0.0082065581 +52.1925549383 +0.1094838535 +0.0861110391 +1.1458003042 -0.6925772833
+9.4000000000 +0.1278437500 +0.0007216761 +0.0005604167 +0.0009640587 +0.0371766782 +0.0003736909 +0.0069679022 +0.0001402754 -6.8076944444 +0.0085055048 +49.2384481481 +0.1105266732 +0.0797846317 +1.1789814619 -0.6805042864
+9.6000000000 +0.1265402778 +0.0006952402 +0.0015333333 +0.0009400059 +0.0353467978 +0.0003516505 +0.0061957185 +0.0001261420 -6.5707194444 +0.0087823590 +46.2595472222 +0.1110323686 +0.0725038348 +1.2051535956 -0.6529901736
+9.8000000000 +0.1256250000 +0.0006741098 +0.0007194444 +0.0009213860 +0.0339586034 +0.0003323564 +0.0055716176 +0.0001144332 -6.3319500000 +0.0089485894 +43.2966808642 +0.1104581361 +0.0667725163 +1.2006584988 -0.6104988129
+10.0000000000 +0.1239888889 +0.0006539938 +0.0001972222 +0.0009011315 +0.0324815586 +0.0003171422 +0.0050782188 +0.0001041041 -6.0831500000 +0.0090591416 +40.2874358025 +0.1089375687 +0.0615899307 +1.1817798768 -0.6044139710
+10.2000000000 +0.1234069444 +0.0006369326 +0.0007986111 +0.0008867914 +0.0314565972 +0.0003030426 +0.0046629113 +0.0000960392 -5.8507444444 +0.0091435145 +37.5753648148 +0.1071652579 +0.0572729057 +1.1571468030 -0.5707693272
+10.4000000000 +0.1226236111 +0.0006180490 +0.0006055556 +0.0008705683 +0.0303159336 +0.0002872584 +0.0042197507 +0.0000854450 -5.6313138889 +0.0091315183 +35.0470811728 +0.1045121511 +0.0528901741 +1.1101503520 -0.5304658633
+10.6000000000 +0.1223222222 +0.0006058598 +0.0021847222 +0.0008608222 +0.0296453704 +0.0002803379 +0.0040224207 +0.0000855426 -5.4184083333 +0.0091512019 +32.7089287037 +0.1024614843 +0.0498655845 +1.0732651667 -0.5256414199
+10.8000000000 +0.1217416667 +0.0005954105 +0.0010069444 +0.0008514777 +0.0290015818 +0.0002719801 +0.0038000178 +0.0000777198 -5.2172250000 +0.0091044615 +30.5350854938 +0.0994619562 +0.0472684946 +1.0233483930 -0.5059862566
+11.0000000000 +0.1213187500 +0.0005782223 +0.0004104167 +0.0008380291 +0.0280918789 +0.0002596109 +0.0034850671 +0.0000735008 -5.0165583333 +0.0090117390 +28.4143151235 +0.0958611439 +0.0437682756 +0.9664832564 -0.4720695069
+11.2000000000 +0.1210680556 +0.0005665188 +0.0002805556 +0.0008290829 +0.0274952160 +0.0002511129 +0.0032782935 +0.0000697261 -4.8233166667 +0.0088633918 +26.4067722222 +0.0919757906 +0.0412641706 +0.9018334502 -0.4454807205
+11.4000000000 +0.1199145833 +0.0005517348 -0.0002715278 +0.0008147989 +0.0265559606 +0.0002382425 +0.0029755994 +0.0000630276 -4.6500138889 +0.0087424185 +24.6798243827 +0.0884679604 +0.0384519580 +0.8468684808 -0.4064657854
+11.6000000000 +0.1190520833 +0.0005393540 +0.0000729167 +0.0008032668 +0.0258095100 +0.0002296957 +0.0027765347 +0.0000602608 -4.4813638889 +0.0085359700 +22.9971336420 +0.0839817425 +0.0361120701 +0.7797444125 -0.3893840959
+11.8000000000 +0.1189305556 +0.0005298945 +0.0003638889 +0.0007964903 +0.0253760031 +0.0002205919 +0.0025903736 +0.0000544046 -4.3342083333 +0.0083301330 +21.5610064815 +0.0802610640 +0.0342656727 +0.7176329056 -0.3408948081
+12.0000000000 +0.1181277778 +0.0005207915 -0.0007333333 +0.0007874419 +0.0248031250 +0.0002139081 +0.0024454612 +0.0000534780 -4.2027027778 +0.0082056658 +20.3560287037 +0.0769276816 +0.0325468594 +0.6733295163 -0.3250330686
