# T, am1a, am1e, m1a, m1e, m2a, m2e, m4a, m4e, e1a, e1e, e2a, e2e, susc, spec, bind
+2.0000000000 +0.4977375000 +0.0024986303 +0.0055687500 +0.0035264633 +0.4974687500 +0.0024978086 +0.4970370605 +0.0024971239 -11.9949500000 +0.0003596699 +143.8840000000 +0.0082569766 +1.9978090488 +0.0206979900 +0.3305226188
+2.2000000000 +0.4971187500 +0.0024970192 +0.0056812500 +0.0035231342 +0.4965312500 +0.0024952005 +0.4955843018 +0.0024936540 -11.9884750000 +0.0005478292 +143.7355375000 +0.0125505107 +1.8138487156 +0.0396848740 +0.3299563234
+2.4000000000 +0.4963625000 +0.0024943337 +0.0061875000 +0.0035185418 +0.4952437500 +0.0024909577 +0.4934611816 +0.0024881605 -11.9787500000 +0.0007474697 +143.5128000000 +0.0170979384 +1.6591201240 +0.0620789931 +0.3293533913
+2.6000000000 +0.4950031250 +0.0024896173 +0.0064468750 +0.0035103928 +0.4929558594 +0.0024836611 +0.4897483826 +0.0024788542 -11.9611500000 +0.0010270185 +143.1113000000 +0.0233995659 +1.5257093269 +0.0998595917 +0.3282066671
+2.8000000000 +0.4934953125 +0.0024836574 +0.0059390625 +0.0035008732 +0.4902797852 +0.0024747903 +0.4853577396 +0.0024679713 -11.9393625000 +0.0013065158 +142.6166562500 +0.0296343942 +1.4099552097 +0.1393455992 +0.3269416284
+3.0000000000 +0.4907593750 +0.0024747009 +0.0050593750 +0.0034849137 +0.4858105469 +0.0024615158 +0.4783742859 +0.0024516926 -11.9062375000 +0.0016495442 +141.8673312500 +0.0372224523 +1.3064841745 +0.1934930553 +0.3243641368
+3.2000000000 +0.4870593750 +0.0024610110 +0.0046531250 +0.0034621821 +0.4794898437 +0.0024420949 +0.4684636124 +0.0024286993 -11.8589250000 +0.0020529383 +140.8026843750 +0.0460518406 +1.2113150449 +0.2634097178 +0.3208029625
+3.4000000000 +0.4832203125 +0.0024438418 +0.0037515625 +0.0034365037 +0.4723963867 +0.0024185939 +0.4571421963 +0.0024013313 -11.7992437500 +0.0024817697 +139.4685203125 +0.0553159624 +1.1242094885 +0.3409927205 +0.3171631951
+3.6000000000 +0.4772187500 +0.0024225703 +0.0022406250 +0.0034003183 +0.4624916016 +0.0023897490 +0.4423344887 +0.0023675222 -11.7217875000 +0.0029419023 +137.7464937500 +0.0651405840 +1.0433505165 +0.4273969813 +0.3106784652
+3.8000000000 +0.4689953125 +0.0023964947 +0.0032671875 +0.0033528846 +0.4496840820 +0.0023557772 +0.4242032246 +0.0023282379 -11.6290750000 +0.0034188321 +135.7029218750 +0.0751561312 +0.9672735953 +0.5180460048 +0.3007416172
+4.0000000000 +0.4598765625 +0.0023639338 +0.0021609375 +0.0032977610 +0.4350137695 +0.0023140855 +0.4034366398 +0.0022795273 -11.5160500000 +0.0039156294 +133.2326937500 +0.0853596241 +0.8941092672 +0.6132861475 +0.2893625751
+4.2000000000 +0.4472187500 +0.0023251926 +0.0029375000 +0.0032258983 +0.4162654297 +0.0022653304 +0.3785457878 +0.0022225090 -11.3807250000 +0.0044288429 +130.3054875000 +0.0956491851 +0.8238507403 +0.7116426071 +0.2717902763
+4.4000000000 +0.4333093750 +0.0022823019 +0.0028531250 +0.0031468434 +0.3961130859 +0.0022106297 +0.3523809242 +0.0021559559 -11.2299375000 +0.0048663240 +127.0587406250 +0.1042841523 +0.7576584417 +0.7828465877 +0.2513949444
+4.6000000000 +0.4171093750 +0.0022351946 +0.0012937500 +0.0030570507 +0.3738240234 +0.0021514675 +0.3248968987 +0.0020839554 -11.0755750000 +0.0052556762 +123.7732468750 +0.1115942252 +0.6951088443 +0.8354520184 +0.2250210682
+4.8000000000 +0.3986734375 +0.0021819025 +0.0021609375 +0.0029553502 +0.3493684570 +0.0020846485 +0.2958886906 +0.0020023776 -10.9049375000 +0.0056032998 +120.1735406250 +0.1178683204 +0.6347598242 +0.8721380181 +0.1919472223
+5.0000000000 +0.3804109375 +0.0021237917 +0.0010171875 +0.0028510134 +0.3251321289 +0.0020111672 +0.2675026340 +0.0019118915 -10.7242062500 +0.0058977922 +116.3999578125 +0.1227400227 +0.5773428721 +0.8904691968 +0.1564962210
+5.2000000000 +0.3629703125 +0.0020645924 +0.0011359375 +0.0027488535 +0.3022491211 +0.0019366587 +0.2413804150 +0.0018211526 -10.5485500000 +0.0061321370 +112.7760312500 +0.1262241760 +0.5246205333 +0.8900142885 +0.1192539958
+5.4000000000 +0.3467687500 +0.0020049296 +0.0018500000 +0.0026506360 +0.2810382813 +0.0018613737 +0.2175709961 +0.0017283991 -10.3723875000 +0.0063119357 +109.1800437500 +0.1284074997 +0.4764139712 +0.8744149793 +0.0817756958
+5.6000000000 +0.3296640625 +0.0019405698 +0.0019515625 +0.0025461099 +0.2593108398 +0.0017800948 +0.1939916180 +0.0016292552 -10.1948187500 +0.0064574576 +105.6022796875 +0.1295840859 +0.4303784164 +0.8509950725 +0.0383426240
+5.8000000000 +0.3160843750 +0.0018818601 +0.0008468750 +0.0024574607 +0.2415652344 +0.0017059426 +0.1747633652 +0.0015384239 -10.0335062500 +0.0065508244 +102.3877796875 +0.1296605560 +0.3907749028 +0.8164242657 +0.0017018166
+6.0000000000 +0.3013484375 +0.0018205650 -0.0003921875 +0.0023632023 +0.2233891602 +0.0016293279 +0.1560910877 +0.0014470022 -9.8714875000 +0.0066581544 +99.2195062500 +0.1294945586 +0.3535420783 +0.7881070166 -0.0426358690
+6.2000000000 +0.2876875000 +0.0017605178 -0.0012781250 +0.0022734301 +0.2067410156 +0.0015532963 +0.1392510269 +0.0013555848 -9.7145125000 +0.0067508854 +96.1947312500 +0.1291236580 +0.3199404335 +0.7587838241 -0.0859850859
+6.4000000000 +0.2762218750 +0.0017058243 -0.0016437500 +0.0021948194 +0.1926919922 +0.0014857476 +0.1254280357 +0.0012767125 -9.5652812500 +0.0069163121 +93.4080203125 +0.1294446911 +0.2909836699 +0.7474277035 -0.1260198142
+6.6000000000 +0.2655156250 +0.0016541975 -0.0012968750 +0.0021210354 +0.1799533203 +0.0014222204 +0.1132916344 +0.0012028958 -9.4171937500 +0.0070874300 +90.6928046875 +0.1298167915 +0.2653449047 +0.7380226125 -0.1661565580
+6.8000000000 +0.2553078125 +0.0016042519 -0.0006515625 +0.0020501623 +0.1681270508 +0.0013598147 +0.1022305408 +0.0011292227 -9.2770687500 +0.0072658342 +88.1756984375 +0.1299137721 +0.2422234627 +0.7306899119 -0.2055471872
+7.0000000000 +0.2451609375 +0.0015526842 -0.0010796875 +0.0019782306 +0.1565370117 +0.0012981297 +0.0919094662 +0.0010588458 -9.1280875000 +0.0075170741 +85.5822375000 +0.1310641842 +0.2204185747 +0.7380428057 -0.2502731685
+7.2000000000 +0.2376468750 +0.0015068799 -0.0010937500 +0.0019189992 +0.1473035156 +0.0012424856 +0.0834491409 +0.0009937446 -8.9876625000 +0.0077255223 +83.1654250000 +0.1318324542 +0.2018388410 +0.7368357364 -0.2819597546
+7.4000000000 +0.2300953125 +0.0014609583 -0.0015515625 +0.0018595525 +0.1383198242 +0.0011882941 +0.0756140850 +0.0009358752 -8.8334687500 +0.0080712455 +80.6359703125 +0.1339258477 +0.1845966949 +0.7613733105 -0.3173846227
+7.6000000000 +0.2243968750 +0.0014201840 -0.0016031250 +0.0018098915 +0.1310308594 +0.0011398959 +0.0691435959 +0.0008805724 -8.6772000000 +0.0084330454 +78.1384500000 +0.1359119771 +0.1698461092 +0.7879917341 -0.3424048985
+7.8000000000 +0.2184953125 +0.0013795126 -0.0026265625 +0.0017596555 +0.1238624023 +0.0010930680 +0.0631338039 +0.0008316323 -8.5224500000 +0.0087464846 +75.6921937500 +0.1378804740 +0.1561481041 +0.8047441808 -0.3717081042
+8.0000000000 +0.2129515625 +0.0013400109 -0.0029359375 +0.0017114680 +0.1171735352 +0.0010463751 +0.0575256733 +0.0007781150 -8.3567875000 +0.0091407307 +73.1780156250 +0.1398860190 +0.1436503344 +0.8355295762 -0.3966300751
+8.2000000000 +0.2091609375 +0.0013059364 -0.0028296875 +0.0016730144 +0.1119670898 +0.0010053893 +0.0529689388 +0.0007290907 -8.1807250000 +0.0094913460 +70.5276875000 +0.1415854304 +0.1331098382 +0.8574481795 -0.4083780137
+8.4000000000 +0.2051406250 +0.0012651459 -0.0020781250 +0.0016286661 +0.1061064453 +0.0009616729 +0.0482511665 +0.0006838961 -8.0010750000 +0.0098597890 +67.9058187500 +0.1437918706 +0.1219500367 +0.8817726971 -0.4285749545
+8.6000000000 +0.2002734375 +0.0012309111 -0.0016140625 +0.0015867619 +0.1007151367 +0.0009234625 +0.0442548595 +0.0006448309 -7.8377500000 +0.0102350920 +65.6206093750 +0.1458908994 +0.1127547664 +0.9064974175 -0.4542873242
+8.8000000000 +0.1969312500 +0.0011980281 -0.0011000000 +0.0015507382 +0.0961927734 +0.0008878860 +0.0407867134 +0.0006102948 -7.6569000000 +0.0106496015 +63.1646781250 +0.1483422611 +0.1043833749 +0.9373058915 -0.4693070537
+9.0000000000 +0.1939343750 +0.0011673998 -0.0015312500 +0.0015175728 +0.0921234375 +0.0008564374 +0.0378261292 +0.0005824894 -7.4583625000 +0.0110206490 +60.4853593750 +0.1500232687 +0.0969118146 +0.9596421123 -0.4856974452
+9.2000000000 +0.1904328125 +0.0011354043 -0.0013984375 +0.0014817930 +0.0878303711 +0.0008201448 +0.0346196758 +0.0005438998 -7.2699625000 +0.0113702685 +58.0236750000 +0.1512351413 +0.0896795044 +0.9775652644 -0.4959335650
+9.4000000000 +0.1887812500 +0.0011098406 -0.0017031250 +0.0014569257 +0.0849082031 +0.0007934825 +0.0323939850 +0.0005179279 -7.0926187500 +0.0115871274 +55.6757015625 +0.1514089112 +0.0838635622 +0.9724691407 -0.4977654957
+9.6000000000 +0.1859296875 +0.0010806625 -0.0006359375 +0.0014255061 +0.0812831055 +0.0007664159 +0.0301026745 +0.0004961776 -6.8814437500 +0.0118615078 +52.9820828125 +0.1522646272 +0.0778554280 +0.9770511681 -0.5187393734
+9.8000000000 +0.1845218750 +0.0010541413 -0.0013468750 +0.0014008485 +0.0784968750 +0.0007359076 +0.0278241577 +0.0004612255 -6.6876187500 +0.0121153610 +50.5955234375 +0.1518734403 +0.0725690655 +0.9781389241 -0.5052063314
+10.0000000000 +0.1833078125 +0.0010272805 -0.0011046875 +0.0013767057 +0.0758139648 +0.0007050656 +0.0256324566 +0.0004288690 -6.4863437500 +0.0123405038 +48.1641765625 +0.1518459906 +0.0675395372 +0.9746434111 -0.4865193156
+10.2000000000 +0.1806750000 +0.0009971676 -0.0021000000 +0.0013454811 +0.0724171875 +0.0006714560 +0.0232783768 +0.0003965170 -6.3039562500 +0.0124391013 +45.9291140625 +0.1503781910 +0.0623901676 +0.9518261685 -0.4796129734
+10.4000000000 +0.1792984375 +0.0009779006 -0.0010078125 +0.0013266357 +0.0703995117 +0.0006510523 +0.0219108547 +0.0003759490 -6.1245000000 +0.0126237930 +43.8839062500 +0.1502139142 +0.0588485877 +0.9429594675 -0.4736650057
+10.6000000000 +0.1779421875 +0.0009620428 -0.0016515625 +0.0013103601 +0.0686844727 +0.0006385455 +0.0210271717 +0.0003663031 -5.9386875000 +0.0127358164 +41.7560500000 +0.1486544057 +0.0558808310 +0.9238933111 -0.4857388170
+10.8000000000 +0.1772000000 +0.0009396767 -0.0009593750 +0.0012914973 +0.0667195313 +0.0006153168 +0.0195960846 +0.0003426050 -5.7607062500 +0.0127952775 +39.7345015625 +0.1471008471 +0.0523254685 +0.8983216823 -0.4673782517
+11.0000000000 +0.1752015625 +0.0009211467 -0.0006734375 +0.0012711764 +0.0646360352 +0.0005964243 +0.0184066959 +0.0003274148 -5.5894000000 +0.0128059936 +37.8011312500 +0.1449951730 +0.0493679239 +0.8674034896 -0.4686055547
+11.2000000000 +0.1747437500 +0.0009095384 -0.0003812500 +0.0012612061 +0.0636257812 +0.0005873589 +0.0178478577 +0.0003242264 -5.4289500000 +0.0129358592 +36.1669562500 +0.1440473146 +0.0472720044 +0.8537574168 -0.4695981045
+11.4000000000 +0.1751781250 +0.0008972088 -0.0023312500 +0.0012538070 +0.0628867188 +0.0005754715 +0.0172014374 +0.0003125269 -5.2667375000 +0.0129503449 +34.4469812500 +0.1417344480 +0.0451920607 +0.8259104163 -0.4498584828
+11.6000000000 +0.1745640625 +0.0008798935 -0.0033765625 +0.0012392509 +0.0614411133 +0.0005576365 +0.0162133472 +0.0002967561 -5.0868812500 +0.0129448108 +32.5790859375 +0.1393242463 +0.0427151743 +0.7969946594 -0.4316381962
+11.8000000000 +0.1735468750 +0.0008663219 -0.0026437500 +0.0012260921 +0.0601390625 +0.0005446663 +0.0154831635 +0.0002863861 -4.9276312500 +0.0128137548 +30.8492421875 +0.1353885280 +0.0407058233 +0.7546903133 -0.4270038227
+12.0000000000 +0.1725859375 +0.0008503637 -0.0022640625 +0.0012114611 +0.0587106445 +0.0005289049 +0.0146365574 +0.0002687582 -4.7813187500 +0.0127842085 +29.3984484375 +0.1332016888 +0.0385663183 +0.7263821609 -0.4154156360
