# T, am1a, am1e, m1a, m1e, m2a, m2e, m4a, m4e, e1a, e1e, e2a, e2e, susc, spec, bind
+2.0000000000 +0.2535628472 +0.0021740508 +0.1338829861 +0.0024260531 +0.2533539979 +0.0021723129 +0.2529459842 +0.0021690177 -11.9943208333 +0.0001277249 +143.8643847994 +0.0030490099 +13.6123113878 +0.0234916723 -0.3135633139
+2.2000000000 +0.2547371528 +0.0021760953 +0.1237107639 +0.0024443931 +0.2543066503 +0.0021725287 +0.2534671181 +0.0021657828 -11.9881166667 +0.0001843191 +143.7163001543 +0.0043980312 +12.3981141773 +0.0404312942 -0.3064263685
+2.4000000000 +0.2598434028 +0.0021878081 +0.1093670139 +0.0024850434 +0.2589787664 +0.0021807611 +0.2572987528 +0.0021675012 -11.9772694444 +0.0002587581 +143.4576615741 +0.0061668156 +11.4876103458 +0.0669557318 -0.2787572547
+2.6000000000 +0.2658805556 +0.0022001722 +0.0883312500 +0.0025323920 +0.2643227792 +0.0021877428 +0.2613152737 +0.0021645657 -11.9598291667 +0.0003528748 +143.0424945216 +0.0083938086 +10.7241402130 +0.1061004309 -0.2467355858
+2.8000000000 +0.2719324653 +0.0022101646 +0.0644126736 +0.0025748368 +0.2693403706 +0.0021899492 +0.2643793353 +0.0021526953 -11.9339618056 +0.0004612515 +142.4279544946 +0.0109449833 +10.0487882540 +0.1563082931 -0.2147959765
+3.0000000000 +0.2771006944 +0.0022144239 +0.0452437500 +0.0026023294 +0.2729317274 +0.0021826138 +0.2650438486 +0.0021248827 -11.8967256944 +0.0005880806 +141.5459157986 +0.0139096942 +9.4150527633 +0.2213367968 -0.1860102068
+3.2000000000 +0.2873859375 +0.0022251839 +0.0241901042 +0.0026460501 +0.2806484146 +0.0021756641 +0.2681041000 +0.0020875027 -11.8436569444 +0.0007270774 +140.2933554784 +0.0171240778 +8.9125981884 +0.2973608542 -0.1346371900
+3.4000000000 +0.3023645833 +0.0022384611 +0.0068097222 +0.0027009549 +0.2918526669 +0.0021654394 +0.2727430979 +0.0020388673 -11.7744895833 +0.0008770689 +138.6693749421 +0.0205314686 +8.4887290845 +0.3832940444 -0.0673458901
+3.6000000000 +0.3191364583 +0.0022450539 -0.0068729167 +0.0027541402 +0.3034587601 +0.0021432932 +0.2758354419 +0.0019728633 -11.6912576389 +0.0010388950 +136.7286772955 +0.0241393569 +8.0644272436 +0.4796901849 +0.0015427959
+3.8000000000 +0.3391333333 +0.0022433967 -0.0046482639 +0.0028120409 +0.3163245756 +0.0021070417 +0.2776462180 +0.0018878274 -11.5899527778 +0.0012026784 +134.3848628086 +0.0276973435 +7.6287091392 +0.5769714765 +0.0750790018
+4.0000000000 +0.3568565972 +0.0022184726 +0.0031295139 +0.0028469355 +0.3242114535 +0.0020413418 +0.2717961149 +0.0017713383 -11.4653291667 +0.0013948647 +131.5315988040 +0.0317529155 +7.0871336111 +0.7004331358 +0.1380833239
+4.2000000000 +0.3601954861 +0.0021583472 +0.0111416667 +0.0028104944 +0.3160792921 +0.0019390386 +0.2503009498 +0.0016241520 -11.3162645833 +0.0016405994 +128.1655067708 +0.0367812847 +6.3887487030 +0.8788787821 +0.1648794801
+4.4000000000 +0.3458088542 +0.0020442827 +0.0253144097 +0.0026744467 +0.2867474356 +0.0017762782 +0.2084306558 +0.0014181776 -11.1088861111 +0.0019784289 +123.5639178626 +0.0435129723 +5.4708110836 +1.1645496670 +0.1550300681
+4.6000000000 +0.3154868056 +0.0018787114 +0.0245465278 +0.0024500594 +0.2407141807 +0.0015640578 +0.1557943829 +0.0011718998 -10.8482569444 +0.0022594487 +117.8888830633 +0.0487114787 +4.4196184541 +1.3896703026 +0.1037540847
+4.8000000000 +0.2787491319 +0.0016987731 +0.0238807292 +0.0021941057 +0.1931342846 +0.0013438898 +0.1095424420 +0.0009321334 -10.5867118056 +0.0023560302 +112.3005019869 +0.0498628694 +3.4629961805 +1.3877195812 +0.0210907933
+5.0000000000 +0.2402767361 +0.0015016589 +0.0236322917 +0.0019194635 +0.1479320867 +0.0011144651 +0.0715651997 +0.0007040665 -10.3226680556 +0.0023056898 +106.7701239969 +0.0478335017 +2.5977362916 +1.2248536995 -0.0900737105
+5.2000000000 +0.2016895833 +0.0013117575 +0.0193354167 +0.0016517652 +0.1095069951 +0.0009037963 +0.0446656908 +0.0005162655 -10.0946694444 +0.0021847631 +102.0932787809 +0.0444169304 +1.9060146569 +1.0167741387 -0.2415639009
+5.4000000000 +0.1704736111 +0.0011462068 +0.0173357639 +0.0014257658 +0.0816128545 +0.0007254848 +0.0277137851 +0.0003675858 -9.9065590278 +0.0020460178 +98.3073593171 +0.0407690158 +1.4013760632 +0.8269014631 -0.3869393002
+5.6000000000 +0.1473763889 +0.0010139509 +0.0118572917 +0.0012520290 +0.0628436584 +0.0005898029 +0.0178640231 +0.0002656286 -9.7544527778 +0.0019807664 +95.3062864198 +0.0387864557 +1.0574706438 +0.7206310371 -0.5077700037
+5.8000000000 +0.1292664931 +0.0009036649 +0.0103397569 +0.0011098122 +0.0493742368 +0.0004822774 +0.0117414733 +0.0001893080 -9.6155555556 +0.0019478532 +92.6106739198 +0.0375033568 +0.8109784703 +0.6496492271 -0.6054639090
+6.0000000000 +0.1163918403 +0.0008232041 +0.0088828125 +0.0010071588 +0.0406536591 +0.0004114024 +0.0084227983 +0.0001457091 -9.4883347222 +0.0019595150 +90.1820837577 +0.0371587995 +0.6505583667 +0.6143518272 -0.6987750086
+6.2000000000 +0.1063449653 +0.0007536494 +0.0076699653 +0.0009215466 +0.0340287507 +0.0003515450 +0.0061013109 +0.0001105443 -9.3670673611 +0.0019731910 +87.8976902585 +0.0368826684 +0.5276786884 +0.5834146923 -0.7563452416
+6.4000000000 +0.0993644097 +0.0007024102 +0.0058595486 +0.0008598569 +0.0296084889 +0.0003107494 +0.0047392701 +0.0000899940 -9.2540541667 +0.0020181750 +85.8004397377 +0.0372156880 +0.4440420662 +0.5727699073 -0.8020121809
+6.6000000000 +0.0931524306 +0.0006551113 +0.0048430556 +0.0008034418 +0.0258442057 +0.0002751315 +0.0036958173 +0.0000718870 -9.1378305556 +0.0020870666 +83.6741811343 +0.0379184315 +0.3745490271 +0.5759797429 -0.8444328913
+6.8000000000 +0.0878824653 +0.0006143137 +0.0029303819 +0.0007551489 +0.0228185824 +0.0002451828 +0.0029252715 +0.0000579586 -9.0229861111 +0.0021708802 +81.6027871914 +0.0388887651 +0.3196642175 +0.5870517199 -0.8726974134
+7.0000000000 +0.0829682292 +0.0005764424 +0.0026758681 +0.0007100705 +0.0201751628 +0.0002188658 +0.0023231271 +0.0000469169 -8.9029270833 +0.0022582006 +79.4660894483 +0.0398719644 +0.2734238203 +0.5994478937 -0.9024691504
+7.2000000000 +0.0799810764 +0.0005490709 +0.0019717014 +0.0006791951 +0.0184561282 +0.0002016416 +0.0019670023 +0.0000411073 -8.7761923611 +0.0023798386 +77.2480976273 +0.0413652078 +0.2411831130 +0.6292924114 -0.9248745022
+7.4000000000 +0.0770916667 +0.0005223290 +0.0023336806 +0.0006490528 +0.0168562283 +0.0001846795 +0.0016483930 +0.0000350793 -8.6468361111 +0.0025128372 +75.0203487654 +0.0429780606 +0.2123630899 +0.6641829941 -0.9338317593
+7.6000000000 +0.0747748264 +0.0004991888 +0.0020435764 +0.0006235919 +0.0155588530 +0.0001704854 +0.0014046888 +0.0000299325 -8.5110958333 +0.0026621283 +72.7222293596 +0.0447306857 +0.1888593783 +0.7067295508 -0.9342103342
+7.8000000000 +0.0726960069 +0.0004792380 +0.0020210069 +0.0006014022 +0.0144714711 +0.0001596717 +0.0012292250 +0.0000269019 -8.3599173611 +0.0028453594 +70.2120610918 +0.0468745172 +0.1696017542 +0.7664918514 -0.9565220876
+8.0000000000 +0.0711227431 +0.0004610551 +0.0024116319 +0.0005821405 +0.0135613173 +0.0001491773 +0.0010740636 +0.0000234364 -8.2040680556 +0.0030214461 +67.6718981096 +0.0487716268 +0.1530517085 +0.8216222611 -0.9467266429
+8.2000000000 +0.0697640625 +0.0004431008 +0.0021161458 +0.0005638280 +0.0127205572 +0.0001389761 +0.0009343869 +0.0000200343 -8.0395131944 +0.0032181765 +65.0480387924 +0.0508265508 +0.1379156984 +0.8871856036 -0.9248337415
+8.4000000000 +0.0688130208 +0.0004285002 +0.0015901042 +0.0005494816 +0.0120797297 +0.0001313627 +0.0008361658 +0.0000178944 -7.8521888889 +0.0034642498 +62.1369114198 +0.0532521665 +0.1259056776 +0.9796756591 -0.9101025722
+8.6000000000 +0.0680619792 +0.0004128526 +0.0017800347 +0.0005349569 +0.0114503243 +0.0001245019 +0.0007511391 +0.0000169041 -7.6468895833 +0.0037547103 +59.0388342785 +0.0560676579 +0.1141600405 +1.0979396019 -0.9096929190
+8.8000000000 +0.0668456597 +0.0003937568 +0.0013970486 +0.0005164341 +0.0106701184 +0.0001148529 +0.0006414986 +0.0000143206 -7.4093798611 +0.0040665976 +55.5603985532 +0.0587528314 +0.1014836100 +1.2300408353 -0.8781746152
+9.0000000000 +0.0661467014 +0.0003786063 +0.0011765625 +0.0005026855 +0.0101090941 +0.0001078979 +0.0005678722 +0.0000128903 -7.1522881944 +0.0043627874 +51.9165829668 +0.0609283090 +0.0917393277 +1.3535227563 -0.8522724894
+9.2000000000 +0.0654407986 +0.0003601398 +0.0008109375 +0.0004865662 +0.0094705259 +0.0000985334 +0.0004780439 +0.0000107915 -6.8692027778 +0.0046612928 +48.0550528164 +0.0626440941 +0.0812039130 +1.4786302698 -0.7766356000
+9.4000000000 +0.0653343750 +0.0003450483 +0.0005878472 +0.0004751465 +0.0090309124 +0.0000920156 +0.0004202324 +0.0000096499 -6.5654250000 +0.0048727718 +44.0545616127 +0.0631019013 +0.0729548711 +1.5478145112 -0.7175327371
+9.6000000000 +0.0645029514 +0.0003278597 +0.0008144097 +0.0004598817 +0.0084603094 +0.0000843023 +0.0003558518 +0.0000083796 -6.2545041667 +0.0050354582 +40.1330559414 +0.0627567204 +0.0644951794 +1.5847399539 -0.6572018562
+9.8000000000 +0.0646661458 +0.0003152893 +0.0001633681 +0.0004516076 +0.0081580042 +0.0000783867 +0.0003123318 +0.0000068601 -5.9444479167 +0.0050573226 +36.3595215085 +0.0605296095 +0.0584271739 +1.5339515653 -0.5643256392
+10.0000000000 +0.0641935764 +0.0003026396 +0.0005213542 +0.0004411398 +0.0077844437 +0.0000729146 +0.0002732594 +0.0000061361 -5.6558756944 +0.0050052990 +32.9910505980 +0.0577348052 +0.0527562500 +1.4430538469 -0.5031372399
+10.2000000000 +0.0646034722 +0.0002916308 +0.0001680556 +0.0004351874 +0.0075755498 +0.0000682967 +0.0002439663 +0.0000053717 -5.3738631944 +0.0048636625 +29.8246141397 +0.0538376384 +0.0480274044 +1.3096311516 -0.4170339210
+10.4000000000 +0.0645130208 +0.0002830502 +0.0002019097 +0.0004291441 +0.0073666269 +0.0000644979 +0.0002206663 +0.0000049049 -5.1274125000 +0.0046987521 +27.1734898148 +0.0499360403 +0.0443727280 +1.1757659507 -0.3554312811
+10.6000000000 +0.0642104167 +0.0002753763 -0.0001006944 +0.0004229732 +0.0071562621 +0.0000607832 +0.0001989959 +0.0000042272 -4.9105840278 +0.0045195162 +24.9308765625 +0.0462680480 +0.0412068831 +1.0471156451 -0.2952404769
+10.8000000000 +0.0635975694 +0.0002662133 +0.0002201389 +0.0004147102 +0.0068794319 +0.0000571106 +0.0001777916 +0.0000037731 -4.7130513889 +0.0043410598 +22.9666454090 +0.0427218727 +0.0377970809 +0.9306074255 -0.2522322894
+11.0000000000 +0.0634185764 +0.0002609760 +0.0002088542 +0.0004106766 +0.0067462541 +0.0000550552 +0.0001667550 +0.0000035361 -4.5375305556 +0.0041754799 +21.2865688272 +0.0395568896 +0.0356640646 +0.8299461238 -0.2213274726
+11.2000000000 +0.0632326389 +0.0002577890 +0.0005062500 +0.0004079313 +0.0066565731 +0.0000532276 +0.0001576370 +0.0000032939 -4.3858916667 +0.0039954832 +19.8746011574 +0.0364587112 +0.0341769406 +0.7330355881 -0.1858653561
+11.4000000000 +0.0626255208 +0.0002510705 +0.0003897569 +0.0004013496 +0.0064434112 +0.0000501674 +0.0001421882 +0.0000026957 -4.2426534722 +0.0039004684 +18.6086546489 +0.0344337785 +0.0318499624 +0.6742893779 -0.1415910902
+11.6000000000 +0.0616670139 +0.0002473928 +0.0006378472 +0.0003953018 +0.0062509476 +0.0000489094 +0.0001347594 +0.0000026634 -4.1122416667 +0.0037956932 +17.4868229938 +0.0324251452 +0.0303905424 +0.6167209535 -0.1495979308
+11.8000000000 +0.0616060764 +0.0002443135 +0.0002925347 +0.0003931535 +0.0061828716 +0.0000473977 +0.0001280894 +0.0000023916 -3.9935437500 +0.0036886527 +16.4926380208 +0.0305163617 +0.0291363612 +0.5628517138 -0.1168928599
+12.0000000000 +0.0615953125 +0.0002415538 +0.0000244792 +0.0003914049 +0.0061279116 +0.0000459845 +0.0001221342 +0.0000021519 -3.8853125000 +0.0036208227 +15.6200675154 +0.0291878216 +0.0280071490 +0.5244142928 -0.0841541187
