# T, am1a, am1e, m1a, m1e, m2a, m2e, m4a, m4e, e1a, e1e, e2a, e2e, susc, susce, spec, spece, bind, binde
+2.0000000000 +0.4919140972 +0.0106915122 +0.0113797917 +0.0184678887 +0.4916010359 +0.0106883394 +0.4910304402 +0.0106822013 -11.9944988889 +0.0001040857 +143.8705165432 +0.0024460979 +4.4726125051 +0.0049860301 +0.0226155538 +0.0004686384 +0.3196461848 +0.0142131438
+2.2000000000 +0.4915414583 +0.0105922541 +0.0114582639 +0.0184376639 +0.4908385282 +0.0105822850 +0.4895632117 +0.0105643592 -11.9880022222 +0.0002254422 +143.7177565432 +0.0053030631 +4.0598765089 +0.0042576620 +0.0413461113 +0.0007655732 +0.3196164814 +0.0141230383
+2.4000000000 +0.4907894444 +0.0104532673 +0.0113930556 +0.0181610771 +0.4894495833 +0.0104298283 +0.4870327576 +0.0103877359 -11.9773961111 +0.0003884426 +143.4686191358 +0.0091452822 +3.7122389487 +0.0035887053 +0.0662501529 +0.0010090881 +0.3193497300 +0.0139967012
+2.6000000000 +0.4897089583 +0.0103258534 +0.0110036806 +0.0178066038 +0.4873519348 +0.0102792979 +0.4831402706 +0.0101952117 -11.9607844444 +0.0005215686 +143.0791592593 +0.0122669003 +3.4126731477 +0.0031311601 +0.1000758060 +0.0011461288 +0.3190115983 +0.0139201989
+2.8000000000 +0.4880845833 +0.0101236354 +0.0104030556 +0.0173238283 +0.4842244444 +0.0100561821 +0.4774101295 +0.0099377809 -11.9367269444 +0.0009002227 +142.5165349691 +0.0210610169 +3.1496529088 +0.0025832329 +0.1426992194 +0.0020099959 +0.3184560745 +0.0137504955
+3.0000000000 +0.4860539583 +0.0100139302 +0.0103777083 +0.0166266734 +0.4800575945 +0.0099122589 +0.4696372854 +0.0097338200 -11.9025847222 +0.0014136806 +141.7207201543 +0.0329912624 +2.9136762735 +0.0023391887 +0.1967083989 +0.0026719235 +0.3178885916 +0.0137400209
+3.2000000000 +0.4826595833 +0.0097241581 +0.0103509722 +0.0156641602 +0.4738034722 +0.0095936265 +0.4587471398 +0.0093674686 -11.8574994444 +0.0018024785 +140.6745449383 +0.0419875922 +2.6988480713 +0.0023255466 +0.2609274867 +0.0027216110 +0.3161150980 +0.0135409063
+3.4000000000 +0.4785212500 +0.0096268005 +0.0108643056 +0.0144403903 +0.4657254630 +0.0094593089 +0.4445792735 +0.0091612631 -11.7966430556 +0.0023647277 +139.2711084877 +0.0548082888 +2.4968766006 +0.0029668051 +0.3433863989 +0.0033321767 +0.3140455384 +0.0136256895
+3.6000000000 +0.4722896528 +0.0093504853 +0.0106929861 +0.0132995252 +0.4544799286 +0.0091499203 +0.4260647492 +0.0087908374 -11.7178652778 +0.0031633483 +137.4678283642 +0.0725652670 +2.3054809676 +0.0036617987 +0.4426711898 +0.0047985190 +0.3097615597 +0.0135534107
+3.8000000000 +0.4644750000 +0.0090898929 +0.0097138889 +0.0123413151 +0.4402994136 +0.0088455506 +0.4033662814 +0.0084103247 -11.6175305556 +0.0040334087 +135.1927772223 +0.0916605600 +2.1196054082 +0.0045575697 +0.5624335074 +0.0059921336 +0.3038407309 +0.0134993149
+4.0000000000 +0.4531731250 +0.0086393977 +0.0092457639 +0.0108149033 +0.4213758970 +0.0083364956 +0.3752164085 +0.0078271446 -11.4916941667 +0.0049502877 +132.3698084260 +0.1111867516 +1.9373726146 +0.0054846858 +0.6986892425 +0.0070226153 +0.2931199684 +0.0132988033
+4.2000000000 +0.4377038194 +0.0079509719 +0.0094964583 +0.0092297317 +0.3971584317 +0.0076051909 +0.3417018090 +0.0070190142 -11.3387825000 +0.0061789835 +128.9789718827 +0.1367784477 +1.7566424453 +0.0064683050 +0.8379622490 +0.0079182876 +0.2756063751 +0.0129993620
+4.4000000000 +0.4177122222 +0.0072476188 +0.0092065278 +0.0078899697 +0.3677749498 +0.0068594503 +0.3038477704 +0.0061948304 -11.1586958333 +0.0069022634 +125.0369591050 +0.1510440741 +1.5771777502 +0.0074418451 +0.9669235382 +0.0067423505 +0.2490405597 +0.0128684548
+4.6000000000 +0.3937831250 +0.0064371282 +0.0094682639 +0.0063539984 +0.3342603607 +0.0059910422 +0.2633410994 +0.0052461319 -10.9531250000 +0.0068104470 +120.5949839506 +0.1471164460 +1.3991544391 +0.0078173795 +1.0608990110 +0.0052971478 +0.2123611905 +0.0127153992
+4.8000000000 +0.3669024306 +0.0054896571 +0.0070847917 +0.0050561572 +0.2985938831 +0.0050572315 +0.2229946020 +0.0043272387 -10.7367936111 +0.0072106768 +115.9823838580 +0.1538142314 +1.2275634466 +0.0082662267 +1.0986357372 +0.0045136343 +0.1645702937 +0.0122958664
+5.0000000000 +0.3386934028 +0.0045278078 +0.0055824306 +0.0039610072 +0.2628070313 +0.0040690227 +0.1849195822 +0.0033431792 -10.5179561111 +0.0073944110 +111.3794768519 +0.1559467175 +1.0647993581 +0.0078368749 +1.0822022258 +0.0038099812 +0.1060758094 +0.0118484988
+5.2000000000 +0.3116813889 +0.0037738562 +0.0038729167 +0.0031331165 +0.2297750617 +0.0033215219 +0.1517350561 +0.0026373924 -10.3078155556 +0.0072590246 +107.0220707408 +0.1508333125 +0.9172201406 +0.0072917281 +1.0257900164 +0.0034118676 +0.0407589999 +0.0115851689
+5.4000000000 +0.2863365278 +0.0032345088 +0.0031326389 +0.0022191999 +0.1998780440 +0.0027571394 +0.1231973786 +0.0020941721 -10.1099300000 +0.0060212865 +102.9778262346 +0.1236916635 +0.7852321091 +0.0064812987 +0.9466408281 +0.0034660813 -0.0290209464 +0.0115653150
+5.6000000000 +0.2633453472 +0.0027852177 +0.0021559028 +0.0015395567 +0.1739282002 +0.0022441467 +0.0999324264 +0.0015835055 -9.9275036111 +0.0049212299 +99.3088175617 +0.1007459941 +0.6717847754 +0.0053914624 +0.8646973026 +0.0043801804 -0.1022393756 +0.0118798972
+5.8000000000 +0.2430431250 +0.0023317248 +0.0022152083 +0.0012348766 +0.1519602488 +0.0018271728 +0.0813177554 +0.0012398931 -9.7621102778 +0.0039918185 +96.0383463889 +0.0818395332 +0.5762229444 +0.0046705068 +0.7912615583 +0.0046504151 -0.1747462194 +0.0117296297
+6.0000000000 +0.2261642361 +0.0018622139 +0.0017429861 +0.0009591213 +0.1340533121 +0.0013984302 +0.0668949745 +0.0009040117 -9.6085497222 +0.0030378662 +93.0558268210 +0.0611335005 +0.4972102321 +0.0036126801 +0.7315067703 +0.0040008609 -0.2415321431 +0.0107825295
+6.2000000000 +0.2114539583 +0.0016362392 +0.0009699306 +0.0008688765 +0.1188944734 +0.0011355670 +0.0553207884 +0.0006528714 -9.4667102778 +0.0020756216 +90.3540363272 +0.0413620536 +0.4305769786 +0.0027892215 +0.6887104948 +0.0037066902 -0.3052439921 +0.0109654734
+6.4000000000 +0.1986193750 +0.0014211922 +0.0008374306 +0.0007703394 +0.1060954495 +0.0009440861 +0.0460645578 +0.0005178909 -9.3322461111 +0.0018648007 +87.8402536420 +0.0361674144 +0.3747689745 +0.0023198836 +0.6586535644 +0.0032280494 -0.3647582467 +0.0106674650
+6.6000000000 +0.1881774306 +0.0013177746 +0.0003510417 +0.0006226040 +0.0957536246 +0.0008347776 +0.0388962351 +0.0004318468 -9.2026438889 +0.0011528266 +85.4676179630 +0.0219330015 +0.3290482579 +0.0019836457 +0.6437604357 +0.0026902673 -0.4147082820 +0.0108349401
+6.8000000000 +0.1790185417 +0.0012211412 +0.0001714583 +0.0005153137 +0.0869832079 +0.0007343906 +0.0331679986 +0.0003500841 -9.0740283333 +0.0015961502 +83.1611747531 +0.0289227012 +0.2907564238 +0.0016827578 +0.6408677974 +0.0024644545 -0.4619149235 +0.0111601333
+7.0000000000 +0.1710979167 +0.0010692647 -0.0001784722 +0.0004278643 +0.0794563503 +0.0006221379 +0.0284961764 +0.0002815538 -8.9429491667 +0.0014857022 +80.8620276235 +0.0257510593 +0.2580193026 +0.0014045258 +0.6506932061 +0.0020165937 -0.5051265389 +0.0107141461
+7.2000000000 +0.1645665972 +0.0010213941 -0.0002909028 +0.0004164944 +0.0732550482 +0.0005719458 +0.0247619008 +0.0002377991 -8.8133269444 +0.0021080968 +78.6367476852 +0.0357309357 +0.2308122542 +0.0012400482 +0.6680357047 +0.0019186583 -0.5387345450 +0.0110558470
+7.4000000000 +0.1585102778 +0.0009745547 -0.0003250000 +0.0004332385 +0.0677171142 +0.0005332296 +0.0216463967 +0.0002119655 -8.6802577778 +0.0024122961 +76.4003385185 +0.0403209361 +0.2071562034 +0.0011540421 +0.6925235313 +0.0019108482 -0.5741384607 +0.0114827026
+7.6000000000 +0.1535079861 +0.0009235747 -0.0003406250 +0.0003799019 +0.0629568191 +0.0004879421 +0.0190122164 +0.0001791839 -8.5363447222 +0.0023132975 +74.0324316358 +0.0372527572 +0.1865538348 +0.0010111265 +0.7249842210 +0.0020594602 -0.5995598668 +0.0112840988
+7.8000000000 +0.1489945139 +0.0008648045 -0.0002402083 +0.0003604564 +0.0587151678 +0.0004450718 +0.0167788853 +0.0001560057 -8.3881177778 +0.0026816572 +71.6658321605 +0.0432933142 +0.1684999559 +0.0008977588 +0.7723315939 +0.0013725721 -0.6229405527 +0.0110007925
+8.0000000000 +0.1451459028 +0.0007605426 -0.0003749306 +0.0002994478 +0.0549826717 +0.0003582633 +0.0148915453 +0.0001172944 -8.2293975000 +0.0018587231 +69.1804326852 +0.0286024514 +0.1525929945 +0.0006467625 +0.8197958946 +0.0020322539 -0.6425207506 +0.0107614585
+8.2000000000 +0.1418577778 +0.0007299683 -0.0004261111 +0.0003384299 +0.0517551929 +0.0003312752 +0.0133055489 +0.0000956017 -8.0595902778 +0.0017711145 +66.5940286111 +0.0265054285 +0.1388468865 +0.0005598964 +0.8764435558 +0.0016660376 -0.6563769092 +0.0106312723
+8.4000000000 +0.1389440972 +0.0007276122 -0.0006479861 +0.0004357641 +0.0488405382 +0.0003231475 +0.0119129214 +0.0000876486 -7.8763019444 +0.0020098332 +63.8716730556 +0.0308294145 +0.1265562079 +0.0005278475 +0.9364797659 +0.0017553850 -0.6653376445 +0.0109151517
+8.6000000000 +0.1362296528 +0.0006618398 -0.0005260417 +0.0003740314 +0.0460721393 +0.0002898005 +0.0106506746 +0.0000851474 -7.6812675000 +0.0015219785 +61.0547215123 +0.0200138238 +0.1151549609 +0.0004763815 +0.9992131679 +0.0028968197 -0.6729113691 +0.0089017119
+8.8000000000 +0.1341486806 +0.0006381624 -0.0002392361 +0.0004264195 +0.0437500135 +0.0002841917 +0.0096152329 +0.0000804497 -7.4788677778 +0.0014152629 +58.1966467901 +0.0216274722 +0.1053412057 +0.0004796588 +1.0520904807 +0.0020786685 -0.6748767371 +0.0095713620
+9.0000000000 +0.1322101389 +0.0006079384 -0.0004758333 +0.0004000219 +0.0415657407 +0.0002710391 +0.0086722039 +0.0000739622 -7.2630830556 +0.0022291175 +55.2320440432 +0.0282607188 +0.0963300961 +0.0004542185 +1.1020528363 +0.0031270475 -0.6734747096 +0.0084652801
+9.2000000000 +0.1302895139 +0.0005653803 -0.0005879861 +0.0004674340 +0.0394547126 +0.0002563361 +0.0078166924 +0.0000678585 -7.0349352778 +0.0022068297 +52.1789249074 +0.0309813665 +0.0879501858 +0.0004381430 +1.1435281945 +0.0025528687 -0.6740930436 +0.0085217920
+9.4000000000 +0.1286450694 +0.0005176766 -0.0005232639 +0.0004011544 +0.0375629379 +0.0002374669 +0.0070488991 +0.0000620049 -6.8025177778 +0.0029747766 +49.1663848148 +0.0393957044 +0.0804665264 +0.0004059665 +1.1782903506 +0.0025948588 -0.6654345133 +0.0072024714
+9.6000000000 +0.1273765972 +0.0004691939 -0.0002878472 +0.0004419183 +0.0359046624 +0.0002131611 +0.0063569151 +0.0000638047 -6.5672286111 +0.0031470443 +46.1875826852 +0.0407597190 +0.0737912380 +0.0003707054 +1.1949187561 +0.0026613387 -0.6435682981 +0.0061374608
+9.8000000000 +0.1260891667 +0.0004967502 -0.0004251389 +0.0003235265 +0.0343849807 +0.0002241054 +0.0057610932 +0.0000605737 -6.3282572222 +0.0026808421 +43.2359535802 +0.0326077960 +0.0679005373 +0.0003789121 +1.1953927599 +0.0020122477 -0.6242081876 +0.0078540325
+10.0000000000 +0.1250614583 +0.0004635500 -0.0003242361 +0.0001914649 +0.0330145313 +0.0002065558 +0.0052250505 +0.0000512257 -6.0900455556 +0.0026602038 +40.3720733951 +0.0303899517 +0.0625392508 +0.0003329052 +1.1820051934 +0.0018182659 -0.5979889056 +0.0078108641
+10.2000000000 +0.1238857639 +0.0005119523 +0.0000029861 +0.0002697671 +0.0316904340 +0.0002122804 +0.0047536186 +0.0000483456 -5.8576183333 +0.0030430174 +37.6430632099 +0.0317576486 +0.0576710491 +0.0003129352 +1.1526913742 +0.0019257282 -0.5779238044 +0.0088892436
+10.4000000000 +0.1231001389 +0.0004680303 -0.0003401389 +0.0003269616 +0.0305908449 +0.0001938448 +0.0043633898 +0.0000476432 -5.6317150000 +0.0033618716 +35.0624116667 +0.0358813511 +0.0534288814 +0.0002834168 +1.1137116580 +0.0021873937 -0.5540375110 +0.0053847054
+10.6000000000 +0.1222622917 +0.0004552072 -0.0000415972 +0.0003325734 +0.0296251370 +0.0001931859 +0.0040196096 +0.0000429292 -5.4149913889 +0.0041325994 +32.6479755247 +0.0455751958 +0.0498396120 +0.0002876630 +1.0655413668 +0.0024874477 -0.5265192392 +0.0049947307
+10.8000000000 +0.1218497917 +0.0003728535 -0.0000039583 +0.0003143024 +0.0288081231 +0.0001613516 +0.0037235875 +0.0000437277 -5.2085850000 +0.0050452912 +30.4150861111 +0.0538604476 +0.0465312038 +0.0002556607 +1.0140351417 +0.0023064275 -0.4950768892 +0.0040372939
+11.0000000000 +0.1213156944 +0.0003653968 -0.0002756944 +0.0002095083 +0.0280385957 +0.0001628036 +0.0034439198 +0.0000381400 -5.0134741667 +0.0034433389 +28.3566434877 +0.0347875675 +0.0435919510 +0.0002540441 +0.9584930684 +0.0020562624 -0.4599086901 +0.0051032150
+11.2000000000 +0.1204586806 +0.0003605041 -0.0000145139 +0.0002465517 +0.0271933160 +0.0001470061 +0.0031848195 +0.0000326081 -4.8285233333 +0.0028374360 +26.4412833951 +0.0313597420 +0.0407626798 +0.0002082252 +0.8972923385 +0.0019667115 -0.4353655435 +0.0047634206
+11.4000000000 +0.1199409722 +0.0003352005 +0.0000905556 +0.0002096691 +0.0266173997 +0.0001328533 +0.0030002000 +0.0000253272 -4.6558286111 +0.0032316262 +24.7109256482 +0.0360347240 +0.0386224398 +0.0001740004 +0.8404656947 +0.0024102328 -0.4114974802 +0.0051002331
+11.6000000000 +0.1193531250 +0.0003424177 -0.0000496528 +0.0002211189 +0.0259557813 +0.0001359144 +0.0027984043 +0.0000256826 -4.4904266667 +0.0025730289 +23.0994845679 +0.0270264854 +0.0363396423 +0.0001720726 +0.7853561364 +0.0021834986 -0.3844373192 +0.0037044136
+11.8000000000 +0.1189168750 +0.0002546749 -0.0003079861 +0.0002283865 +0.0254259857 +0.0000977990 +0.0026277464 +0.0000246005 -4.3398941667 +0.0024273128 +21.6661754630 +0.0243221465 +0.0344261104 +0.0001359475 +0.7320573542 +0.0020491850 -0.3546114310 +0.0053742902
+12.0000000000 +0.1183517361 +0.0003281402 -0.0005109028 +0.0002371361 +0.0249405999 +0.0001372075 +0.0024854277 +0.0000301552 -4.1995388889 +0.0015481339 +20.3672438889 +0.0133707347 +0.0327971692 +0.0001868594 +0.6827732606 +0.0014526750 -0.3313851829 +0.0045627549
