# T, am1a, am1e, m1a, m1e, m2a, m2e, m4a, m4e, e1a, e1e, e2a, e2e, susc, spec, bind
+2.0000000000 +0.5464326389 +0.0024873795 -0.0787680556 +0.0036737804 +0.5460708912 +0.0024858120 +0.5453638660 +0.0024828988 -11.9946708333 +0.0001236106 +143.8727395833 +0.0029508559 +17.8187228900 +0.0220025995 +0.3903689880
+2.2000000000 +0.5484305556 +0.0024841942 -0.0837215278 +0.0036763284 +0.5476249035 +0.0024807301 +0.5460539072 +0.0024743238 -11.9887361111 +0.0001816723 +143.7311137346 +0.0043339852 +16.1573779167 +0.0392784610 +0.3930570309
+2.4000000000 +0.5482545139 +0.0024805798 -0.0880156250 +0.0036707196 +0.5467140577 +0.0024739850 +0.5437203320 +0.0024618631 -11.9782763889 +0.0002556272 +143.4817190586 +0.0060914343 +14.7678627407 +0.0653452511 +0.3936354033
+2.6000000000 +0.5483760417 +0.0024744791 -0.0963152778 +0.0036618354 +0.5456381583 +0.0024628122 +0.5403387608 +0.0024414898 -11.9616416667 +0.0003416135 +143.0855393518 +0.0081292007 +13.5649038573 +0.0994364764 +0.3950278267
+2.8000000000 +0.5494310764 +0.0024648037 -0.1046380208 +0.0036535451 +0.5448847982 +0.0024456429 +0.5361462052 +0.0024109850 -11.9379854167 +0.0004382238 +142.5231774112 +0.0104061852 +12.4976720816 +0.1410906628 +0.3980608392
+3.0000000000 +0.5544586806 +0.0024485210 -0.1010638889 +0.0036640849 +0.5472346402 +0.0024187533 +0.5334804477 +0.0023657074 -11.9045784722 +0.0005523195 +141.7311908757 +0.0130765718 +11.5108901662 +0.1952363922 +0.4061864669
+3.2000000000 +0.5592664931 +0.0024265065 -0.0879793403 +0.0036761256 +0.5482963530 +0.0023824284 +0.5276674941 +0.0023052505 -11.8581395833 +0.0006840829 +140.6341931520 +0.0161302945 +10.5982804218 +0.2632327626 +0.4149292694
+3.4000000000 +0.5625276042 +0.0023985160 -0.0697553819 +0.0036799683 +0.5465524679 +0.0023358639 +0.5169700125 +0.0022281395 -11.7971312500 +0.0008192119 +139.1991500578 +0.0192208359 +9.7460539404 +0.3343930153 +0.4231267805
+3.6000000000 +0.5632079861 +0.0023639144 -0.0480708333 +0.0036688421 +0.5407268928 +0.0022783515 +0.5000210023 +0.0021349549 -11.7197666667 +0.0009650168 +137.3901810185 +0.0224889900 +8.9409462890 +0.4138921935 +0.4299524907
+3.8000000000 +0.5644522569 +0.0023173794 -0.0339914931 +0.0036478103 +0.5334162338 +0.0022051533 +0.4790409132 +0.0020240808 -11.6245534722 +0.0011404058 +135.1822644483 +0.0263181046 +8.1401640054 +0.5187691719 +0.4387984080
+4.0000000000 +0.5540880208 +0.0022669726 -0.0298102431 +0.0035766307 +0.5125801276 +0.0021244878 +0.4432763274 +0.0019050822 -11.5047701389 +0.0013775400 +132.4356406057 +0.0313850589 +7.4003973381 +0.6831419132 +0.4376201460
+4.2000000000 +0.5112295139 +0.0022139328 -0.0337152778 +0.0033774207 +0.4574155551 +0.0020335398 +0.3746403548 +0.0017701702 -11.3329451389 +0.0017385826 +128.5565522955 +0.0389357743 +6.7220550584 +0.9869940771 +0.4031414182
+4.4000000000 +0.4481604167 +0.0021061840 -0.0316371528 +0.0030711858 +0.3782882017 +0.0018790953 +0.2843419337 +0.0015677212 -11.0916687500 +0.0021069311 +123.2026820023 +0.0463257181 +5.8071417582 +1.3207413911 +0.3376705517
+4.6000000000 +0.3773894097 +0.0019107046 -0.0097810764 +0.0026849524 +0.2884544428 +0.0016229225 +0.1885610635 +0.0012590692 -10.7840444444 +0.0023334611 +116.5134162037 +0.0502117644 +4.5714263850 +1.4822038681 +0.2446011843
+4.8000000000 +0.3051354167 +0.0016769744 -0.0129295139 +0.0022662203 +0.2055973500 +0.0013248098 +0.1124751063 +0.0009208489 -10.4796895833 +0.0022980217 +110.0351299190 +0.0483329333 +3.3746918254 +1.3202259747 +0.1130479699
+5.0000000000 +0.2480642361 +0.0014639398 -0.0098267361 +0.0019180986 +0.1472606506 +0.0010677545 +0.0672896839 +0.0006561524 -10.2388250000 +0.0021691973 +105.0217540509 +0.0446369580 +2.4688738173 +1.0841280209 -0.0343173361
+5.2000000000 +0.2027296875 +0.0012795040 -0.0038574653 +0.0016322505 +0.1065845498 +0.0008623398 +0.0411054621 +0.0004688392 -10.0415625000 +0.0020688172 +101.0041776235 +0.0417438273 +1.8134369619 +0.9117169458 -0.2061179194
+5.4000000000 +0.1696725694 +0.0011189148 -0.0023420139 +0.0014041199 +0.0788675974 +0.0006963132 +0.0256141790 +0.0003370210 -9.8726715278 +0.0019908882 +97.6281885224 +0.0394467943 +1.3354351092 +0.7829403802 -0.3726567945
+5.6000000000 +0.1460875000 +0.0009937397 +0.0004315972 +0.0012333097 +0.0608423008 +0.0005748422 +0.0169195263 +0.0002516373 -9.7281500000 +0.0019447723 +94.7881880015 +0.0379338890 +1.0157333959 +0.6946786793 -0.5235464081
+5.8000000000 +0.1283953125 +0.0008872365 +0.0003977431 +0.0010951340 +0.0479729010 +0.0004748443 +0.0113204833 +0.0001854932 -9.5968159722 +0.0019162756 +92.2457612847 +0.0368182175 +0.7817597310 +0.6287563949 -0.6396522482
+6.0000000000 +0.1154296875 +0.0008026184 +0.0023651042 +0.0009885124 +0.0390918632 +0.0003977790 +0.0078572980 +0.0001376660 -9.4755701389 +0.0019234098 +89.9344096644 +0.0364122975 +0.6184284103 +0.5919208294 -0.7138753379
+6.2000000000 +0.1058550347 +0.0007351924 +0.0013668403 +0.0009058661 +0.0328256016 +0.0003405214 +0.0057157138 +0.0001063533 -9.3591423611 +0.0019643129 +87.7478867477 +0.0366766482 +0.5021492106 +0.5781765284 -0.7681692274
+6.4000000000 +0.0976359375 +0.0006778072 +0.0007362847 +0.0008353014 +0.0279096824 +0.0002935698 +0.0042262789 +0.0000815755 -9.2450736111 +0.0020062600 +85.6323892361 +0.0369625355 +0.4134803883 +0.5660267388 -0.8085357753
+6.6000000000 +0.0920770833 +0.0006370827 +0.0012982639 +0.0007859943 +0.0247131655 +0.0002629190 +0.0033757958 +0.0000666391 -9.1298013889 +0.0020706711 +83.5247805556 +0.0376096057 +0.3542176633 +0.5669658017 -0.8424603893
+6.8000000000 +0.0876090278 +0.0006018740 +0.0007260417 +0.0007443941 +0.0221654321 +0.0002365800 +0.0027301093 +0.0000547229 -9.0185388889 +0.0021438679 +81.5178904707 +0.0384277339 +0.3068489721 +0.5725332258 -0.8522788768
+7.0000000000 +0.0834123264 +0.0005718051 +0.0009137153 +0.0007077291 +0.0200360569 +0.0002152526 +0.0022547908 +0.0000452855 -8.9011777778 +0.0022436931 +79.4323321759 +0.0396091165 +0.2690422079 +0.5917704813 -0.8722355830
+7.2000000000 +0.0799802083 +0.0005433956 +0.0003916667 +0.0006746820 +0.0182079861 +0.0001963972 +0.0018744057 +0.0000380365 -8.7796493056 +0.0023515357 +77.3034307292 +0.0409038394 +0.2362230477 +0.6144133351 -0.8845971176
+7.4000000000 +0.0770616319 +0.0005195278 +0.0001196181 +0.0006468162 +0.0167348609 +0.0001813664 +0.0015958070 +0.0000329727 -8.6512500000 +0.0025049745 +75.0951224537 +0.0428627111 +0.2100914417 +0.6600330229 -0.8993933312
+7.6000000000 +0.0746291667 +0.0004979291 +0.0000996528 +0.0006222306 +0.0154868490 +0.0001700196 +0.0013961089 +0.0000300320 -8.5163736111 +0.0026430829 +72.8080549769 +0.0444307936 +0.1879074273 +0.6966535832 -0.9403135693
+7.8000000000 +0.0727401042 +0.0004783525 +0.0004814236 +0.0006009104 +0.0144439658 +0.0001581087 +0.0012085628 +0.0000254970 -8.3731861111 +0.0027987587 +70.4235676698 +0.0461938458 +0.1689755641 +0.7415905762 -0.9309679689
+8.0000000000 +0.0710470486 +0.0004590669 +0.0004397569 +0.0005804564 +0.0134773787 +0.0001472169 +0.0010485526 +0.0000222817 -8.2198256944 +0.0029988520 +67.9252589699 +0.0484953424 +0.1517345207 +0.8093801764 -0.9242349362
+8.2000000000 +0.0693112847 +0.0004413524 +0.0006539931 +0.0005611440 +0.0125957309 +0.0001385262 +0.0009262329 +0.0000204630 -8.0504173611 +0.0032203828 +65.2240543017 +0.0508012576 +0.1368294439 +0.8884025039 -0.9460420145
+8.4000000000 +0.0684276042 +0.0004263425 +0.0001782986 +0.0005466494 +0.0119530539 +0.0001305900 +0.0008250251 +0.0000181851 -7.8562020833 +0.0034911430 +62.2074343557 +0.0536658520 +0.1246408604 +0.9949452684 -0.9248112003
+8.6000000000 +0.0674949653 +0.0004100054 +0.0001276042 +0.0005310304 +0.0112797466 +0.0001222625 +0.0007251571 +0.0000160084 -7.6444715278 +0.0037690301 +59.0061684606 +0.0562847515 +0.1125908579 +1.1063302747 -0.8998187933
+8.8000000000 +0.0668583333 +0.0003947116 -0.0002281250 +0.0005172493 +0.0107019266 +0.0001152668 +0.0006459888 +0.0000145459 -7.4149486111 +0.0040643075 +55.6422067130 +0.0587622561 +0.1019763796 +1.2286558405 -0.8800948979
+9.0000000000 +0.0662703125 +0.0003801737 -0.0003956597 +0.0005043035 +0.0101730360 +0.0001085033 +0.0005744092 +0.0000129863 -7.1504076389 +0.0044045314 +51.9043252893 +0.0614882909 +0.0925005073 +1.3795482437 -0.8501161144
+9.2000000000 +0.0657958333 +0.0003651089 -0.0002322917 +0.0004914575 +0.0096612727 +0.0001021286 +0.0005105501 +0.0000121908 -6.8647479167 +0.0047021572 +48.0091752508 +0.0632662835 +0.0834602241 +1.5046694939 -0.8232592713
+9.4000000000 +0.0654427083 +0.0003485173 -0.0001743056 +0.0004780504 +0.0091413194 +0.0000953575 +0.0004472856 +0.0000111911 -6.5617486111 +0.0049293392 +44.0284802469 +0.0638468836 +0.0744291784 +1.5839599282 -0.7842097701
+9.6000000000 +0.0652890625 +0.0003302098 -0.0000130208 +0.0004643329 +0.0086242031 +0.0000862338 +0.0003718274 +0.0000089210 -6.2387111111 +0.0050704360 +39.9498891589 +0.0630983577 +0.0654231209 +1.6068325485 -0.6664113327
+9.8000000000 +0.0647322917 +0.0003144377 +0.0000027778 +0.0004512514 +0.0081451124 +0.0000784453 +0.0003124897 +0.0000071777 -5.9234993056 +0.0050943636 +36.1259456597 +0.0609239488 +0.0581119756 +1.5565039119 -0.5700747391
+10.0000000000 +0.0642519097 +0.0002993441 +0.0001348958 +0.0004391061 +0.0077125832 +0.0000723135 +0.0002686534 +0.0000062509 -5.6182118056 +0.0049905443 +32.5605251736 +0.0573454822 +0.0516135641 +1.4345586454 -0.5054674159
+10.2000000000 +0.0638800347 +0.0002882379 +0.0002039931 +0.0004302285 +0.0074039026 +0.0000672985 +0.0002359812 +0.0000054028 -5.3444583333 +0.0048486515 +29.5036117284 +0.0534864403 +0.0469163830 +1.3015596563 -0.4349431989
+10.4000000000 +0.0640008681 +0.0002802688 +0.0002987847 +0.0004253835 +0.0072381354 +0.0000631391 +0.0002118524 +0.0000045801 -5.1052854167 +0.0046431367 +26.9262879051 +0.0491490478 +0.0435049512 +1.1480974076 -0.3479030092
+10.6000000000 +0.0640635417 +0.0002720624 +0.0003034722 +0.0004202607 +0.0070648558 +0.0000594453 +0.0001912619 +0.0000040081 -4.8890506944 +0.0044489249 +24.6945340085 +0.0452511957 +0.0402210806 +1.0146608531 -0.2773224977
+10.8000000000 +0.0633928819 +0.0002652863 +0.0003911458 +0.0004133273 +0.0068337300 +0.0000567908 +0.0001757077 +0.0000037511 -4.6965027778 +0.0042895836 +22.7931594522 +0.0420572383 +0.0375343001 +0.9086680376 -0.2541629805
+11.0000000000 +0.0632072917 +0.0002594006 +0.0003017361 +0.0004088587 +0.0066867091 +0.0000541887 +0.0001621688 +0.0000034276 -4.5271215278 +0.0041437831 +21.1816668789 +0.0391457506 +0.0352348021 +0.8173934498 -0.2089860581
+11.2000000000 +0.0625668403 +0.0002538555 +0.0002317708 +0.0004028728 +0.0064923141 +0.0000516879 +0.0001490159 +0.0000030620 -4.3696534722 +0.0040210248 +19.7406170718 +0.0366755863 +0.0331419161 +0.7424375561 -0.1784529163
+11.4000000000 +0.0619454861 +0.0002497978 +0.0007104167 +0.0003978912 +0.0063332007 +0.0000499366 +0.0001398560 +0.0000027806 -4.2322250000 +0.0038849804 +18.5154513503 +0.0342428714 +0.0315278838 +0.6689450412 -0.1622868697
+11.6000000000 +0.0614532986 +0.0002449078 +0.0011199653 +0.0003928882 +0.0061757005 +0.0000479138 +0.0001299684 +0.0000024732 -4.0965923611 +0.0037714949 +17.3510359375 +0.0320833992 +0.0297830801 +0.6088826016 -0.1359104032
+11.8000000000 +0.0616911458 +0.0002455196 +0.0010848958 +0.0003942022 +0.0062169934 +0.0000481274 +0.0001313007 +0.0000026811 -3.9824944444 +0.0036819412 +16.4025296296 +0.0303896837 +0.0294247638 +0.5608053624 -0.1323613897
+12.0000000000 +0.0609986111 +0.0002389159 +0.0009902778 +0.0003873978 +0.0060040630 +0.0000455674 +0.0001191042 +0.0000022599 -3.8746708333 +0.0035994516 +15.5313161265 +0.0288092009 +0.0273987891 +0.5182420599 -0.1013245997
