# T, am1a, am1e, m1a, m1e, m2a, m2e, m4a, m4e, e1a, e1e, e2a, e2e, susc, spec, bind
+2.0000000000 +0.6172740000 +0.0024281179 +0.0465990000 +0.0039200956 +0.6168574600 +0.0024266166 +0.6160518542 +0.0024239670 -11.9949320000 +0.0001454575 +143.8792400000 +0.0034647227 +11.7915134462 +0.0211578843 +0.4603323669
+2.2000000000 +0.6189290000 +0.0024236227 +0.0469070000 +0.0039237441 +0.6180309800 +0.0024204271 +0.6163009851 +0.0024148496 -11.9891080000 +0.0002165782 +143.7405868800 +0.0051545946 +10.6799033163 +0.0387653787 +0.4621624546
+2.4000000000 +0.6209670000 +0.0024167787 +0.0468390000 +0.0039275911 +0.6192327800 +0.0024106780 +0.6159039696 +0.0024001278 -11.9791480000 +0.0003029486 +143.5036579200 +0.0072029294 +9.7346985380 +0.0637346195 +0.4645932133
+2.6000000000 +0.6230070000 +0.0024071580 +0.0455115000 +0.0039301489 +0.6199141150 +0.0023964503 +0.6140124750 +0.0023781962 -11.9629980000 +0.0004123485 +143.1201224000 +0.0097865519 +8.9144766520 +0.1006102363 +0.4674101443
+2.8000000000 +0.6248807500 +0.0023934254 +0.0387602500 +0.0039310082 +0.6196153625 +0.0023755702 +0.6096565571 +0.0023456938 -11.9379420000 +0.0005435109 +142.5262753600 +0.0128672879 +8.1835503850 +0.1507163853 +0.4706783708
+3.0000000000 +0.6236062500 +0.0023779673 +0.0276927500 +0.0039188870 +0.6150738875 +0.0023496011 +0.5991409010 +0.0023032678 -11.9009090000 +0.0006989945 +141.6511787600 +0.0164908703 +7.5396377487 +0.2171525965 +0.4720982108
+3.2000000000 +0.6203460000 +0.0023591616 +0.0176515000 +0.0038959701 +0.6074549050 +0.0023169538 +0.5837324598 +0.0022495570 -11.8521450000 +0.0008621006 +140.5030698000 +0.0202564078 +6.9570545401 +0.2903193256 +0.4726918269
+3.4000000000 +0.6188407500 +0.0023289114 -0.0002137500 +0.0038727153 +0.5999169975 +0.0022686563 +0.5657724583 +0.0021749882 -11.7857120000 +0.0010394606 +138.9462264800 +0.0242919484 +6.3809742247 +0.3738679328 +0.4759916427
+3.6000000000 +0.6098562500 +0.0023004229 -0.0192952500 +0.0038184754 +0.5836024725 +0.0022181600 +0.5374012031 +0.0020931626 -11.7026360000 +0.0012249638 +137.0117108000 +0.0284207388 +5.8799396343 +0.4631284837 +0.4740516060
+3.8000000000 +0.5948135000 +0.0022684935 -0.0349235000 +0.0037363952 +0.5596456100 +0.0021609417 +0.4999899776 +0.0020020957 -11.6010530000 +0.0014328291 +134.6665506800 +0.0329309479 +5.4169081636 +0.5686978614 +0.4678747816
+4.0000000000 +0.5707032500 +0.0022329375 -0.0490617500 +0.0036150226 +0.5251425925 +0.0020980505 +0.4518473847 +0.0019042651 -11.4745820000 +0.0016906058 +131.7803580000 +0.0383601465 +4.9860098235 +0.7145370330 +0.4538448533
+4.2000000000 +0.5359630000 +0.0021816537 -0.0552105000 +0.0034445343 +0.4776408550 +0.0020157165 +0.3906653050 +0.0017840856 -11.3161710000 +0.0019977208 +128.2153616400 +0.0446401934 +4.5329647055 +0.9049633717 +0.4292043505
+4.4000000000 +0.4909542500 +0.0020963453 -0.0582472500 +0.0032149257 +0.4168226275 +0.0018962728 +0.3175751271 +0.0016227797 -11.1048200000 +0.0023461465 +123.5372033600 +0.0514805193 +3.9951489070 +1.1372733864 +0.3907119617
+4.6000000000 +0.4326737500 +0.0019764610 -0.0548802500 +0.0029174075 +0.3434624975 +0.0017386520 +0.2388829242 +0.0014246862 -10.8564730000 +0.0026390341 +118.1415860400 +0.0568603390 +3.3968679035 +1.3165408331 +0.3249977744
+4.8000000000 +0.3684495000 +0.0018180923 -0.0470980000 +0.0025775725 +0.2679734250 +0.0015344556 +0.1659919161 +0.0011817580 -10.5875720000 +0.0027841732 +112.4067456800 +0.0588623576 +2.7545498115 +1.3457674689 +0.2294829924
+5.0000000000 +0.3080305000 +0.0016380707 -0.0393235000 +0.0022397962 +0.2022138200 +0.0013077289 +0.1092966290 +0.0009291961 -10.3271930000 +0.0027600390 +106.9556278800 +0.0572568522 +2.1466206214 +1.2188504831 +0.1090284311
+5.2000000000 +0.2551122500 +0.0014557244 -0.0302432500 +0.0019295916 +0.1498475975 +0.0010865121 +0.0696746452 +0.0007038187 -10.1030920000 +0.0026451769 +102.3523464000 +0.0538602601 +1.6301026423 +1.0350534007 -0.0343176669
+5.4000000000 +0.2172270000 +0.0012966181 -0.0232790000 +0.0016874122 +0.1144363100 +0.0009035701 +0.0457532245 +0.0005315047 -9.9150620000 +0.0025209519 +98.5626624000 +0.0503607762 +1.2453470458 +0.8717693284 -0.1645892070
+5.6000000000 +0.1902372500 +0.0011667268 -0.0175897500 +0.0015027547 +0.0906402725 +0.0007590938 +0.0312645928 +0.0004010486 -9.7582500000 +0.0024102513 +95.4558155200 +0.0472897492 +0.9723225217 +0.7409836018 -0.2684960444
+5.8000000000 +0.1701907500 +0.0010600317 -0.0130367500 +0.0013577704 +0.0739115775 +0.0006465439 +0.0221836835 +0.0003102113 -9.6170970000 +0.0023460519 +92.7087130800 +0.0452451972 +0.7749428640 +0.6544541397 -0.3535910142
+6.0000000000 +0.1530825000 +0.0009699950 -0.0092725000 +0.0012347458 +0.0610698650 +0.0005560114 +0.0160954765 +0.0002442274 -9.4909060000 +0.0023396779 +90.2962604000 +0.0444286189 +0.6272602199 +0.6082324977 -0.4385622636
+6.2000000000 +0.1404455000 +0.0008966157 -0.0066670000 +0.0011383900 +0.0518817250 +0.0004849778 +0.0120998527 +0.0001932016 -9.3706260000 +0.0023650402 +88.0323682400 +0.0441923782 +0.5186578473 +0.5820411241 -0.4984077559
+6.4000000000 +0.1305035000 +0.0008357119 -0.0053210000 +0.0010599461 +0.0449677400 +0.0004283293 +0.0093607381 +0.0001558860 -9.2547060000 +0.0024183563 +85.8835210400 +0.0445394337 +0.4365090076 +0.5711374355 -0.5430738664
+6.6000000000 +0.1221380000 +0.0007823234 -0.0046435000 +0.0009921861 +0.0393988900 +0.0003804536 +0.0073420701 +0.0001258727 -9.1372610000 +0.0025027554 +83.7400899600 +0.0453664623 +0.3709272569 +0.5751868179 -0.5766282266
+6.8000000000 +0.1153960000 +0.0007370691 -0.0041995000 +0.0009358076 +0.0350470700 +0.0003426708 +0.0059252285 +0.0001060039 -9.0208640000 +0.0025990751 +81.6461949600 +0.0463987314 +0.3195710762 +0.5843591122 -0.6079791596
+7.0000000000 +0.1104925000 +0.0007036378 -0.0036545000 +0.0008944200 +0.0320128400 +0.0003160299 +0.0050198190 +0.0000920716 -8.9046500000 +0.0027265461 +79.5901537600 +0.0479171589 +0.2829178206 +0.6068615051 -0.6327451180
+7.2000000000 +0.1056210000 +0.0006704031 -0.0034895000 +0.0008532472 +0.0291334100 +0.0002915013 +0.0042476754 +0.0000804143 -8.7804600000 +0.0028652404 +77.4248619200 +0.0495642876 +0.2496890883 +0.6334569992 -0.6681973291
+7.4000000000 +0.1014460000 +0.0006415223 -0.0026145000 +0.0008177177 +0.0267533250 +0.0002718846 +0.0036725889 +0.0000720503 -8.6481490000 +0.0030179040 +75.1547909200 +0.0513576762 +0.2224599201 +0.6652845029 -0.7103915120
+7.6000000000 +0.0980335000 +0.0006130327 -0.0029500000 +0.0007847647 +0.0246429300 +0.0002509032 +0.0031253699 +0.0000628911 -8.5116970000 +0.0032198487 +72.8636828400 +0.0537220688 +0.1977942484 +0.7179657552 -0.7155187983
+7.8000000000 +0.0953630000 +0.0005883307 -0.0031545000 +0.0007571240 +0.0229394200 +0.0002338024 +0.0027127589 +0.0000551079 -8.3634890000 +0.0034334261 +70.4194848400 +0.0561017914 +0.1775040799 +0.7750436997 -0.7184032265
+8.0000000000 +0.0929282500 +0.0005654468 -0.0027387500 +0.0007317336 +0.0214248625 +0.0002190849 +0.0023789527 +0.0000489901 -8.2052010000 +0.0036622702 +67.8618123600 +0.0585826208 +0.1598650356 +0.8382639212 -0.7275413912
+8.2000000000 +0.0907317500 +0.0005461737 -0.0027127500 +0.0007098788 +0.0201644775 +0.0002070417 +0.0021212560 +0.0000433767 -8.0367820000 +0.0039255974 +65.2062775200 +0.0613618186 +0.1455149639 +0.9167349858 -0.7389932353
+8.4000000000 +0.0884215000 +0.0005252820 -0.0024820000 +0.0006864592 +0.0188552100 +0.0001939479 +0.0018601502 +0.0000388808 -7.8473070000 +0.0042220048 +62.2932401200 +0.0642794424 +0.1313910516 +1.0105059067 -0.7440703631
+8.6000000000 +0.0870910000 +0.0005064200 -0.0013755000 +0.0006678585 +0.0178432900 +0.0001833437 +0.0016629796 +0.0000356043 -7.6362290000 +0.0045102665 +59.1256934800 +0.0667405900 +0.1192842758 +1.1001894802 -0.7410682190
+8.8000000000 +0.0858060000 +0.0004848468 -0.0009800000 +0.0006473941 +0.0167657250 +0.0001700230 +0.0014374029 +0.0000303753 -7.4058210000 +0.0048172691 +55.7744279600 +0.0691605453 +0.1068529019 +1.1986612551 -0.7045611601
+9.0000000000 +0.0847625000 +0.0004674088 -0.0008135000 +0.0006309290 +0.0159235200 +0.0001593208 +0.0012688831 +0.0000264669 -7.1595390000 +0.0051619508 +52.3248281200 +0.0716563245 +0.0970982066 +1.3158387994 -0.6681004621
+9.2000000000 +0.0836512500 +0.0004496144 -0.0008677500 +0.0006140624 +0.0150836575 +0.0001503010 +0.0011311321 +0.0000242892 -6.8922250000 +0.0054346598 +48.6841865200 +0.0730029220 +0.0878926725 +1.3958188438 -0.6572145935
+9.4000000000 +0.0825910000 +0.0004311688 -0.0003455000 +0.0005970221 +0.0142575350 +0.0001401379 +0.0009888221 +0.0000219304 -6.6123930000 +0.0056885632 +45.0181312400 +0.0738640513 +0.0791091672 +1.4649049950 -0.6214667021
+9.6000000000 +0.0813000000 +0.0004122501 -0.0001155000 +0.0005789577 +0.0134076950 +0.0001310780 +0.0008670243 +0.0000198656 -6.3217280000 +0.0058492440 +41.3327911200 +0.0732868954 +0.0708125521 +1.4849676801 -0.6076880814
+9.8000000000 +0.0805127500 +0.0003974388 -0.0000472500 +0.0005656988 +0.0128006075 +0.0001232767 +0.0007717416 +0.0000173930 -6.0347820000 +0.0059409970 +37.8304116000 +0.0719002873 +0.0644724958 +1.4700310417 -0.5699632951
+10.0000000000 +0.0792402500 +0.0003775619 +0.0005197500 +0.0005472857 +0.0119811375 +0.0001126128 +0.0006508135 +0.0000146662 -5.7441590000 +0.0059186508 +34.3965797200 +0.0690773010 +0.0570212028 +1.4012171027 -0.5112599997
+10.2000000000 +0.0783520000 +0.0003646369 +0.0005030000 +0.0005351913 +0.0114574400 +0.0001062525 +0.0005828563 +0.0000135508 -5.4824800000 +0.0058039554 +31.4050228800 +0.0652949611 +0.0521412166 +1.2951133503 -0.4800114971
+10.4000000000 +0.0775067500 +0.0003497178 +0.0002317500 +0.0005219996 +0.0108993975 +0.0000982001 +0.0005045270 +0.0000114331 -5.2305740000 +0.0056667588 +28.6433905600 +0.0614336519 +0.0470394347 +1.1875796880 -0.4156575515
+10.6000000000 +0.0766930000 +0.0003388008 +0.0005005000 +0.0005116885 +0.0104732550 +0.0000920716 +0.0004487763 +0.0000097500 -5.0062130000 +0.0055176915 +26.2799654000 +0.0578225082 +0.0433154599 +1.0838348154 -0.3637830469
+10.8000000000 +0.0764697500 +0.0003298265 -0.0003942500 +0.0005049477 +0.0101990425 +0.0000873941 +0.0004095296 +0.0000089021 -4.7938040000 +0.0053395942 +24.1210074400 +0.0538359570 +0.0402909244 +0.9777526145 -0.3123364547
+11.0000000000 +0.0750247500 +0.0003191067 -0.0006727500 +0.0004924791 +0.0097018775 +0.0000822742 +0.0003648881 +0.0000078984 -4.6112260000 +0.0051665013 +22.3311146400 +0.0503356303 +0.0370287672 +0.8824044768 -0.2921915424
+11.2000000000 +0.0747330000 +0.0003138588 -0.0003915000 +0.0004879847 +0.0095253150 +0.0000793060 +0.0003423090 +0.0000074815 -4.4434430000 +0.0050111369 +20.7486454000 +0.0472226512 +0.0351811938 +0.8007491277 -0.2575879516
+11.4000000000 +0.0743897500 +0.0003080372 +0.0003272500 +0.0004829391 +0.0093293125 +0.0000756773 +0.0003161182 +0.0000064918 -4.2889390000 +0.0048566377 +19.3384749200 +0.0442030515 +0.0332936631 +0.7259750495 -0.2106788139
+11.6000000000 +0.0741032500 +0.0003034086 -0.0000542500 +0.0004788935 +0.0091735625 +0.0000738506 +0.0003023106 +0.0000062906 -4.1461810000 +0.0047198524 +18.0818971600 +0.0415028112 +0.0317437141 +0.6622178026 -0.1974465661
+11.8000000000 +0.0735097500 +0.0002972875 -0.0004412500 +0.0004727230 +0.0089388775 +0.0000707960 +0.0002803867 +0.0000055431 -4.0258670000 +0.0045836236 +17.0479893200 +0.0390843876 +0.0299592725 +0.6035508606 -0.1696884663
+12.0000000000 +0.0724760000 +0.0002920610 +0.0002730000 +0.0004654213 +0.0086647550 +0.0000682083 +0.0002611729 +0.0000052256 -3.9168210000 +0.0044505405 +16.1337791600 +0.0367655408 +0.0284332035 +0.5502030653 -0.1595626318
