# T, am1a, am1e, m1a, m1e, m2a, m2e, m4a, m4e, e1a, e1e, e2a, e2e, susc, spec, bind
+2.0000000000 +0.4436550000 +0.0024826238 -0.1552940000 +0.0032374773 +0.4433666000 +0.0024811036 +0.4428089410 +0.0024783366 -11.9948560000 +0.0001457206 +143.8774198400 +0.0034711748 +12.3268420488 +0.0212344815 +0.2491223463
+2.2000000000 +0.4419820000 +0.0024800761 -0.1517380000 +0.0032340175 +0.4413791800 +0.0024769017 +0.4402172650 +0.0024711606 -11.9890080000 +0.0002152287 +143.7381657600 +0.0051233569 +11.1832314398 +0.0382838002 +0.2467795032
+2.4000000000 +0.4417310000 +0.0024771066 -0.1448260000 +0.0032388038 +0.4405685600 +0.0024709999 +0.4383342802 +0.0024600047 -11.9793500000 +0.0002965661 +143.5083444800 +0.0070535769 +10.2267618183 +0.0610773869 +0.2472388827
+2.6000000000 +0.4429297500 +0.0024731625 -0.1356977500 +0.0032497469 +0.4408480725 +0.0024623195 +0.4368677187 +0.0024429597 -11.9643320000 +0.0003934296 +143.1514316800 +0.0093437136 +9.4100503487 +0.0915898484 +0.2507084974
+2.8000000000 +0.4426175000 +0.0024661354 -0.1250995000 +0.0032539719 +0.4391832100 +0.0024483825 +0.4326649665 +0.0024170417 -11.9422730000 +0.0005082822 +142.6282184400 +0.0120429569 +8.6883199533 +0.1318116510 +0.2522799625
+3.0000000000 +0.4402862500 +0.0024552125 -0.1158932500 +0.0032463190 +0.4349747175 +0.0024279319 +0.4249971424 +0.0023804546 -11.9107270000 +0.0006417206 +141.8818898800 +0.0151587711 +8.0374245187 +0.1830245715 +0.2512501889
+3.2000000000 +0.4360715000 +0.0024400083 -0.1089110000 +0.0032266173 +0.4283039800 +0.0024003416 +0.4139098840 +0.0023324765 -11.8684330000 +0.0007913319 +140.8847501200 +0.0186185058 +7.4420508402 +0.2446117624 +0.2478918022
+3.4000000000 +0.4321470000 +0.0024188524 -0.1070830000 +0.0031988988 +0.4207849050 +0.0023617756 +0.4001792881 +0.0022668645 -11.8108840000 +0.0009720404 +139.5347753600 +0.0227379888 +6.8833492762 +0.3269420286 +0.2466218003
+3.6000000000 +0.4261697500 +0.0023883459 -0.1092482500 +0.0031537808 +0.4097885025 +0.0023080624 +0.3810127039 +0.0021796427 -11.7324810000 +0.0011966598 +137.7083902000 +0.0277752426 +6.3379957412 +0.4419736467 +0.2436920540
+3.8000000000 +0.4174720000 +0.0023445123 -0.1093905000 +0.0030910601 +0.3941523850 +0.0022334541 +0.3548887882 +0.0020633197 -11.6285580000 +0.0014402642 +135.3063356000 +0.0331274997 +5.7860398478 +0.5746152398 +0.2385476931
+4.0000000000 +0.4087670000 +0.0022859416 -0.1074930000 +0.0030189273 +0.3761116200 +0.0021375538 +0.3242253921 +0.0019217388 -11.4949600000 +0.0017121907 +132.2513692800 +0.0389158644 +5.2255289928 +0.7328992400 +0.2360019202
+4.2000000000 +0.3928580000 +0.0022047915 -0.0967215000 +0.0029130164 +0.3487816350 +0.0020140751 +0.2839085756 +0.0017518359 -11.3272540000 +0.0020192000 +128.4697699200 +0.0451952688 +4.6296244485 +0.9245280016 +0.2220529510
+4.4000000000 +0.3691072500 +0.0020930374 -0.0777887500 +0.0027632467 +0.3114723925 +0.0018564685 +0.2348740608 +0.0015494061 -11.1157850000 +0.0023455824 +123.7807464400 +0.0515661912 +3.9825506931 +1.1367266208 +0.1929978641
+4.6000000000 +0.3353817500 +0.0019468491 -0.0487167500 +0.0025579115 +0.2640897775 +0.0016628830 +0.1803506105 +0.0013123177 -10.8679720000 +0.0026130065 +118.3859275200 +0.0563390138 +3.2958447667 +1.2907000342 +0.1380279560
+4.8000000000 +0.3007530000 +0.0017805378 -0.0279900000 +0.0023263787 +0.2172649550 +0.0014569701 +0.1321145386 +0.0010773167 -10.6046410000 +0.0027602878 +112.7631782800 +0.0583777076 +2.6419289165 +1.3227757862 +0.0670679832
+5.0000000000 +0.2619102500 +0.0015927994 -0.0179007500 +0.0020600786 +0.1700773825 +0.0012339591 +0.0898325225 +0.0008423159 -10.3401380000 +0.0027413062 +107.2190442400 +0.0568675000 +2.0296080689 +1.2023615239 -0.0351879626
+5.2000000000 +0.2254670000 +0.0014129447 -0.0146270000 +0.0018060865 +0.1306918800 +0.0010259452 +0.0591829056 +0.0006397053 -10.1095710000 +0.0026314676 +102.4804106800 +0.0535666624 +1.5357021521 +1.0243523520 -0.1549889204
+5.4000000000 +0.1977362500 +0.0012644396 -0.0137052500 +0.0016036216 +0.1030519225 +0.0008598025 +0.0401901089 +0.0004890243 -9.9196030000 +0.0025139139 +98.6513142000 +0.0502300920 +1.1843018136 +0.8669085131 -0.2614955769
+5.6000000000 +0.1748335000 +0.0011382632 -0.0114245000 +0.0014340673 +0.0823924750 +0.0007241903 +0.0277665828 +0.0003750063 -9.7550490000 +0.0024329764 +95.3977559600 +0.0477337060 +0.9254593264 +0.7550222181 -0.3634087657
+5.8000000000 +0.1569865000 +0.0010316367 -0.0103370000 +0.0012952691 +0.0672157350 +0.0006118397 +0.0194918695 +0.0002830842 -9.6114540000 +0.0023668389 +92.6041250400 +0.0456342444 +0.7339823072 +0.6661029902 -0.4381041387
+6.0000000000 +0.1435520000 +0.0009517525 -0.0088530000 +0.0011912401 +0.0568404900 +0.0005338971 +0.0146326874 +0.0002263078 -9.4820110000 +0.0023513817 +90.1296924400 +0.0445846564 +0.6038885549 +0.6143328775 -0.5096880348
+6.2000000000 +0.1322707500 +0.0008810844 -0.0074322500 +0.0011010529 +0.0485479375 +0.0004662130 +0.0110510841 +0.0001783835 -9.3631820000 +0.0023744980 +87.8947068000 +0.0443603060 +0.5008449386 +0.5867056058 -0.5629391211
+6.4000000000 +0.1231787500 +0.0008218195 -0.0078142500 +0.0010262484 +0.0421884975 +0.0004126091 +0.0085897194 +0.0001448469 -9.2494390000 +0.0024146390 +85.7853410800 +0.0444356122 +0.4221170789 +0.5693829719 -0.6086797918
+6.6000000000 +0.1161287500 +0.0007737145 -0.0070402500 +0.0009667172 +0.0374312525 +0.0003698378 +0.0068722986 +0.0001180566 -9.1360700000 +0.0024957231 +83.7169204000 +0.0452434373 +0.3628085746 +0.5719590337 -0.6349785028
+6.8000000000 +0.1109135000 +0.0007358195 -0.0065910000 +0.0009208091 +0.0339590200 +0.0003393177 +0.0057586758 +0.0001023300 -9.0225770000 +0.0026022575 +81.6777654800 +0.0464743938 +0.3184884635 +0.5857910014 -0.6645279040
+7.0000000000 +0.1048152500 +0.0006975290 -0.0056567500 +0.0008720107 +0.0304481025 +0.0003116425 +0.0048119293 +0.0000904229 -8.9060640000 +0.0027161132 +79.6130668000 +0.0477858831 +0.2780266552 +0.6022261794 -0.7301251376
+7.2000000000 +0.1001452500 +0.0006630412 -0.0048527500 +0.0008305189 +0.0276140175 +0.0002854657 +0.0040221598 +0.0000773142 -8.7857080000 +0.0028433525 +77.5120512000 +0.0492699443 +0.2442353667 +0.6238158540 -0.7582429022
+7.4000000000 +0.0968595000 +0.0006362931 -0.0036035000 +0.0007994300 +0.0255765200 +0.0002661991 +0.0034886362 +0.0000676648 -8.6537110000 +0.0030049238 +75.2478967600 +0.0511957015 +0.2188480711 +0.6595739380 -0.7776715510
+7.6000000000 +0.0938850000 +0.0006101497 -0.0028140000 +0.0007697042 +0.0237057000 +0.0002481216 +0.0030245327 +0.0000600906 -8.5104440000 +0.0032054181 +72.8386452800 +0.0534698406 +0.1959382470 +0.7115446725 -0.7940372567
+7.8000000000 +0.0909097500 +0.0005856331 -0.0019327500 +0.0007412741 +0.0219832275 +0.0002332188 +0.0026589028 +0.0000539838 -8.3644390000 +0.0034063309 +70.4279634000 +0.0557158141 +0.1758800622 +0.7628593282 -0.8339956503
+8.0000000000 +0.0887260000 +0.0005613335 -0.0012905000 +0.0007154448 +0.0204761150 +0.0002182728 +0.0023249915 +0.0000491753 -8.2079940000 +0.0036275648 +67.8975345600 +0.0580840911 +0.1575476490 +0.8224516499 -0.8484384788
+8.2000000000 +0.0863360000 +0.0005384334 -0.0013950000 +0.0006900793 +0.0190503250 +0.0002042184 +0.0020311209 +0.0000446351 -8.0358660000 +0.0039067335 +65.1856450400 +0.0610224037 +0.1414197574 +0.9079456723 -0.8655622387
+8.4000000000 +0.0842260000 +0.0005155503 -0.0009060000 +0.0006656742 +0.0177257050 +0.0001897927 +0.0017550510 +0.0000387139 -7.8431290000 +0.0041793179 +62.2133404400 +0.0635952131 +0.1265676896 +0.9901756369 -0.8619218671
+8.6000000000 +0.0826852500 +0.0004948035 -0.0011922500 +0.0006447606 +0.0166300725 +0.0001766945 +0.0015253973 +0.0000341516 -7.6356940000 +0.0044781760 +59.1059852800 +0.0662437123 +0.1138746736 +1.0845895327 -0.8385415094
+8.8000000000 +0.0813527500 +0.0004757591 -0.0008322500 +0.0006259282 +0.0156721375 +0.0001652101 +0.0013373909 +0.0000297957 -7.4107920000 +0.0048005638 +55.8416545600 +0.0689707911 +0.1028848587 +1.1903622065 -0.8150167306
+9.0000000000 +0.0805560000 +0.0004575813 -0.0007715000 +0.0006095880 +0.0148644950 +0.0001548981 +0.0011806904 +0.0000260481 -7.1702760000 +0.0051374052 +52.4685752000 +0.0715005912 +0.0930580652 +1.3033546714 -0.7812072624
+9.2000000000 +0.0796115000 +0.0004386624 -0.0009870000 +0.0005923260 +0.0140349800 +0.0001448868 +0.0010366681 +0.0000238449 -6.8912320000 +0.0054540226 +48.6789329600 +0.0731792345 +0.0836629246 +1.4057827058 -0.7542637249
+9.4000000000 +0.0791740000 +0.0004229581 -0.0006555000 +0.0005793064 +0.0134242650 +0.0001360674 +0.0009207845 +0.0000205725 -6.6064750000 +0.0057024445 +44.9462268400 +0.0738804460 +0.0761249226 +1.4720630538 -0.7031610418
+9.6000000000 +0.0783117500 +0.0004044647 -0.0005577500 +0.0005629406 +0.0126763975 +0.0001262164 +0.0007979147 +0.0000176262 -6.3078420000 +0.0058571215 +41.1611056000 +0.0732808853 +0.0681632012 +1.4889701639 -0.6551735125
+9.8000000000 +0.0778177500 +0.0003877232 -0.0009397500 +0.0005492697 +0.0120687725 +0.0001188832 +0.0007109840 +0.0000168122 -6.0171070000 +0.0059100403 +37.6027197200 +0.0713329809 +0.0613588805 +1.4547512188 -0.6270928953
+10.0000000000 +0.0772812500 +0.0003735407 -0.0010007500 +0.0005374173 +0.0115536975 +0.0001110046 +0.0006263687 +0.0000144996 -5.7321380000 +0.0058878095 +34.2440580800 +0.0685377889 +0.0558130590 +1.3866520290 -0.5641082203
+10.2000000000 +0.0769660000 +0.0003596832 -0.0008285000 +0.0005267342 +0.0110986450 +0.0001030996 +0.0005483610 +0.0000123289 -5.4617790000 +0.0058115195 +31.1819802000 +0.0652688833 +0.0507341161 +1.2984913064 -0.4839026652
+10.4000000000 +0.0763427500 +0.0003458192 -0.0007077500 +0.0005150571 +0.0106118525 +0.0000960647 +0.0004817488 +0.0000106943 -5.2189390000 +0.0056583561 +28.5180040400 +0.0612874515 +0.0459965098 +1.1840604237 -0.4259917663
+10.6000000000 +0.0755080000 +0.0003346357 -0.0007850000 +0.0005044820 +0.0101807000 +0.0000900927 +0.0004283142 +0.0000092190 -4.9966060000 +0.0055010059 +26.1765141600 +0.0575300766 +0.0422569994 +1.0772896411 -0.3774821110
+10.8000000000 +0.0750340000 +0.0003253667 -0.0005235000 +0.0004965976 +0.0098646400 +0.0000851579 +0.0003873859 +0.0000085701 -4.7832370000 +0.0053321782 +24.0166411600 +0.0536909430 +0.0392086930 +0.9750385475 -0.3269668589
+11.0000000000 +0.0751940000 +0.0003177553 +0.0002530000 +0.0004922604 +0.0096928750 +0.0000810878 +0.0003569612 +0.0000073564 -4.6039670000 +0.0051407145 +22.2535899600 +0.0500546961 +0.0367157942 +0.8736180355 -0.2664688936
+11.2000000000 +0.0752205000 +0.0003137195 +0.0005065000 +0.0004897618 +0.0095949200 +0.0000782354 +0.0003368934 +0.0000066122 -4.4347570000 +0.0049621850 +20.6520008400 +0.0466067570 +0.0351499677 +0.7851811152 -0.2197998436
+11.4000000000 +0.0744422500 +0.0003095557 -0.0002732500 +0.0004841116 +0.0093746375 +0.0000766926 +0.0003231542 +0.0000067546 -4.2874210000 +0.0048114050 +19.3079635600 +0.0436898290 +0.0336227098 +0.7125151806 -0.2256868647
+11.6000000000 +0.0743005000 +0.0003036067 -0.0005180000 +0.0004797754 +0.0092076450 +0.0000741073 +0.0003044566 +0.0000063545 -4.1512440000 +0.0046909478 +18.1130264000 +0.0411569019 +0.0317851784 +0.6541317275 -0.1970355145
+11.8000000000 +0.0741982500 +0.0003013114 -0.0007442500 +0.0004779218 +0.0091369225 +0.0000734437 +0.0002992425 +0.0000065212 -4.0220970000 +0.0045322884 +16.9989298000 +0.0384701913 +0.0307757813 +0.5901073848 -0.1948188564
+12.0000000000 +0.0734810000 +0.0002958119 -0.0004200000 +0.0004716850 +0.0088996450 +0.0000703246 +0.0002770257 +0.0000057955 -3.9102280000 +0.0044324218 +16.0757375200 +0.0364511726 +0.0291682303 +0.5457322972 -0.1658786880
