# T, am1a, am1e, m1a, m1e, m2a, m2e, m4a, m4e, e1a, e1e, e2a, e2e, susc, spec, bind
+2.0000000000 +0.5239565000 +0.0024956905 -0.2086175000 +0.0034646356 +0.5236692500 +0.0024944110 +0.5231129380 +0.0024920984 -11.9954680000 +0.0001358769 +143.8919910400 +0.0032375943 +12.4569418054 +0.0184625243 +0.3641421150
+2.2000000000 +0.5254950000 +0.0024934213 -0.2060080000 +0.0034727211 +0.5248309800 +0.0024904894 +0.5235490624 +0.0024852283 -11.9901240000 +0.0002040628 +143.7647392000 +0.0048577848 +11.3039084080 +0.0344145582 +0.3664262059
+2.4000000000 +0.5251517500 +0.0024906183 -0.2006472500 +0.0034772555 +0.5239115425 +0.0024851684 +0.5215257932 +0.0024754572 -11.9816220000 +0.0002799147 +143.5623998400 +0.0066577758 +10.3386325822 +0.0544112691 +0.3666575406
+2.6000000000 +0.5237237500 +0.0024861094 -0.1939872500 +0.0034780926 +0.5215161725 +0.0024764824 +0.5172977121 +0.0024595240 -11.9676420000 +0.0003774917 +143.2301550400 +0.0089649798 +9.5088310072 +0.0843195239 +0.3660080530
+2.8000000000 +0.5219197500 +0.0024790324 -0.1851287500 +0.0034783316 +0.5182242825 +0.0024630201 +0.5112151213 +0.0024352045 -11.9459100000 +0.0004971648 +142.7146526400 +0.0117804391 +8.7794306093 +0.1261085697 +0.3654776575
+3.0000000000 +0.5203510000 +0.0024677439 -0.1749345000 +0.0034776195 +0.5143555650 +0.0024421350 +0.5031225862 +0.0023985026 -11.9137670000 +0.0006399326 +141.9542246800 +0.0151145558 +8.1196800600 +0.1820061075 +0.3660928162
+3.2000000000 +0.5159417500 +0.0024520211 -0.1652457500 +0.0034618854 +0.5066921825 +0.0024129294 +0.4896260994 +0.0023478559 -11.8682000000 +0.0008042431 +140.8800435200 +0.0189166427 +7.5155091596 +0.2526589840 +0.3642960685
+3.4000000000 +0.5024212500 +0.0024324278 -0.1479677500 +0.0034176047 +0.4890953175 +0.0023758673 +0.4650040408 +0.0022838058 -11.8062950000 +0.0009971250 +139.4283719600 +0.0233142680 +6.9608295603 +0.3440340219 +0.3520396041
+3.6000000000 +0.4861482500 +0.0024024708 -0.1339387500 +0.0033513996 +0.4672147575 +0.0023224786 +0.4340459121 +0.0021965414 -11.7233350000 +0.0012142335 +137.4955580400 +0.0281738998 +6.4131843478 +0.4550502912 +0.3372018132
+3.8000000000 +0.4640747500 +0.0023579757 -0.1191892500 +0.0032540792 +0.4377673475 +0.0022480179 +0.3937836316 +0.0020821337 -11.6135430000 +0.0014758691 +134.9615086000 +0.0338864257 +5.8526835240 +0.6033766422 +0.3150645015
+4.0000000000 +0.4381932500 +0.0022925166 -0.1078992500 +0.0031248855 +0.4022386225 +0.0021455568 +0.3459324750 +0.0019345132 -11.4678680000 +0.0017822621 +131.6390548000 +0.0403680190 +5.2556324539 +0.7941145911 +0.2873069201
+4.2000000000 +0.4090097500 +0.0022031561 -0.0983607500 +0.0029655101 +0.3614448425 +0.0020134736 +0.2928054087 +0.0017543424 -11.2876890000 +0.0020988242 +127.5881254800 +0.0468078664 +4.6227587358 +0.9988804948 +0.2529085335
+4.4000000000 +0.3779667500 +0.0020880410 -0.0861582500 +0.0027831287 +0.3172554675 +0.0018539104 +0.2381303839 +0.0015489922 -11.0754260000 +0.0023988549 +122.8952412800 +0.0525844877 +3.9635591681 +1.1889473065 +0.2113663088
+4.6000000000 +0.3391975000 +0.0019400487 -0.0621040000 +0.0025580734 +0.2656064950 +0.0016629276 +0.1811599360 +0.0013198917 -10.8265980000 +0.0026519592 +117.4965397600 +0.0570759262 +3.2728598042 +1.3294683668 +0.1440201877
+4.8000000000 +0.2942780000 +0.0017490305 -0.0368785000 +0.0022781782 +0.2089638550 +0.0014271163 +0.1251323259 +0.0010542998 -10.5415830000 +0.0027512887 +111.4277557200 +0.0580421414 +2.5492565358 +1.3141648183 +0.0447744742
+5.0000000000 +0.2523445000 +0.0015614188 -0.0221365000 +0.0020044255 +0.1611988900 +0.0012040597 +0.0839754737 +0.0008191129 -10.2916230000 +0.0026871706 +106.2063394000 +0.0556150747 +1.9504228664 +1.1553417036 -0.0772267110
+5.2000000000 +0.2160647500 +0.0013907977 -0.0159172500 +0.0017592850 +0.1240567075 +0.0010077541 +0.0560128025 +0.0006252431 -10.0781040000 +0.0025700833 +101.8323933600 +0.0521542381 +1.4879371405 +0.9771195459 -0.2131808492
+5.4000000000 +0.1884782500 +0.0012426912 -0.0094917500 +0.0015588875 +0.0972953075 +0.0008455962 +0.0380676934 +0.0004795138 -9.8984290000 +0.0024585895 +98.2206831600 +0.0489672360 +1.1439121625 +0.8291717832 -0.3404527739
+5.6000000000 +0.1666447500 +0.0011153385 -0.0047272500 +0.0013920068 +0.0775296675 +0.0007092653 +0.0261331402 +0.0003643969 -9.7440390000 +0.0023889676 +95.1745826800 +0.0467514735 +0.8885570500 +0.7279548676 -0.4492206090
+5.8000000000 +0.1503972500 +0.0010156620 -0.0023372500 +0.0012636915 +0.0638821075 +0.0006083075 +0.0188824426 +0.0002871061 -9.6118730000 +0.0023409478 +92.6073040400 +0.0450975742 +0.7114271499 +0.6516096072 -0.5423340526
+6.0000000000 +0.1368272500 +0.0009280909 -0.0013477500 +0.0011529743 +0.0531758075 +0.0005211241 +0.0136904789 +0.0002226601 -9.4862090000 +0.0023466285 +90.2084278000 +0.0444724271 +0.5742351860 +0.6118516898 -0.6138724187
+6.2000000000 +0.1269982500 +0.0008617300 -0.0003837500 +0.0010704152 +0.0458316975 +0.0004593502 +0.0105406505 +0.0001823994 -9.3682500000 +0.0023751249 +87.9897568000 +0.0443612256 +0.4790829354 +0.5870154462 -0.6726854253
+6.4000000000 +0.1182800000 +0.0008013359 -0.0003630000 +0.0009959367 +0.0396757300 +0.0004042035 +0.0081093827 +0.0001464137 -9.2487200000 +0.0024217430 +85.7734152000 +0.0445670152 +0.4013370562 +0.5727381875 -0.7171834404
+6.6000000000 +0.1123980000 +0.0007568649 -0.0003510000 +0.0009426952 +0.0355470900 +0.0003653982 +0.0066042300 +0.0001230871 -9.1365750000 +0.0025145363 +83.7299184400 +0.0456066341 +0.3471784787 +0.5806145761 -0.7421792043
+6.8000000000 +0.1075392500 +0.0007163108 +0.0006452500 +0.0008956607 +0.0320887375 +0.0003311603 +0.0054163737 +0.0001039454 -9.0201050000 +0.0026141296 +81.6356411600 +0.0466923549 +0.3018242237 +0.5911482460 -0.7534044435
+7.0000000000 +0.1026070000 +0.0006775038 +0.0010265000 +0.0008498176 +0.0288886500 +0.0002994938 +0.0044224144 +0.0000872604 -8.9056300000 +0.0027152889 +79.6051574400 +0.0477930870 +0.2622921936 +0.6018607002 -0.7663781678
+7.2000000000 +0.0988772500 +0.0006463642 +0.0012932500 +0.0008137338 +0.0264881775 +0.0002749908 +0.0037264218 +0.0000750233 -8.7817580000 +0.0028618883 +77.4468897600 +0.0495396295 +0.2321037074 +0.6319756741 -0.7703804527
+7.4000000000 +0.0959417500 +0.0006197407 +0.0002692500 +0.0007837074 +0.0245679625 +0.0002556048 +0.0032169373 +0.0000658284 -8.6532250000 +0.0030157007 +75.2420809200 +0.0513448822 +0.2076100420 +0.6643134028 -0.7765730286
+7.6000000000 +0.0930175000 +0.0005926619 +0.0001260000 +0.0007533619 +0.0227021800 +0.0002350481 +0.0027252933 +0.0000546195 -8.5120480000 +0.0031795935 +72.8593537600 +0.0531182121 +0.1848674302 +0.7001257024 -0.7626125806
+7.8000000000 +0.0909070000 +0.0005725746 -0.0002710000 +0.0007310553 +0.0213777500 +0.0002214443 +0.0024185115 +0.0000487277 -8.3641230000 +0.0033975159 +70.4202781200 +0.0556268352 +0.1681239404 +0.7589161093 -0.7640176202
+8.0000000000 +0.0882415000 +0.0005478992 -0.0001580000 +0.0007034607 +0.0197943050 +0.0002049492 +0.0020719819 +0.0000420746 -8.2074730000 +0.0036193487 +67.8866004400 +0.0579560892 +0.1500967835 +0.8187303035 -0.7627234795
+8.2000000000 +0.0867075000 +0.0005301184 -0.0003435000 +0.0006848192 +0.0187592100 +0.0001935825 +0.0018508756 +0.0000371921 -8.0412030000 +0.0038661688 +65.2588361200 +0.0605996938 +0.1370856030 +0.8891886270 -0.7531814862
+8.4000000000 +0.0849647500 +0.0005094840 -0.0002577500 +0.0006633608 +0.0176019675 +0.0001818716 +0.0016329207 +0.0000332718 -7.8518520000 +0.0041552584 +62.3422267200 +0.0634088991 +0.1236066519 +0.9788079508 -0.7567963287
+8.6000000000 +0.0832805000 +0.0004910347 -0.0006070000 +0.0006438143 +0.0165802450 +0.0001715297 +0.0014518018 +0.0000300301 -7.6491840000 +0.0044614551 +59.3061991200 +0.0661143665 +0.1121465502 +1.0765052111 -0.7603708856
+8.8000000000 +0.0825125000 +0.0004746672 -0.0001175000 +0.0006289009 +0.0158206700 +0.0001626792 +0.0013088740 +0.0000274511 -7.4140470000 +0.0047736814 +55.8796142800 +0.0685802785 +0.1024131516 +1.1770678742 -0.7431182338
+9.0000000000 +0.0814440000 +0.0004574448 +0.0000580000 +0.0006124408 +0.0150033550 +0.0001537936 +0.0011711990 +0.0000250485 -7.1687180000 +0.0051367285 +52.4459569600 +0.0713970676 +0.0930025540 +1.3030113537 -0.7343336828
+9.2000000000 +0.0805400000 +0.0004398523 -0.0000270000 +0.0005963534 +0.0142254950 +0.0001442195 +0.0010343357 +0.0000221703 -6.8981180000 +0.0054572903 +48.7753126400 +0.0733043207 +0.0841174283 +1.4074677435 -0.7037484677
+9.4000000000 +0.0797282500 +0.0004206272 +0.0007227500 +0.0005795076 +0.0134336825 +0.0001334799 +0.0008931396 +0.0000192703 -6.6147690000 +0.0056486074 +45.0314395600 +0.0733720421 +0.0752881771 +1.4443986381 -0.6497112680
+9.6000000000 +0.0791620000 +0.0004042840 +0.0007765000 +0.0005657703 +0.0128044450 +0.0001252047 +0.0007910020 +0.0000172320 -6.3236530000 +0.0058224190 +41.3446098000 +0.0729645855 +0.0681023204 +1.4713786194 -0.6081805846
+9.8000000000 +0.0783940000 +0.0003888440 +0.0007170000 +0.0005521116 +0.0121936050 +0.0001174022 +0.0007000150 +0.0000153861 -6.0274910000 +0.0059155511 +37.7303975600 +0.0714442287 +0.0617141404 +1.4574654362 -0.5693572607
+10.0000000000 +0.0776612500 +0.0003729168 +0.0003687500 +0.0005383728 +0.0115939475 +0.0001093166 +0.0006124248 +0.0000135948 -5.7381610000 +0.0059239191 +34.3302043600 +0.0689394158 +0.0556267775 +1.4037126981 -0.5186890425
+10.2000000000 +0.0770330000 +0.0003591795 +0.0000515000 +0.0005266516 +0.0110944800 +0.0001024759 +0.0005431399 +0.0000118853 -5.4757110000 +0.0058258286 +31.3410221200 +0.0654783088 +0.0505921266 +1.3048934684 -0.4708775781
+10.4000000000 +0.0765220000 +0.0003465620 -0.0000215000 +0.0005162321 +0.0106598250 +0.0000961576 +0.0004834834 +0.0000105339 -5.2235750000 +0.0056723123 +28.5727408400 +0.0615770558 +0.0461943127 +1.1899085238 -0.4182742119
+10.6000000000 +0.0762130000 +0.0003369770 -0.0000340000 +0.0005086885 +0.0103505600 +0.0000906468 +0.0004358080 +0.0000092158 -4.9960480000 +0.0054911762 +26.1666162400 +0.0574597013 +0.0428503644 +1.0734430595 -0.3559581785
+10.8000000000 +0.0760857500 +0.0003277391 +0.0001467500 +0.0005021338 +0.0100855575 +0.0000863295 +0.0003998300 +0.0000086108 -4.7865310000 +0.0053071325 +24.0375052400 +0.0535179207 +0.0397825569 +0.9659003996 -0.3102503325
+11.0000000000 +0.0757112500 +0.0003205626 -0.0003077500 +0.0004960472 +0.0098426075 +0.0000822405 +0.0003674166 +0.0000074956 -4.6112650000 +0.0051491920 +22.3243320400 +0.0500788754 +0.0373674011 +0.8765017684 -0.2642042282
+11.2000000000 +0.0747947500 +0.0003130676 -0.0001487500 +0.0004877162 +0.0095147075 +0.0000789620 +0.0003399298 +0.0000073334 -4.4470370000 +0.0049851398 +20.7702028400 +0.0468728714 +0.0350040435 +0.7924623411 -0.2516332261
+11.4000000000 +0.0745045000 +0.0003085253 -0.0003880000 +0.0004836911 +0.0093584350 +0.0000762498 +0.0003201413 +0.0000066370 -4.2949120000 +0.0048296616 +19.3792943200 +0.0440318261 +0.0333992498 +0.7179326195 -0.2184676114
+11.6000000000 +0.0743250000 +0.0003035146 -0.0004080000 +0.0004798146 +0.0092090500 +0.0000741558 +0.0003047700 +0.0000062853 -4.1663260000 +0.0047181381 +18.2487054400 +0.0415110619 +0.0317658998 +0.6617368473 -0.1979022158
+11.8000000000 +0.0736437500 +0.0002977873 -0.0003227500 +0.0004735607 +0.0089704925 +0.0000715211 +0.0002850803 +0.0000058777 -4.0390200000 +0.0045762517 +17.1513657600 +0.0390429739 +0.0300600897 +0.6016110310 -0.1809008144
+12.0000000000 +0.0727202500 +0.0002945279 +0.0001362500 +0.0004679232 +0.0087581025 +0.0000696170 +0.0002705652 +0.0000056526 -3.9236410000 +0.0044949215 +16.2031314800 +0.0371337938 +0.0289155645 +0.5612310994 -0.1757923859
