# T, am1a, am1e, m1a, m1e, m2a, m2e, m4a, m4e, e1a, e1e, e2a, e2e, susc, spec, bind
+2.0000000000 +0.5450020000 +0.0024878991 +0.1475770000 +0.0036153627 +0.5446128600 +0.0024862478 +0.5438602989 +0.0024832858 -11.9946800000 +0.0001479069 +143.8732233600 +0.0035236557 +12.3792839998 +0.0218764399 +0.3887901873
+2.2000000000 +0.5442232500 +0.0024860251 +0.1450677500 +0.0036136793 +0.5433917725 +0.0024825029 +0.5417874410 +0.0024762131 -11.9882780000 +0.0002223350 +143.7207867200 +0.0052924357 +11.2369466663 +0.0408536097 +0.3883801640
+2.4000000000 +0.5431650000 +0.0024829048 +0.1413620000 +0.0036112243 +0.5416208600 +0.0024763732 +0.5386501296 +0.0024647634 -11.9777280000 +0.0003087247 +143.4697804800 +0.0073410449 +10.2746934490 +0.0661881598 +0.3879389414
+2.6000000000 +0.5407177500 +0.0024783432 +0.1413237500 +0.0035989258 +0.5380630925 +0.0024671123 +0.5329776193 +0.0024472690 -11.9615100000 +0.0004076064 +143.0843672000 +0.0096792681 +9.4495156667 +0.0983094657 +0.3863491910
+2.8000000000 +0.5370115000 +0.0024717552 +0.1403880000 +0.0035813947 +0.5327643100 +0.0024537752 +0.5246783183 +0.0024222749 -11.9384960000 +0.0005194607 +142.5384803200 +0.0123103115 +8.7279628167 +0.1376731882 +0.3838284873
+3.0000000000 +0.5303907500 +0.0024632151 +0.1408337500 +0.0035502724 +0.5240115025 +0.0024361169 +0.5119746760 +0.0023892271 -11.9064730000 +0.0006490690 +141.7809509200 +0.0153355820 +8.0899051605 +0.1872402249 +0.3784936294
+3.2000000000 +0.5255620000 +0.0024498039 +0.1418505000 +0.0035219151 +0.5162769900 +0.0024105253 +0.4989672166 +0.0023436193 -11.8655260000 +0.0007834530 +140.8152592000 +0.0184458119 +7.5019241924 +0.2397650712 +0.3759990959
+3.4000000000 +0.5200437500 +0.0024306272 +0.1424712500 +0.0034873535 +0.5067634425 +0.0023750654 +0.4824466044 +0.0022824839 -11.8107560000 +0.0009395753 +139.5292693600 +0.0220102378 +6.9505276643 +0.3054677200 +0.3737936835
+3.6000000000 +0.5141665000 +0.0024034246 +0.1344000000 +0.0034545688 +0.4954251900 +0.0023268558 +0.4620164332 +0.0022032828 -11.7406560000 +0.0011205254 +137.8932264000 +0.0260669127 +6.4182777855 +0.3875238398 +0.3725487352
+3.8000000000 +0.5063685000 +0.0023669890 +0.1226050000 +0.0034113141 +0.4805145400 +0.0022646834 +0.4360458634 +0.0021055741 -11.6498560000 +0.0013374339 +135.7906940000 +0.0308242118 +5.8975126897 +0.4954929311 +0.3704969351
+4.0000000000 +0.4999505000 +0.0023142049 +0.1019440000 +0.0033681586 +0.4641722750 +0.0021815930 +0.4058298252 +0.0019854044 -11.5318020000 +0.0016189144 +133.0872927200 +0.0368595036 +5.3555443137 +0.6552209549 +0.3721378349
+4.2000000000 +0.4825005000 +0.0022405522 +0.0739255000 +0.0032716384 +0.4336096900 +0.0020737213 +0.3600301661 +0.0018405698 -11.3741110000 +0.0019819599 +129.5275276400 +0.0444321150 +4.7810227976 +0.8907403610 +0.3617075929
+4.4000000000 +0.4540342500 +0.0021355811 +0.0356177500 +0.0031116987 +0.3885753725 +0.0019331490 +0.3004734147 +0.0016631292 -11.1604730000 +0.0024012192 +124.7867917200 +0.0528643880 +4.1460970983 +1.1912920262 +0.3366629520
+4.6000000000 +0.4148977500 +0.0019885174 +0.0101327500 +0.0028731756 +0.3303081975 +0.0017453688 +0.2309559977 +0.0014355035 -10.8798180000 +0.0027531068 +118.6736236000 +0.0594519192 +3.4384359684 +1.4328161006 +0.2943825926
+4.8000000000 +0.3629937500 +0.0018161367 -0.0002507500 +0.0025675791 +0.2636985675 +0.0015276031 +0.1628797863 +0.0011749195 -10.5781860000 +0.0028692458 +112.2273219200 +0.0607389445 +2.7486271867 +1.4292659263 +0.2192169171
+5.0000000000 +0.3074360000 +0.0016408672 -0.0014900000 +0.0022484021 +0.2022147050 +0.0013069369 +0.1092141450 +0.0009239271 -10.3110560000 +0.0027945071 +106.6302466400 +0.0580019928 +2.1539562181 +1.2494832196 +0.1097086228
+5.2000000000 +0.2557062500 +0.0014674892 -0.0022402500 +0.0019462891 +0.1515266725 +0.0010995342 +0.0713193494 +0.0007120175 -10.0840170000 +0.0026457864 +101.9674062800 +0.0538581821 +1.6565574271 +1.0355304132 -0.0353994862
+5.4000000000 +0.2155592500 +0.0013109586 +0.0000527500 +0.0016971320 +0.1152102875 +0.0009198993 +0.0471220000 +0.0005417469 -9.8983710000 +0.0024850134 +98.2247601200 +0.0496215800 +1.2730462452 +0.8470907626 -0.1833683224
+5.6000000000 +0.1861895000 +0.0011802269 +0.0021580000 +0.0015031575 +0.0903839550 +0.0007787137 +0.0324250574 +0.0004217517 -9.7469700000 +0.0023877503 +95.2314782400 +0.0468417794 +0.9949540195 +0.7272131987 -0.3230517050
+5.8000000000 +0.1645100000 +0.0010685057 +0.0017245000 +0.0013484133 +0.0727317150 +0.0006616900 +0.0228032485 +0.0003270506 -9.6110970000 +0.0023531350 +92.5946753200 +0.0453670343 +0.7873823259 +0.6584119400 -0.4369041790
+6.0000000000 +0.1476017500 +0.0009730532 +0.0032207500 +0.0012211593 +0.0596595775 +0.0005645922 +0.0163098386 +0.0002516171 -9.4854600000 +0.0023577962 +90.1963195200 +0.0446971739 +0.6312216816 +0.6176891900 -0.5274537260
+6.2000000000 +0.1357710000 +0.0008990586 +0.0043255000 +0.0011263582 +0.0507660200 +0.0004946495 +0.0123643141 +0.0002053979 -9.3686300000 +0.0023812514 +87.9980424000 +0.0445210199 +0.5214879929 +0.5900476668 -0.5991991219
+6.4000000000 +0.1258695000 +0.0008357294 +0.0047315000 +0.0010459265 +0.0437808750 +0.0004356627 +0.0095088437 +0.0001670250 -9.2544510000 +0.0024255948 +85.8802037200 +0.0446837611 +0.4365272495 +0.5745615444 -0.6536271016
+6.6000000000 +0.1165100000 +0.0007769829 +0.0057890000 +0.0009706849 +0.0377226800 +0.0003829942 +0.0072903839 +0.0001334794 -9.1379090000 +0.0025009324 +83.7515674000 +0.0453605798 +0.3658803015 +0.5743491913 -0.7077491063
+6.8000000000 +0.1096940000 +0.0007293192 +0.0053885000 +0.0009121403 +0.0333090350 +0.0003428172 +0.0058104369 +0.0001107633 -9.0176240000 +0.0025969103 +81.5873003200 +0.0463574305 +0.3128861965 +0.5833860610 -0.7456751660
+7.0000000000 +0.1040820000 +0.0006898758 +0.0055110000 +0.0008637106 +0.0298702100 +0.0003105520 +0.0047499309 +0.0000918231 -8.9009000000 +0.0027160132 +79.5210899200 +0.0477401197 +0.2719592468 +0.6021818571 -0.7745550763
+7.2000000000 +0.0997495000 +0.0006554770 +0.0055170000 +0.0008231878 +0.0271359650 +0.0002832891 +0.0039464702 +0.0000780980 -8.7763580000 +0.0028505148 +77.3494771200 +0.0493191896 +0.2386944757 +0.6269625305 -0.7864753837
+7.4000000000 +0.0961640000 +0.0006243379 +0.0048755000 +0.0007876493 +0.0248394250 +0.0002597726 +0.0033162701 +0.0000674388 -8.6491340000 +0.0030039418 +75.1684656000 +0.0511253075 +0.2107014879 +0.6591428963 -0.7916185902
+7.6000000000 +0.0930022500 +0.0005968516 +0.0041612500 +0.0007563296 +0.0228986925 +0.0002399301 +0.0028270074 +0.0000578387 -8.5106400000 +0.0031819051 +72.8359740000 +0.0531665002 +0.1874904473 +0.7011440277 -0.7971499996
+7.8000000000 +0.0914382500 +0.0005773546 +0.0034692500 +0.0007362481 +0.0216944875 +0.0002263538 +0.0025200927 +0.0000510335 -8.3671220000 +0.0034006770 +70.4713147200 +0.0557317540 +0.1709427428 +0.7603289893 -0.7848283870
+8.0000000000 +0.0893582500 +0.0005561747 +0.0026742500 +0.0007132839 +0.0203581075 +0.0002115940 +0.0022053329 +0.0000453272 -8.2101200000 +0.0036249565 +67.9316828000 +0.0581288479 +0.1546651332 +0.8212693525 -0.7736915760
+8.2000000000 +0.0875930000 +0.0005336056 +0.0017180000 +0.0006902713 +0.0190619300 +0.0001966827 +0.0019107200 +0.0000389566 -8.0394730000 +0.0038864176 +65.2372958000 +0.0608134262 +0.1388950775 +0.8985271896 -0.7528391151
+8.4000000000 +0.0855327500 +0.0005126474 +0.0014942500 +0.0006675686 +0.0178281475 +0.0001845515 +0.0016802132 +0.0000355502 -7.8539310000 +0.0041436077 +62.3710115600 +0.0632805456 +0.1251463831 +0.9733268243 -0.7621005929
+8.6000000000 +0.0838860000 +0.0004929862 +0.0016220000 +0.0006472180 +0.0167582750 +0.0001735396 +0.0014854798 +0.0000321572 -7.6468270000 +0.0044429485 +59.2635548400 +0.0659383970 +0.1130396977 +1.0675928503 -0.7631402768
+8.8000000000 +0.0823465000 +0.0004734286 +0.0010370000 +0.0006274005 +0.0157463300 +0.0001626630 +0.0013063174 +0.0000282989 -7.4177060000 +0.0047879207 +55.9393296800 +0.0688433553 +0.1018793629 +1.1841004359 -0.7561789028
+9.0000000000 +0.0812180000 +0.0004559647 +0.0006775000 +0.0006105746 +0.0149125150 +0.0001531141 +0.0011601398 +0.0000259006 -7.1730190000 +0.0051237172 +52.5023006800 +0.0711811810 +0.0924016831 +1.2964186489 -0.7389508039
+9.2000000000 +0.0794300000 +0.0004354789 +0.0004580000 +0.0005893766 +0.0138948000 +0.0001418423 +0.0009978353 +0.0000225660 -6.8989490000 +0.0054110040 +48.7666558800 +0.0726870315 +0.0824529902 +1.3836939690 -0.7227927091
+9.4000000000 +0.0789930000 +0.0004198006 +0.0005140000 +0.0005763881 +0.0132891950 +0.0001334038 +0.0008884658 +0.0000196779 -6.6150550000 +0.0056766054 +45.0479066000 +0.0737006858 +0.0749925633 +1.4587527693 -0.6769577072
+9.6000000000 +0.0779265000 +0.0003982481 +0.0004485000 +0.0005571445 +0.0124166000 +0.0001217424 +0.0007470202 +0.0000164048 -6.3240410000 +0.0058245766 +41.3505222800 +0.0729170139 +0.0660839646 +1.4724693037 -0.6151234559
+9.8000000000 +0.0774720000 +0.0003839158 +0.0005340000 +0.0005453733 +0.0118975650 +0.0001152191 +0.0006725696 +0.0000149493 -6.0253260000 +0.0059091635 +37.7012819200 +0.0713595354 +0.0601597369 +1.4543195686 -0.5837980083
+10.0000000000 +0.0768717500 +0.0003707699 +0.0003477500 +0.0005340402 +0.0114080775 +0.0001087826 +0.0006034904 +0.0000140526 -5.7434600000 +0.0059030481 +34.3811718400 +0.0688716997 +0.0549881155 +1.3938390684 -0.5456962462
+10.2000000000 +0.0762570000 +0.0003550595 -0.0000820000 +0.0005210042 +0.0108578200 +0.0001009553 +0.0005255712 +0.0000118912 -5.4800240000 +0.0058147222 +31.3831028000 +0.0655283880 +0.0494381368 +1.2999228753 -0.4860212158
+10.4000000000 +0.0750630000 +0.0003397292 +0.0004190000 +0.0005062340 +0.0102510900 +0.0000923154 +0.0004459700 +0.0000102074 -5.2262750000 +0.0056313811 +28.5824485200 +0.0610489483 +0.0443907311 +1.1727978406 -0.4146346062
+10.6000000000 +0.0752377500 +0.0003319408 +0.0008717500 +0.0005016809 +0.0100681075 +0.0000890842 +0.0004188067 +0.0000096176 -4.9956150000 +0.0055255045 +26.1774172400 +0.0578145676 +0.0415791366 +1.0869063829 -0.3771988683
+10.8000000000 +0.0751285000 +0.0003266488 +0.0007720000 +0.0004977870 +0.0099122700 +0.0000866936 +0.0003988842 +0.0000091251 -4.7875930000 +0.0053375133 +24.0606086800 +0.0538164121 +0.0395183193 +0.9769906947 -0.3532541738
+11.0000000000 +0.0750422500 +0.0003207983 +0.0009767500 +0.0004936306 +0.0097478025 +0.0000836703 +0.0003750483 +0.0000087757 -4.5956980000 +0.0051702908 +22.1897164000 +0.0501956871 +0.0374223929 +0.8836994155 -0.3156868505
+11.2000000000 +0.0741692500 +0.0003117353 +0.0008377500 +0.0004844464 +0.0093882325 +0.0000791669 +0.0003388349 +0.0000084046 -4.4348060000 +0.0049828473 +20.6606549600 +0.0467082401 +0.0347067398 +0.7917336594 -0.2814425973
+11.4000000000 +0.0740385000 +0.0003066996 +0.0011385000 +0.0004807023 +0.0092442850 +0.0000757483 +0.0003149691 +0.0000067189 -4.2924290000 +0.0047906957 +19.3429773200 +0.0434939005 +0.0330051361 +0.7063947368 -0.2285702658
+11.6000000000 +0.0733575000 +0.0002999776 +0.0002900000 +0.0004738328 +0.0089807850 +0.0000727753 +0.0002925040 +0.0000060774 -4.1548930000 +0.0046753773 +18.1375019600 +0.0410928067 +0.0310298465 +0.6497964615 -0.2088767576
+11.8000000000 +0.0732625000 +0.0002952597 +0.0003605000 +0.0004704890 +0.0088545250 +0.0000697361 +0.0002729276 +0.0000054570 -4.0317580000 +0.0045717602 +17.0911122400 +0.0389438081 +0.0295519584 +0.6004306733 -0.1603677528
+12.0000000000 +0.0723792500 +0.0002924490 +0.0003352500 +0.0004652875 +0.0086598125 +0.0000691349 +0.0002661777 +0.0000055857 -3.9163980000 +0.0044503119 +16.1303843200 +0.0367014935 +0.0285088056 +0.5501465456 -0.1831325384
