# T, am1a, am1e, m1a, m1e, m2a, m2e, m4a, m4e, e1a, e1e, e2a, e2e, susc, spec, bind
+2.0000000000 +0.5007156250 +0.0024985380 -0.0158343750 +0.0035361459 +0.5004238281 +0.0024976120 +0.4999466370 +0.0024967871 -11.9943125000 +0.0003807526 +143.8693312500 +0.0087417940 +1.9976615280 +0.0231956094 +0.3345331365
+2.2000000000 +0.5002531250 +0.0024968669 -0.0159406250 +0.0035333159 +0.4996269531 +0.0024949114 +0.4986104065 +0.0024932121 -11.9884375000 +0.0005468103 +143.7345937500 +0.0125346412 +1.8136273749 +0.0395373838 +0.3341929864
+2.4000000000 +0.4992625000 +0.0024938843 -0.0149562500 +0.0035278099 +0.4980414062 +0.0024902692 +0.4961028687 +0.0024873318 -11.9777500000 +0.0007667698 +143.4900125000 +0.0175364778 +1.6585224156 +0.0653262153 +0.3333166912
+2.6000000000 +0.4980687500 +0.0024894277 -0.0151187500 +0.0035204187 +0.4959625000 +0.0024833539 +0.4926606644 +0.0024785535 -11.9607437500 +0.0010419844 +143.1028203125 +0.0236915325 +1.5254770478 +0.1027911464 +0.3323805933
+2.8000000000 +0.4961203125 +0.0024824781 -0.0138109375 +0.0035087481 +0.4926432617 +0.0024729617 +0.4873189587 +0.0024657259 -11.9358750000 +0.0013476877 +142.5377625000 +0.0305382991 +1.4086165557 +0.1482662946 +0.3306905469
+3.0000000000 +0.4936687500 +0.0024732690 -0.0137187500 +0.0034935763 +0.4883912109 +0.0024593881 +0.4804695625 +0.0024491125 -11.9017812500 +0.0016846152 +141.7659140625 +0.0380270034 +1.3049726731 +0.2018082483 +0.3285573158
+3.2000000000 +0.4885171875 +0.0024613094 -0.0127171875 +0.0034670199 +0.4809708008 +0.0024421206 +0.4698910419 +0.0024282526 -11.8560687500 +0.0020695205 +140.7376828125 +0.0464256464 +1.2116087915 +0.2676821996 +0.3229223352
+3.4000000000 +0.4825453125 +0.0024451469 -0.0124484375 +0.0034345478 +0.4719997070 +0.0024198167 +0.4570042469 +0.0024019221 -11.7954312500 +0.0025032170 +139.3828421875 +0.0557855589 +1.1254104867 +0.3469118533 +0.3162213710
+3.6000000000 +0.4747328125 +0.0024239585 -0.0120234375 +0.0033920852 +0.4603942383 +0.0023912801 +0.4406916767 +0.0023683538 -11.7175062500 +0.0029696595 +137.6527078125 +0.0657172139 +1.0445466445 +0.4355001157 +0.3069671296
+3.8000000000 +0.4657187500 +0.0023974300 -0.0122031250 +0.0033416009 +0.4468007813 +0.0023560348 +0.4216669418 +0.0023268706 -11.6188750000 +0.0034688907 +135.4795843750 +0.0761735094 +0.9680287459 +0.5333275450 +0.2959225228
+4.0000000000 +0.4533296875 +0.0023646026 -0.0118953125 +0.0032749814 +0.4291616211 +0.0023134191 +0.3982560192 +0.0022765072 -11.5009687500 +0.0039595237 +132.8993953125 +0.0863140204 +0.8946152621 +0.6271131240 +0.2792256228
+4.2000000000 +0.4415375000 +0.0023282168 -0.0112625000 +0.0032080066 +0.4117791016 +0.0022671284 +0.3751568794 +0.0022213895 -11.3673812500 +0.0044589834 +130.0126578125 +0.0962587240 +0.8259951911 +0.7213617502 +0.2624982476
+4.4000000000 +0.4266046875 +0.0022844100 -0.0127609375 +0.0031247795 +0.3907327148 +0.0022123320 +0.3484485683 +0.0021563965 -11.2176125000 +0.0049130831 +126.8003656250 +0.1051094564 +0.7590587471 +0.7979631610 +0.2392221144
+4.6000000000 +0.4082250000 +0.0022329694 -0.0119062500 +0.0030246983 +0.3660937500 +0.0021468910 +0.3183902710 +0.0020766840 -11.0540937500 +0.0052922049 +123.3132859375 +0.1123021156 +0.6937255630 +0.8471057117 +0.2081299733
+4.8000000000 +0.3902812500 +0.0021780672 -0.0110937500 +0.0029238478 +0.3420785156 +0.0020783244 +0.2897950104 +0.0019931079 -10.8794812500 +0.0056445326 +119.6375421875 +0.1185653065 +0.6325302051 +0.8850207767 +0.1744981500
+5.0000000000 +0.3714375000 +0.0021177796 -0.0106406250 +0.0028162573 +0.3173654297 +0.0020021536 +0.2610655724 +0.0019000151 -10.6997937500 +0.0059116469 +115.8834890625 +0.1228968952 +0.5740787625 +0.8946577728 +0.1360092090
+5.2000000000 +0.3542703125 +0.0020579072 -0.0109734375 +0.0027147114 +0.2949067383 +0.0019271672 +0.2355289158 +0.0018098471 -10.5279562500 +0.0060962681 +112.3244421875 +0.1255620482 +0.5212285660 +0.8796327725 +0.0972789148
+5.4000000000 +0.3352078125 +0.0019919852 -0.0092546875 +0.0026028774 +0.2710844727 +0.0018439388 +0.2094912022 +0.0017090151 -10.3479187500 +0.0062724118 +108.6531484375 +0.1275689477 +0.4702820595 +0.8634984806 +0.0497557524
+5.6000000000 +0.3177453125 +0.0019269998 -0.0068078125 +0.0024972428 +0.2494952148 +0.0017617558 +0.1863992001 +0.0016100156 -10.1806312500 +0.0064057753 +105.2866109375 +0.1285642587 +0.4243803749 +0.8374276985 +0.0018441685
+5.8000000000 +0.3015046875 +0.0018645693 -0.0075828125 +0.0023974587 +0.2299698242 +0.0016840247 +0.1663236828 +0.0015170762 -10.0157187500 +0.0065303405 +102.0204359375 +0.1290719776 +0.3836268900 +0.8113264487 -0.0483133862
+6.0000000000 +0.2872625000 +0.0018003349 -0.0072937500 +0.0023027960 +0.2121679687 +0.0016021103 +0.1476855377 +0.0014178298 -9.8482562500 +0.0066232493 +98.7428484375 +0.1288860286 +0.3457285996 +0.7798654541 -0.0935964122
+6.2000000000 +0.2728421875 +0.0017344581 -0.0065484375 +0.0022064325 +0.1947766602 +0.0015196989 +0.1303173313 +0.0013197877 -9.6940312500 +0.0067178813 +95.7794390625 +0.1281786548 +0.3105388410 +0.7513828040 -0.1450042367
+6.4000000000 +0.2609140625 +0.0016756756 -0.0061359375 +0.0021234056 +0.1803916992 +0.0014450917 +0.1160727688 +0.0012310438 -9.5443437500 +0.0068635943 +92.9788546875 +0.1282690243 +0.2807888780 +0.7360769802 -0.1889839455
+6.6000000000 +0.2504343750 +0.0016175310 -0.0054937500 +0.0020453817 +0.1673736328 +0.0013730630 +0.1034260139 +0.0011461034 -9.3980812500 +0.0070114110 +90.2903265625 +0.1280962173 +0.2537121373 +0.7222756220 -0.2306496924
+6.8000000000 +0.2415671875 +0.0015681872 -0.0055203125 +0.0019792213 +0.1567231445 +0.0013129342 +0.0935139957 +0.0010761428 -9.2581312500 +0.0071744738 +87.7719171875 +0.1282333022 +0.2314551493 +0.7124300849 -0.2690802511
+7.0000000000 +0.2332671875 +0.0015177690 -0.0053109375 +0.0019139638 +0.1465584961 +0.0012533121 +0.0843110424 +0.0010109269 -9.1153812500 +0.0074169011 +85.2905921875 +0.1293673554 +0.2106169493 +0.7185034627 -0.3084020155
+7.2000000000 +0.2267062500 +0.0014727255 -0.0049875000 +0.0018582765 +0.1381525391 +0.0011978544 +0.0764803352 +0.0009447615 -8.9650000000 +0.0076943313 +82.7393343750 +0.1306390214 +0.1927929228 +0.7308979552 -0.3357057207
+7.4000000000 +0.2197796875 +0.0014285567 -0.0044296875 +0.0018021824 +0.1299340820 +0.0011448090 +0.0693063725 +0.0008846967 -8.8151500000 +0.0079871760 +80.2586687500 +0.1322761445 +0.1764993967 +0.7455950993 -0.3683769449
+7.6000000000 +0.2149640625 +0.0013904171 -0.0043359375 +0.0017572787 +0.1235399414 +0.0011005593 +0.0637113453 +0.0008354541 -8.6664437500 +0.0083687307 +77.9086734375 +0.1347380376 +0.1628008279 +0.7760183284 -0.3914920798
+7.8000000000 +0.2100375000 +0.0013512732 -0.0044843750 +0.0017112365 +0.1171533203 +0.0010565814 +0.0583794746 +0.0007913625 -8.5035062500 +0.0087197404 +75.3509734375 +0.1367759372 +0.1498206542 +0.7998303468 -0.4178481612
+8.0000000000 +0.2046500000 +0.0013087373 -0.0037031250 +0.0016611716 +0.1103933594 +0.0010070044 +0.0527490112 +0.0007376545 -8.3385875000 +0.0090781147 +72.8285281250 +0.1388223544 +0.1370234737 +0.8241216575 -0.4428034412
+8.2000000000 +0.2015671875 +0.0012764130 -0.0037109375 +0.0016262285 +0.1057985352 +0.0009732293 +0.0490803425 +0.0007055309 -8.1731750000 +0.0094813935 +70.3966625000 +0.1414344603 +0.1271594226 +0.8556509029 -0.4615949053
+8.4000000000 +0.1972656250 +0.0012447717 -0.0023437500 +0.0015881318 +0.1008919922 +0.0009367146 +0.0452765602 +0.0006645432 -8.0063375000 +0.0098441216 +67.9777093750 +0.1432856615 +0.1180538388 +0.8789726102 -0.4826504542
+8.6000000000 +0.1936703125 +0.0012112924 -0.0030078125 +0.0015507121 +0.0961973633 +0.0009003777 +0.0416811329 +0.0006260826 -7.8228187500 +0.0102434914 +65.3936578125 +0.1454902041 +0.1091891597 +0.9079858555 -0.5013844827
+8.8000000000 +0.1915500000 +0.0011841565 -0.0023531250 +0.0015229489 +0.0927804687 +0.0008710064 +0.0389543045 +0.0005956099 -7.6505750000 +0.0105858237 +63.0136843750 +0.1473589465 +0.1019801205 +0.9261129224 -0.5084158089
+9.0000000000 +0.1885156250 +0.0011534779 -0.0009625000 +0.0014896113 +0.0887585938 +0.0008387760 +0.0360198975 +0.0005660040 -7.4521125000 +0.0109743991 +60.3514781250 +0.1491439969 +0.0946141385 +0.9516044271 -0.5240541285
+9.2000000000 +0.1869140625 +0.0011266215 -0.0000453125 +0.0014637956 +0.0857079102 +0.0008088753 +0.0335170185 +0.0005326546 -7.2437437500 +0.0113371623 +57.6130734375 +0.1506425229 +0.0882974668 +0.9718808926 -0.5209057896
+9.4000000000 +0.1848718750 +0.0010999060 -0.0006906250 +0.0014367399 +0.0825693359 +0.0007815842 +0.0312526527 +0.0005063701 -7.0573375000 +0.0116782884 +55.2613093750 +0.1519054408 +0.0823688949 +0.9878310160 -0.5280165145
+9.6000000000 +0.1825312500 +0.0010714526 -0.0008906250 +0.0014074560 +0.0792380859 +0.0007532680 +0.0289751839 +0.0004779379 -6.8670187500 +0.0119400934 +52.8585796875 +0.1524451774 +0.0765340479 +0.9900404817 -0.5382856664
+9.8000000000 +0.1805875000 +0.0010435099 -0.0001875000 +0.0013799305 +0.0761683594 +0.0007249658 +0.0268246353 +0.0004535825 -6.6674375000 +0.0122144660 +50.4224500000 +0.1528281446 +0.0711126763 +0.9942069444 -0.5412155041
+10.0000000000 +0.1794484375 +0.0010220054 -0.0004203125 +0.0013599758 +0.0739815430 +0.0007013995 +0.0251517193 +0.0004301834 -6.4880312500 +0.0123301449 +48.1758484375 +0.1518160418 +0.0668476820 +0.9730078298 -0.5317914920
+10.2000000000 +0.1775390625 +0.0009941810 +0.0000734375 +0.0013328161 +0.0710559570 +0.0006696488 +0.0229861286 +0.0003963082 -6.2885312500 +0.0125081299 +45.8037578125 +0.1508156009 +0.0620170013 +0.9624194587 -0.5175520345
+10.4000000000 +0.1766359375 +0.0009742365 -0.0013828125 +0.0013149507 +0.0691657227 +0.0006504684 +0.0217082630 +0.0003794566 -6.1080125000 +0.0126402620 +43.6988656250 +0.1496960158 +0.0584084127 +0.9454214386 -0.5125926381
+10.6000000000 +0.1754265625 +0.0009572431 -0.0017421875 +0.0012983067 +0.0674270508 +0.0006378756 +0.0208218189 +0.0003722578 -5.9160062500 +0.0127368557 +41.4882296875 +0.1485725862 +0.0553246369 +0.9240441064 -0.5266134417
+10.8000000000 +0.1748562500 +0.0009388753 -0.0018062500 +0.0012828768 +0.0658341797 +0.0006199245 +0.0197063942 +0.0003573592 -5.7408062500 +0.0128085282 +39.5191921875 +0.1466769228 +0.0522362541 +0.9001832356 -0.5155946173
+11.0000000000 +0.1743890625 +0.0009173948 -0.0002953125 +0.0012656618 +0.0640760742 +0.0005979310 +0.0184066006 +0.0003358761 -5.5568875000 +0.0128348203 +37.4683031250 +0.1448790096 +0.0489665878 +0.8713129835 -0.4943782634
+11.2000000000 +0.1728453125 +0.0009001436 -0.0014328125 +0.0012478360 +0.0622858398 +0.0005805605 +0.0173615459 +0.0003220855 -5.3857625000 +0.0128851990 +35.6475718750 +0.1427233730 +0.0463004826 +0.8470834399 -0.4917240438
+11.4000000000 +0.1716718750 +0.0008846021 -0.0018937500 +0.0012325632 +0.0607720703 +0.0005638518 +0.0164103966 +0.0003075836 -5.2386500000 +0.0129010803 +34.1009687500 +0.1410066871 +0.0439310002 +0.8196386491 -0.4811183358
+11.6000000000 +0.1710484375 +0.0008663827 -0.0018265625 +0.0012173638 +0.0592823242 +0.0005450038 +0.0153955608 +0.0002874454 -5.0757625000 +0.0128757166 +32.3947281250 +0.1381533326 +0.0414134569 +0.7885092947 -0.4602385685
+11.8000000000 +0.1710421875 +0.0008487574 -0.0016515625 +0.0012048679 +0.0580709961 +0.0005285962 +0.0145488003 +0.0002746608 -4.8919812500 +0.0128270123 +30.5127703125 +0.1352839952 +0.0390719542 +0.7562527736 -0.4380943373
+12.0000000000 +0.1698031250 +0.0008380960 -0.0016781250 +0.0011929635 +0.0569292969 +0.0005205093 +0.0140781403 +0.0002702062 -4.7390687500 +0.0127331637 +28.9441109375 +0.1317863622 +0.0374615942 +0.7205931467 -0.4479460921
