# T, am1a, am1e, m1a, m1e, m2a, m2e, m4a, m4e, e1a, e1e, e2a, e2e, susc, susce, spec, spece, bind, binde
+2.0000000000 +0.4991128125 +0.0035538112 -0.0214328125 +0.0081919651 +0.4988023828 +0.0035508148 +0.4983012579 +0.0035463335 -11.9943300000 +0.0000899166 +143.8697862500 +0.0020646307 +1.9964998997 +0.0005068097 +0.0233360810 +0.0003777208 +0.3320703340 +0.0046888213
+2.2000000000 +0.4988275000 +0.0035353592 -0.0213087500 +0.0081122582 +0.4981814844 +0.0035327458 +0.4971409216 +0.0035294882 -11.9882812500 +0.0001676515 +143.7310481250 +0.0038409060 +1.8125645234 +0.0004602122 +0.0402000490 +0.0005932445 +0.3319668236 +0.0046686272
+2.4000000000 +0.4979946875 +0.0034777146 -0.0211884375 +0.0080676597 +0.4967701172 +0.0034682953 +0.4948223969 +0.0034549459 -11.9777262500 +0.0002692667 +143.4894943750 +0.0061283363 +1.6576697562 +0.0004454759 +0.0654653612 +0.0009104717 +0.3313084466 +0.0046030839
+2.6000000000 +0.4967945313 +0.0034635877 -0.0210301562 +0.0080384580 +0.4946742480 +0.0034464300 +0.4913560690 +0.0034215182 -11.9611081250 +0.0003455137 +143.1105151562 +0.0079022764 +1.5246121684 +0.0004144360 +0.1003701409 +0.0009126098 +0.3303552993 +0.0046010647
+2.8000000000 +0.4950356250 +0.0033117932 -0.0204878125 +0.0078836603 +0.4915803320 +0.0032981158 +0.4862748087 +0.0032776628 -11.9367087500 +0.0007009080 +142.5558556250 +0.0159696227 +1.4080593273 +0.0004683956 +0.1445610815 +0.0015843424 +0.3289379082 +0.0044244933
+3.0000000000 +0.4926373437 +0.0032726234 -0.0201935937 +0.0077467577 +0.4873024902 +0.0032346938 +0.4792912814 +0.0031781195 -11.9022487500 +0.0009830941 +141.7759834375 +0.0223872613 +1.3040204647 +0.0005669137 +0.1999083838 +0.0018664482 +0.3269145893 +0.0044126281
+3.2000000000 +0.4888410938 +0.0031287287 -0.0191317187 +0.0074740771 +0.4810340137 +0.0030756216 +0.4696004712 +0.0029996536 -11.8555987500 +0.0012048314 +140.7253878125 +0.0273544173 +1.2098525465 +0.0005288859 +0.2658618364 +0.0020279800 +0.3232452219 +0.0042770905
+3.4000000000 +0.4836954688 +0.0030084002 -0.0182135937 +0.0071806312 +0.4727224512 +0.0029413344 +0.4571346003 +0.0028485641 -11.7949906250 +0.0017289455 +139.3698254688 +0.0390235964 +1.1231559528 +0.0006368290 +0.3432411521 +0.0026420451 +0.3178558704 +0.0041913162
+3.6000000000 +0.4772392187 +0.0028730004 -0.0170435938 +0.0069029553 +0.4623829004 +0.0027726803 +0.4419580396 +0.0026448444 -11.7181931250 +0.0019856512 +137.6641614063 +0.0447453246 +1.0424137207 +0.0006750900 +0.4297183498 +0.0024652988 +0.3106953554 +0.0040936627
+3.8000000000 +0.4692168750 +0.0027722490 -0.0160009375 +0.0063343891 +0.4497149219 +0.0026224828 +0.4237994661 +0.0024536429 -11.6236768750 +0.0028245452 +135.5803335937 +0.0629490351 +0.9662045998 +0.0008988452 +0.5212074446 +0.0032517647 +0.3012634004 +0.0040810706
+4.0000000000 +0.4587115625 +0.0027506467 -0.0145256250 +0.0059021442 +0.4339035742 +0.0025738946 +0.4020958717 +0.0023713150 -11.5100525000 +0.0030178684 +133.0957646875 +0.0668721755 +0.8936464643 +0.0008649524 +0.6143650594 +0.0029789711 +0.2878433194 +0.0042243307
+4.2000000000 +0.4465831250 +0.0024557684 -0.0130650000 +0.0052890303 +0.4158742969 +0.0022225385 +0.3780490800 +0.0019769103 -11.3777043750 +0.0032890376 +130.2279276563 +0.0721632262 +0.8242952433 +0.0007883327 +0.7035488741 +0.0035367476 +0.2711592749 +0.0039946764
+4.4000000000 +0.4322981250 +0.0023558449 -0.0122890625 +0.0046373767 +0.3953366016 +0.0021024458 +0.3515831076 +0.0018359162 -11.2276750000 +0.0031459312 +127.0025756250 +0.0681011244 +0.7578161187 +0.0007486816 +0.7783394633 +0.0031507562 +0.2499312417 +0.0040975570
+4.6000000000 +0.4162031250 +0.0022174744 -0.0110475000 +0.0041019761 +0.3727607813 +0.0019005577 +0.3234345905 +0.0015745389 -11.0653412500 +0.0032860983 +123.5449484375 +0.0707292833 +0.6938663237 +0.0005665410 +0.8340744606 +0.0027415884 +0.2238795607 +0.0041775630
+4.8000000000 +0.3990368750 +0.0021694500 -0.0098843750 +0.0036856881 +0.3493615234 +0.0018248416 +0.2952190065 +0.0014685421 -10.8946506250 +0.0033855206 +119.9455748438 +0.0712705572 +0.6336134357 +0.0005184858 +0.8694777677 +0.0028902533 +0.1935002757 +0.0044649044
+5.0000000000 +0.3811212500 +0.0021706899 -0.0090965625 +0.0032460676 +0.3254354688 +0.0017923371 +0.2671475040 +0.0014040969 -10.7177706250 +0.0034474861 +116.2512742187 +0.0725906603 +0.5764318163 +0.0005815350 +0.8835508461 +0.0020658470 +0.1589045061 +0.0048919731
+5.2000000000 +0.3633484375 +0.0021198232 -0.0074562500 +0.0029345486 +0.3022228516 +0.0017298827 +0.2407113434 +0.0013183475 -10.5431631250 +0.0032890870 +112.6429426563 +0.0683636537 +0.5235563939 +0.0006844652 +0.8784294645 +0.0020877610 +0.1212247677 +0.0053325774
+5.4000000000 +0.3460060938 +0.0021243438 -0.0062464063 +0.0026919278 +0.2798525684 +0.0017302426 +0.2158621670 +0.0013199574 -10.3671737500 +0.0035584953 +109.0520931250 +0.0727988545 +0.4743325128 +0.0009023112 +0.8634704710 +0.0023081397 +0.0808838426 +0.0058821696
+5.6000000000 +0.3295151562 +0.0021109186 -0.0045526563 +0.0025529203 +0.2588828223 +0.0016719097 +0.1931198485 +0.0012102802 -10.1958456250 +0.0027371422 +105.6022298437 +0.0549924870 +0.4293086408 +0.0008534920 +0.8402484262 +0.0016409991 +0.0390652739 +0.0064845225
+5.8000000000 +0.3137723438 +0.0020231485 -0.0040539063 +0.0022780688 +0.2393493848 +0.0015500299 +0.1726316314 +0.0010677457 -10.0318112500 +0.0028592944 +102.3450615625 +0.0574115777 +0.3885665373 +0.0008746413 +0.8122439245 +0.0013729054 -0.0049363985 +0.0069905253
+6.0000000000 +0.2987587500 +0.0018194098 -0.0035659375 +0.0020478365 +0.2210362891 +0.0013768489 +0.1539113376 +0.0009511161 -9.8714787500 +0.0034007530 +99.2119143750 +0.0672443189 +0.3513237222 +0.0008535606 +0.7847582276 +0.0013095817 -0.0505076305 +0.0068170561
+6.2000000000 +0.2849634375 +0.0018718430 -0.0033971875 +0.0017396536 +0.2043563672 +0.0014194615 +0.1371776541 +0.0009879355 -9.7164162500 +0.0033501535 +96.2333275000 +0.0662464347 +0.3177217252 +0.0010014184 +0.7594050037 +0.0025255452 -0.0954392168 +0.0076409210
+6.4000000000 +0.2730962500 +0.0018683983 -0.0031731250 +0.0016094560 +0.1899164062 +0.0014140085 +0.1229354768 +0.0009947597 -9.5667993750 +0.0036000194 +93.4262042188 +0.0690914708 +0.2882498384 +0.0010611515 +0.7431345062 +0.0030470333 -0.1366841120 +0.0081011839
+6.6000000000 +0.2620482812 +0.0018239512 -0.0023945312 +0.0014845956 +0.1767487988 +0.0014071780 +0.1103161512 +0.0010169572 -9.4212800000 +0.0034433591 +90.7467403125 +0.0652323912 +0.2619302525 +0.0011609967 +0.7295151173 +0.0024508839 -0.1776125077 +0.0082709496
+6.8000000000 +0.2522142187 +0.0016659169 -0.0020895312 +0.0014634788 +0.1650463965 +0.0012557902 +0.0994373373 +0.0008832212 -9.2747143750 +0.0031663565 +88.1210335938 +0.0603480501 +0.2386038390 +0.0010477644 +0.7268534940 +0.0022000954 -0.2172886036 +0.0081617522
+7.0000000000 +0.2431906250 +0.0015396459 -0.0014528125 +0.0014694252 +0.1543510547 +0.0011452064 +0.0896857329 +0.0007896058 -9.1289668750 +0.0030443853 +85.5685320312 +0.0567477277 +0.2175672446 +0.0009763817 +0.7282949040 +0.0029376125 -0.2552848611 +0.0080384142
+7.2000000000 +0.2353240625 +0.0013903761 -0.0014809375 +0.0013012653 +0.1449107031 +0.0010235748 +0.0812099741 +0.0006912070 -8.9804143750 +0.0033796058 +83.0419217187 +0.0618554164 +0.1989199051 +0.0008785553 +0.7388781342 +0.0026212854 -0.2895129837 +0.0078073320
+7.4000000000 +0.2280564063 +0.0013384487 -0.0013764062 +0.0011998054 +0.1362657910 +0.0009535335 +0.0737145101 +0.0006370114 -8.8293218750 +0.0031985416 +80.5449198438 +0.0578561978 +0.1821365452 +0.0007885696 +0.7561410562 +0.0025193402 -0.3236680675 +0.0075821267
+7.6000000000 +0.2220179687 +0.0012076277 -0.0012426563 +0.0011458128 +0.1289164160 +0.0008598276 +0.0674112990 +0.0005488577 -8.6787975000 +0.0026355549 +78.1208378125 +0.0486611018 +0.1675996925 +0.0007169129 +0.7754133809 +0.0020111518 -0.3524181676 +0.0075304840
+7.8000000000 +0.2162000000 +0.0010988695 -0.0011800000 +0.0010601564 +0.1218422461 +0.0007525111 +0.0614997631 +0.0004592586 -8.5215812500 +0.0032147908 +75.6619159375 +0.0564047791 +0.1540261148 +0.0006127326 +0.8006484125 +0.0020266994 -0.3812199095 +0.0073961933
+8.0000000000 +0.2108332813 +0.0011001285 -0.0009023438 +0.0008689490 +0.1153247559 +0.0007526788 +0.0561301683 +0.0004537485 -8.3579481250 +0.0038464791 +73.1533489062 +0.0613348521 +0.1417239611 +0.0006269818 +0.8244760230 +0.0021332503 -0.4071486637 +0.0078689525
+8.2000000000 +0.2065520312 +0.0010330922 -0.0007239063 +0.0009484958 +0.1099393457 +0.0006981888 +0.0518384684 +0.0004027831 -8.1922150000 +0.0039901340 +70.6910025000 +0.0634782182 +0.1312486464 +0.0005832734 +0.8515066465 +0.0016437047 -0.4299883061 +0.0077935294
+8.4000000000 +0.2023779688 +0.0009641797 -0.0004914062 +0.0008398584 +0.1045485254 +0.0005976940 +0.0475815639 +0.0003390830 -8.0192206250 +0.0043756129 +68.1816582812 +0.0675715151 +0.1211093081 +0.0004477097 +0.8783599521 +0.0014667704 -0.4513419678 +0.0074271425
+8.6000000000 +0.1985107812 +0.0009748040 -0.0003898437 +0.0008656392 +0.0996683691 +0.0005967890 +0.0437931813 +0.0003136271 -7.8420937500 +0.0037236513 +65.6783981250 +0.0562940504 +0.1120973701 +0.0004257886 +0.9042347400 +0.0016402036 -0.4698612908 +0.0078475535
+8.8000000000 +0.1953950000 +0.0009132924 -0.0000996875 +0.0007991230 +0.0953813672 +0.0005335076 +0.0404771786 +0.0002880814 -7.6626300000 +0.0031516348 +63.1960068750 +0.0476878707 +0.1039887639 +0.0003601158 +0.9256217004 +0.0019671752 -0.4833380104 +0.0072825394
+9.0000000000 +0.1923493750 +0.0008031876 -0.0001381250 +0.0006672079 +0.0911563672 +0.0004534626 +0.0372956560 +0.0002287296 -7.4658100000 +0.0044057808 +60.5579600000 +0.0607739074 +0.0962695716 +0.0002782458 +0.9519895180 +0.0021374237 -0.4963407462 +0.0065576036
+9.2000000000 +0.1898134375 +0.0006342267 +0.0002396875 +0.0006404784 +0.0874315039 +0.0003367978 +0.0344303463 +0.0001552024 -7.2725556250 +0.0055438461 +58.0116442188 +0.0747102156 +0.0893884181 +0.0001922943 +0.9681042642 +0.0027518403 -0.5015426084 +0.0058598602
+9.4000000000 +0.1873418750 +0.0006208108 +0.0001028125 +0.0007174923 +0.0839826953 +0.0003657403 +0.0319414345 +0.0001809687 -7.0781050000 +0.0044993942 +55.5048462500 +0.0619579207 +0.0832031713 +0.0002451740 +0.9787366978 +0.0020014460 -0.5097051233 +0.0052503538
+9.6000000000 +0.1850670313 +0.0005473760 +0.0002170313 +0.0006463789 +0.0808421582 +0.0003105489 +0.0297735682 +0.0001500107 -6.8884225000 +0.0051966502 +53.1036859375 +0.0689369936 +0.0776489266 +0.0002057112 +0.9814325256 +0.0014483902 -0.5187098743 +0.0058350503
+9.8000000000 +0.1831573438 +0.0004312048 -0.0001020313 +0.0007454979 +0.0778422559 +0.0002869374 +0.0276144918 +0.0001463350 -6.6912668750 +0.0040487626 +50.6620879687 +0.0459187465 +0.0723163819 +0.0002290429 +0.9810698295 +0.0019059138 -0.5191452428 +0.0041667153
+10.0000000000 +0.1814595313 +0.0005225424 -0.0002535938 +0.0006795782 +0.0753066309 +0.0003010360 +0.0258640254 +0.0001608199 -6.4995250000 +0.0031263330 +48.3315015625 +0.0390453445 +0.0678021422 +0.0002157721 +0.9740125756 +0.0016940593 -0.5203046179 +0.0062024293
+10.2000000000 +0.1796921875 +0.0003877100 -0.0002275000 +0.0007302466 +0.0725763477 +0.0002125815 +0.0239579284 +0.0001548630 -6.3082100000 +0.0037062663 +46.0325781250 +0.0424977516 +0.0631930388 +0.0001855178 +0.9594659526 +0.0014486676 -0.5160803644 +0.0063738936
+10.4000000000 +0.1786118750 +0.0003698540 -0.0003818750 +0.0006557916 +0.0705649609 +0.0002115865 +0.0225665860 +0.0001471503 -6.1172650000 +0.0030877171 +43.8068450000 +0.0306182711 +0.0594790633 +0.0001694708 +0.9446477189 +0.0016181022 -0.5105761172 +0.0055783423
+10.6000000000 +0.1774070312 +0.0004632326 -0.0003017188 +0.0006513465 +0.0685762207 +0.0002476098 +0.0212690885 +0.0001165092 -5.9315662500 +0.0036382870 +41.6865937500 +0.0455749706 +0.0560012379 +0.0001649875 +0.9260211037 +0.0009584866 -0.5076749594 +0.0061239701
+10.8000000000 +0.1762150000 +0.0004103727 -0.0001953125 +0.0006900500 +0.0666402344 +0.0002168104 +0.0199899043 +0.0000947616 -5.7503700000 +0.0025054375 +39.6655090625 +0.0282393993 +0.0527212209 +0.0001306743 +0.9051702542 +0.0013273727 -0.5005332497 +0.0057501784
+11.0000000000 +0.1754646875 +0.0003815848 -0.0004153125 +0.0005308411 +0.0650029492 +0.0002354310 +0.0188854394 +0.0001161574 -5.5742018750 +0.0035262560 +37.7095779687 +0.0393396057 +0.0497652896 +0.0001570710 +0.8777159776 +0.0022769680 -0.4898111135 +0.0041214932
+11.2000000000 +0.1743431250 +0.0003465292 -0.0001768750 +0.0003729091 +0.0633303320 +0.0002112127 +0.0177977943 +0.0000871649 -5.4075112500 +0.0041468828 +35.9086862500 +0.0517960197 +0.0470480085 +0.0001358898 +0.8504255567 +0.0013314795 -0.4792080497 +0.0034274151
+11.4000000000 +0.1733653125 +0.0004706108 -0.0006215625 +0.0004228612 +0.0616747266 +0.0002370354 +0.0166972852 +0.0000891007 -5.2411731250 +0.0041927354 +34.1218379688 +0.0485433527 +0.0443747091 +0.0001228150 +0.8189309267 +0.0014568823 -0.4633366809 +0.0056033296
+11.6000000000 +0.1728235937 +0.0004812453 -0.0006460937 +0.0004713977 +0.0603297754 +0.0002745528 +0.0157869352 +0.0001237876 -5.0752525000 +0.0033091470 +32.3811740625 +0.0392365976 +0.0420130550 +0.0001657545 +0.7875001925 +0.0014940826 -0.4457366452 +0.0043702458
+11.8000000000 +0.1717790625 +0.0004590385 -0.0003446875 +0.0004412262 +0.0589025391 +0.0002503933 +0.0149510605 +0.0000902139 -4.9166725000 +0.0040797459 +30.7458462500 +0.0383496096 +0.0398540821 +0.0001453784 +0.7551865940 +0.0012336527 -0.4365477088 +0.0060076388
+12.0000000000 +0.1708112500 +0.0004272496 -0.0008196875 +0.0003463714 +0.0575406836 +0.0002255256 +0.0141789431 +0.0000674005 -4.7677862500 +0.0061257409 +29.2212921875 +0.0580164745 +0.0378165001 +0.0001207996 +0.7210145794 +0.0008519276 -0.4277071791 +0.0067784664
