# T, am1a, am1e, m1a, m1e, m2a, m2e, m4a, m4e, e1a, e1e, e2a, e2e, susc, spec, bind
+2.0000000000 +0.5529041667 +0.0024844493 -0.0556958333 +0.0037064151 +0.5526025463 +0.0024833570 +0.5520520483 +0.0024817890 -11.9945111111 +0.0002481783 +143.8707604938 +0.0058421605 +4.4441915180 +0.0221732933 +0.3973946162
+2.2000000000 +0.5509736111 +0.0024835597 -0.0533152778 +0.0036995005 +0.5502946759 +0.0024811336 +0.5490651842 +0.0024777305 -11.9881000000 +0.0003704058 +143.7200296296 +0.0087072960 +4.0372814583 +0.0408199807 +0.3956172931
+2.4000000000 +0.5487750000 +0.0024814023 -0.0509194444 +0.0036907164 +0.5474483025 +0.0024766820 +0.5450577880 +0.0024701203 -11.9774888889 +0.0005129054 +143.4707629630 +0.0120422340 +3.6944145277 +0.0657679969 +0.3937732892
+2.6000000000 +0.5462013889 +0.0024770587 -0.0488763889 +0.0036789260 +0.5437687500 +0.0024684286 +0.5394100516 +0.0024565555 -11.9602444444 +0.0006854707 +143.0662419753 +0.0160644720 +3.3983002077 +0.1000906746 +0.3919080005
+2.8000000000 +0.5412520833 +0.0024717627 -0.0456729167 +0.0036580467 +0.5373382523 +0.0024581590 +0.5304342179 +0.0024399366 -11.9366277778 +0.0008826519 +142.5142456790 +0.0206144252 +3.1420855877 +0.1430952878 +0.3876287956
+3.0000000000 +0.5363986111 +0.0024623938 -0.0429819444 +0.0036345954 +0.5302587963 +0.0024413255 +0.5195771932 +0.0024137544 -11.9016611111 +0.0011143822 +141.6992111111 +0.0259256733 +2.9104239155 +0.1986956295 +0.3840392182
+3.2000000000 +0.5297069444 +0.0024502310 -0.0384527778 +0.0036029714 +0.5207347222 +0.0024201084 +0.5054416365 +0.0023816817 -11.8582194444 +0.0013598617 +140.6913373457 +0.0314793442 +2.7016343463 +0.2600471007 +0.3786780655
+3.4000000000 +0.5221944444 +0.0024317053 -0.0312541667 +0.0035645401 +0.5092146605 +0.0023895178 +0.4876913743 +0.0023373776 -11.7987583333 +0.0016510678 +139.3197391976 +0.0379814754 +2.5044101225 +0.3395740146 +0.3730657125
+3.6000000000 +0.5111784722 +0.0024074578 -0.0270770833 +0.0035085766 +0.4931375579 +0.0023509450 +0.4642623452 +0.0022830896 -11.7233805556 +0.0019819511 +137.5947768519 +0.0452125959 +2.3183412741 +0.4364588930 +0.3636353510
+3.8000000000 +0.4992159722 +0.0023759458 -0.0234743056 +0.0034440901 +0.4750213156 +0.0023032528 +0.4378441826 +0.0022178952 -11.6268388889 +0.0023538000 +135.4049975309 +0.0531916601 +2.1392026926 +0.5525027269 +0.3531968402
+4.0000000000 +0.4840520833 +0.0023342054 -0.0206312500 +0.0033608829 +0.4522470100 +0.0022427326 +0.4057213435 +0.0021374984 -11.5009194444 +0.0027872467 +132.5818978395 +0.0622406007 +1.9614653159 +0.6991869868 +0.3387659769
+4.2000000000 +0.4653944444 +0.0022807439 -0.0153208333 +0.0032574107 +0.4246636960 +0.0021697688 +0.3686551235 +0.0020433810 -11.3509638889 +0.0032046936 +129.2551836420 +0.0707394339 +1.7834717749 +0.8383723165 +0.3185896139
+4.4000000000 +0.4425965278 +0.0022154815 -0.0124090278 +0.0031307828 +0.3922260224 +0.0020811357 +0.3270862873 +0.0019285339 -11.1725027778 +0.0035917125 +125.3408342593 +0.0783530904 +1.6063718398 +0.9595337724 +0.2912904662
+4.6000000000 +0.4145618056 +0.0021351348 -0.0040979167 +0.0029757215 +0.3542135224 +0.0019757998 +0.2816186211 +0.0017944006 -10.9629333333 +0.0039419226 +120.8074574074 +0.0848467357 +1.4271028572 +1.0574576988 +0.2518135484
+4.8000000000 +0.3845569444 +0.0020490422 -0.0016069444 +0.0028099129 +0.3158270062 +0.0018630348 +0.2385826440 +0.0016511864 -10.7536444444 +0.0041727797 +116.3373524692 +0.0886493977 +1.2595722199 +1.0882556744 +0.2027049543
+5.0000000000 +0.3523569444 +0.0019476674 +0.0018138889 +0.0026262542 +0.2758917438 +0.0017328211 +0.1962230091 +0.0014900023 -10.5321250000 +0.0043144248 +111.6702274692 +0.0903492879 +1.0925015582 +1.0721814531 +0.1406872253
+5.2000000000 +0.3230243056 +0.0018441853 +0.0023756944 +0.0024514273 +0.2403854745 +0.0016023260 +0.1604831171 +0.0013334940 -10.3235750000 +0.0043648219 +107.3382675926 +0.0901469844 +0.9418207331 +1.0145859923 +0.0742544071
+5.4000000000 +0.2959395833 +0.0017392956 +0.0051104167 +0.0022834190 +0.2085862076 +0.0014709763 +0.1300590580 +0.0011798843 -10.1231527778 +0.0043591142 +103.2382972222 +0.0886174923 +0.8067064705 +0.9383642716 +0.0035668361
+5.6000000000 +0.2712333333 +0.0016353843 +0.0036833333 +0.0021244601 +0.1805467978 +0.0013428317 +0.1047250215 +0.0010349030 -9.9389583333 +0.0043214371 +99.5298854938 +0.0864434390 +0.6877239218 +0.8575171784 -0.0709017367
+5.8000000000 +0.2489381944 +0.0015415936 +0.0039659722 +0.0019812554 +0.1570306520 +0.0012283486 +0.0850122338 +0.0009085183 -9.7710638889 +0.0042908827 +96.2101564815 +0.0843108716 +0.5900302387 +0.7881334895 -0.1491885896
+6.0000000000 +0.2307465278 +0.0014572466 +0.0040145833 +0.0018585650 +0.1381866705 +0.0011273211 +0.0699296667 +0.0008000602 -9.6210138889 +0.0042505013 +93.2865787037 +0.0821403646 +0.5096562627 +0.7226704535 -0.2206970565
+6.2000000000 +0.2145812500 +0.0013747159 +0.0031229167 +0.0017437683 +0.1216388696 +0.0010299866 +0.0572309094 +0.0007005693 -9.4745638889 +0.0042528256 +90.4908219136 +0.0805720977 +0.4389314908 +0.6775389449 -0.2893316416
+6.4000000000 +0.2010576389 +0.0013012654 +0.0042840278 +0.0016442133 +0.1081558449 +0.0009455774 +0.0474623505 +0.0006176439 -9.3414805556 +0.0042979107 +88.0021404321 +0.0799230515 +0.3809906480 +0.6494075352 -0.3524711169
+6.6000000000 +0.1893694444 +0.0012362677 +0.0033875000 +0.0015571097 +0.0969951003 +0.0008718511 +0.0398130233 +0.0005469377 -9.2092666667 +0.0044041421 +85.5864512346 +0.0801694496 +0.3334598936 +0.6412055345 -0.4106013994
+6.8000000000 +0.1803527778 +0.0011787461 +0.0030555556 +0.0014840442 +0.0881048225 +0.0008073881 +0.0338374825 +0.0004845759 -9.0828555556 +0.0044924931 +83.3055648148 +0.0801613627 +0.2942348722 +0.6285205835 -0.4530395236
+7.0000000000 +0.1719840278 +0.0011280581 +0.0026423611 +0.0014183805 +0.0804791088 +0.0007540732 +0.0292219418 +0.0004365707 -8.9506638889 +0.0046722707 +80.9875885802 +0.0814545457 +0.2617745296 +0.6415380209 -0.5039087950
+7.2000000000 +0.1658256944 +0.0010814439 +0.0019770833 +0.0013626728 +0.0742789931 +0.0007042653 +0.0253569511 +0.0003908684 -8.8156416667 +0.0049059786 +78.6782830247 +0.0836142464 +0.2339041606 +0.6685729372 -0.5319470792
+7.4000000000 +0.1597965278 +0.0010379085 +0.0021437500 +0.0013097758 +0.0686250965 +0.0006583132 +0.0220444524 +0.0003495585 -8.6837166667 +0.0051156246 +76.4537197531 +0.0853957444 +0.2096278354 +0.6881710340 -0.5603144276
+7.6000000000 +0.1549604167 +0.0009983196 +0.0018451389 +0.0012636753 +0.0638784144 +0.0006200546 +0.0194591579 +0.0003208786 -8.5416083333 +0.0053921502 +74.1220842593 +0.0879915007 +0.1888374487 +0.7248685632 -0.5896244500
+7.8000000000 +0.1507763889 +0.0009655851 +0.0013250000 +0.0012250096 +0.0600277006 +0.0005887605 +0.0174688812 +0.0002976335 -8.3949944444 +0.0057017211 +71.7763166667 +0.0909463749 +0.1721269900 +0.7694585470 -0.6159965207
+8.0000000000 +0.1470277778 +0.0009300657 +0.0008666667 +0.0011855094 +0.0562180556 +0.0005558811 +0.0155206202 +0.0002729435 -8.2419333333 +0.0060151052 +69.3767246914 +0.0937717315 +0.1557039965 +0.8140835364 -0.6369528769
+8.2000000000 +0.1427736111 +0.0008941505 +0.0000416667 +0.0011441646 +0.0523645062 +0.0005215027 +0.0136206457 +0.0002452149 -8.0706083333 +0.0063739498 +66.7598083333 +0.0969927804 +0.1404008875 +0.8700657448 -0.6557791822
+8.4000000000 +0.1393493056 +0.0008598686 -0.0002270833 +0.0011067197 +0.0489931906 +0.0004877343 +0.0119157221 +0.0002152610 -7.8854194444 +0.0067646948 +64.0102836420 +0.1001171225 +0.1267498355 +0.9338999118 -0.6547319978
+8.6000000000 +0.1364395833 +0.0008307715 +0.0000645833 +0.0010749768 +0.0462230131 +0.0004636844 +0.0107366951 +0.0001989161 -7.6755027778 +0.0072004308 +60.9871910494 +0.1034098976 +0.1155652460 +1.0094447496 -0.6750696112
+8.8000000000 +0.1337756944 +0.0008014050 +0.0008729167 +0.0010438531 +0.0435859375 +0.0004389078 +0.0096053372 +0.0001832566 -7.4834666667 +0.0075395635 +58.2760740741 +0.1059988198 +0.1050954589 +1.0570354601 -0.6853828697
+9.0000000000 +0.1316173611 +0.0007734209 -0.0003479167 +0.0010155073 +0.0412503279 +0.0004145656 +0.0085761739 +0.0001647334 -7.2646777778 +0.0078903500 +55.2658481481 +0.1081363918 +0.0957087927 +1.1068021925 -0.6800318446
+9.2000000000 +0.1297590278 +0.0007473125 -0.0012493056 +0.0009896323 +0.0391764468 +0.0003946919 +0.0077660614 +0.0001548417 -7.0436777778 +0.0082131570 +52.3116345679 +0.1097942349 +0.0874136405 +1.1476437324 -0.6866675033
+9.4000000000 +0.1285604167 +0.0007233334 -0.0009965278 +0.0009676678 +0.0374562307 +0.0003746054 +0.0070161383 +0.0001414923 -6.8016277778 +0.0084744127 +49.1347672839 +0.1102609209 +0.0801515105 +1.1703776237 -0.6669736874
+9.6000000000 +0.1273208333 +0.0007050587 -0.0004833333 +0.0009499299 +0.0360949074 +0.0003596538 +0.0064768754 +0.0001302271 -6.5696000000 +0.0087575051 +46.2274000000 +0.1109549942 +0.0745661730 +1.1983421250 -0.6571141486
+9.8000000000 +0.1266736111 +0.0006843555 -0.0002361111 +0.0009324677 +0.0347798997 +0.0003455007 +0.0059844699 +0.0001241702 -6.3299777778 +0.0089368573 +43.2633154321 +0.1103252847 +0.0688176586 +1.1975123234 -0.6491029935
+10.0000000000 +0.1253090278 +0.0006623985 +0.0000368056 +0.0009117733 +0.0332532215 +0.0003251632 +0.0053350210 +0.0001091536 -6.0971333333 +0.0090583452 +40.4571796296 +0.1090686866 +0.0631831284 +1.1815721083 -0.6082273054
+10.2000000000 +0.1236513889 +0.0006412786 +0.0003930556 +0.0008907727 +0.0317391975 +0.0003100367 +0.0048522863 +0.0001017565 -5.8704194444 +0.0091061495 +37.7787027778 +0.1072291918 +0.0580571702 +1.1477087627 -0.6055849116
+10.4000000000 +0.1238812500 +0.0006257161 +0.0004631944 +0.0008804427 +0.0310073881 +0.0002976165 +0.0045044814 +0.0000935245 -5.6434416667 +0.0091519812 +35.1987842593 +0.1050762027 +0.0542105447 +1.1151314248 -0.5616840307
+10.6000000000 +0.1229743056 +0.0006103235 +0.0002881944 +0.0008663485 +0.0300224730 +0.0002831109 +0.0041074205 +0.0000831911 -5.4108805556 +0.0091332332 +32.6142663580 +0.1024163695 +0.0506030711 +1.0690545299 -0.5189902345
+10.8000000000 +0.1220520833 +0.0005931407 +0.0002631944 +0.0008510182 +0.0289693480 +0.0002693928 +0.0037421228 +0.0000766494 -5.2103527778 +0.0090611233 +30.4319342593 +0.0988037986 +0.0469087898 +1.0136290711 -0.4863440026
+11.0000000000 +0.1215027778 +0.0005799048 +0.0004125000 +0.0008398562 +0.0282145062 +0.0002607322 +0.0035153088 +0.0000747858 -5.0175583333 +0.0089711085 +28.3951231482 +0.0955420005 +0.0440233565 +0.9577878902 -0.4719644437
+11.2000000000 +0.1211569444 +0.0005675979 +0.0013944444 +0.0008301168 +0.0275657022 +0.0002520162 +0.0033003536 +0.0000709065 -4.8320305556 +0.0088756510 +26.4996064815 +0.0922359767 +0.0414215260 +0.9043298701 -0.4477750970
+11.4000000000 +0.1203687500 +0.0005568891 +0.0006131944 +0.0008199585 +0.0268936535 +0.0002439112 +0.0031029761 +0.0000669507 -4.6717250000 +0.0087246600 +24.8698021605 +0.0885583935 +0.0391737397 +0.8434314917 -0.4300709014
+11.6000000000 +0.1198187500 +0.0005438304 +0.0002020833 +0.0008091130 +0.0261865934 +0.0002320745 +0.0028400808 +0.0000596294 -4.4932444444 +0.0086466106 +23.1798006173 +0.0854139034 +0.0367139809 +0.8000890255 -0.3805477416
+11.8000000000 +0.1188944444 +0.0005317203 -0.0003069444 +0.0007975721 +0.0254449460 +0.0002237942 +0.0026507999 +0.0000573940 -4.3346250000 +0.0083927555 +21.6065077161 +0.0806771800 +0.0345022080 +0.7284632125 -0.3647484724
+12.0000000000 +0.1191201389 +0.0005270937 -0.0011826389 +0.0007953195 +0.0253027199 +0.0002209407 +0.0025928192 +0.0000570770 -4.1982000000 +0.0082366523 +20.3385808642 +0.0772712729 +0.0333393373 +0.6784244061 -0.3499465223
