# T, am1a, am1e, m1a, m1e, m2a, m2e, m4a, m4e, e1a, e1e, e2a, e2e, susc, spec, bind
+2.0000000000 +0.4851570312 +0.0024973605 +0.0252304687 +0.0034792713 +0.4848497314 +0.0024959286 +0.4842656367 +0.0024934742 -11.9947156250 +0.0001835392 +143.8745503906 +0.0043557509 +7.9831163672 +0.0215594561 +0.3133299915
+2.2000000000 +0.4846585937 +0.0024956071 +0.0249648438 +0.0034763231 +0.4840161377 +0.0024926270 +0.4827991863 +0.0024875564 -11.9890875000 +0.0002660685 +143.7410507813 +0.0063088663 +7.2471908422 +0.0374439483 +0.3130492671
+2.4000000000 +0.4837523437 +0.0024922047 +0.0244992187 +0.0034708050 +0.4824596924 +0.0024862658 +0.4800280545 +0.0024763071 -11.9788062500 +0.0003755479 +143.4974406250 +0.0088933421 +6.6251563280 +0.0626827773 +0.3125782107
+2.6000000000 +0.4834914062 +0.0024867546 +0.0250765625 +0.0034658803 +0.4811218872 +0.0024759807 +0.4766974867 +0.0024581701 -11.9622500000 +0.0005086924 +143.1057757813 +0.0120228676 +6.0888110102 +0.0979949704 +0.3135460966
+2.8000000000 +0.4828210937 +0.0024786219 +0.0236351563 +0.0034579627 +0.4788588745 +0.0024607830 +0.4715239398 +0.0024317183 -11.9382484375 +0.0006590737 +142.5391508789 +0.0155397487 +5.6169752215 +0.1418377423 +0.3145632090
+3.0000000000 +0.4786101562 +0.0024674495 +0.0204664062 +0.0034357717 +0.4725999634 +0.0024405979 +0.4616114577 +0.0023975638 -11.9058218750 +0.0008258343 +141.7758746094 +0.0194062529 +5.1953553432 +0.1939917522 +0.3110813246
+3.2000000000 +0.4775882813 +0.0024505491 +0.0216007812 +0.0034199109 +0.4682982056 +0.0024101156 +0.4516494892 +0.0023471178 -11.8580578125 +0.0010365462 +140.6565122070 +0.0242382559 +4.8041527836 +0.2686070152 +0.3135083148
+3.4000000000 +0.4734484375 +0.0024274401 +0.0208515625 +0.0033890163 +0.4598520386 +0.0023694926 +0.4360437060 +0.0022816234 -11.7918843750 +0.0012869499 +139.1147867187 +0.0298943071 +4.4366798231 +0.3667798222 +0.3126585492
+3.6000000000 +0.4644140625 +0.0023968735 +0.0215671875 +0.0033354737 +0.4454805298 +0.0023182359 +0.4134216179 +0.0022028549 -11.7094203125 +0.0015503218 +137.2066639648 +0.0357298161 +4.0853352593 +0.4747649879 +0.3055923884
+3.8000000000 +0.4545843750 +0.0023562926 +0.0227242188 +0.0032719075 +0.4287315430 +0.0022536194 +0.3869627590 +0.0021093112 -11.6035156250 +0.0018615831 +134.7801945313 +0.0424715283 +3.7403720248 +0.6143808161 +0.2982586917
+4.0000000000 +0.4426152344 +0.0022981723 +0.0246660156 +0.0031881173 +0.4071720764 +0.0021666630 +0.3535662406 +0.0019900729 -11.4658843750 +0.0022202371 +131.6636826172 +0.0500130048 +3.3802212914 +0.7887124653 +0.2891244741
+4.2000000000 +0.4243652344 +0.0022207627 +0.0302011719 +0.0030677566 +0.3773573303 +0.0020574284 +0.3117190213 +0.0018476801 -11.2915296875 +0.0026001962 +127.7690834961 +0.0577307219 +3.0060415722 +0.9811911561 +0.2703132373
+4.4000000000 +0.4011238281 +0.0021225048 +0.0336566406 +0.0029153414 +0.3411013855 +0.0019243986 +0.2644825606 +0.0016784404 -11.0860281250 +0.0029281831 +123.2429898437 +0.0640469275 +2.6211063274 +1.1337859685 +0.2422798801
+4.6000000000 +0.3708398438 +0.0020065867 +0.0333585937 +0.0027270176 +0.2985777954 +0.0017723765 +0.2148014435 +0.0014903552 -10.8550531250 +0.0031683716 +118.2337214844 +0.0682329440 +2.2407736445 +1.2144972032 +0.1968421161
+4.8000000000 +0.3363636719 +0.0018773273 +0.0344707031 +0.0025145905 +0.2541148376 +0.0016074082 +0.1679247940 +0.0012937340 -10.6174000000 +0.0033045920 +113.1659958984 +0.0700082015 +1.8796575719 +1.2133698290 +0.1331708223
+5.0000000000 +0.2986746094 +0.0017354021 +0.0332464844 +0.0022834514 +0.2096713440 +0.0014296349 +0.1257163147 +0.0010877472 -10.3808093750 +0.0033210159 +108.2023691406 +0.0691379117 +1.5419497179 +1.1293846030 +0.0467820132
+5.2000000000 +0.2616847656 +0.0015901458 +0.0285785156 +0.0020542927 +0.1696214661 +0.0012541421 +0.0916863424 +0.0008971083 -10.1633750000 +0.0032668285 +103.7210781250 +0.0667991877 +1.2448313785 +1.0103828033 -0.0622378399
+5.4000000000 +0.2303964844 +0.0014523617 +0.0227542969 +0.0018502632 +0.1374567200 +0.0010914971 +0.0665489854 +0.0007300453 -9.9718390625 +0.0031756613 +99.8409672852 +0.0637993918 +0.9999902810 +0.8853618584 -0.1740544281
+5.6000000000 +0.2055605469 +0.0013334500 +0.0194027344 +0.0016807902 +0.1133786926 +0.0009556030 +0.0493818094 +0.0005977390 -9.8054468750 +0.0030909981 +96.5289591797 +0.0610310527 +0.8128406194 +0.7799403291 -0.2805096477
+5.8000000000 +0.1859496094 +0.0012276356 +0.0186167969 +0.0015371584 +0.0948608215 +0.0008375974 +0.0370613529 +0.0004871672 -9.6541921875 +0.0030419915 +93.5735752930 +0.0589974466 +0.6651979510 +0.7042064205 -0.3728599985
+6.0000000000 +0.1722992188 +0.0011441346 +0.0162242188 +0.0014299087 +0.0820487793 +0.0007458627 +0.0289844503 +0.0004027102 -9.5217312500 +0.0030171928 +91.0275041016 +0.0575314026 +0.5585254242 +0.6473566299 -0.4351575012
+6.2000000000 +0.1595015625 +0.0010668417 +0.0142773437 +0.0013300654 +0.0709667969 +0.0006637420 +0.0226584214 +0.0003329422 -9.3968921875 +0.0030231009 +88.6671483398 +0.0566516094 +0.4699463064 +0.6086419252 -0.4996778873
+6.4000000000 +0.1497937500 +0.0010068742 +0.0130398438 +0.0012531954 +0.0629899902 +0.0006045499 +0.0185869639 +0.0002882413 -9.2742906250 +0.0031016715 +86.3972812500 +0.0571698682 +0.4055182270 +0.6012728954 -0.5615076602
+6.6000000000 +0.1413996094 +0.0009509081 +0.0125355469 +0.0011832768 +0.0561628967 +0.0005496645 +0.0152395121 +0.0002463421 -9.1557859375 +0.0031911452 +84.2357524414 +0.0578107501 +0.3507301546 +0.5984739145 -0.6104632121
+6.8000000000 +0.1339312500 +0.0008995079 +0.0106187500 +0.0011201496 +0.0503021606 +0.0005016095 +0.0125947894 +0.0002137299 -9.0353921875 +0.0032953604 +82.0726879883 +0.0587105478 +0.3046078204 +0.6012124655 -0.6591909705
+7.0000000000 +0.1285039062 +0.0008560066 +0.0088687500 +0.0010693981 +0.0458231445 +0.0004608152 +0.0105937866 +0.0001864080 -8.9165250000 +0.0034395310 +79.9776330078 +0.0603384682 +0.2679761427 +0.6180766461 -0.6817451730
+7.2000000000 +0.1228800781 +0.0008152838 +0.0076878906 +0.0010201460 +0.0416870178 +0.0004246825 +0.0089520169 +0.0001624437 -8.7894359375 +0.0036021986 +77.7732174805 +0.0620518236 +0.2363333709 +0.6407819519 -0.7171094715
+7.4000000000 +0.1191656250 +0.0007825225 +0.0069375000 +0.0009829290 +0.0386941040 +0.0003964687 +0.0077847317 +0.0001444171 -8.6574781250 +0.0037777413 +75.5227806641 +0.0638546338 +0.2118370406 +0.6671768347 -0.7331366370
+7.6000000000 +0.1158343750 +0.0007511482 +0.0068757812 +0.0009478828 +0.0359865479 +0.0003703778 +0.0067822189 +0.0001284068 -8.5213187500 +0.0039883901 +73.2491634766 +0.0661315333 +0.1900542772 +0.7050307340 -0.7457022475
+7.8000000000 +0.1120269531 +0.0007182723 +0.0063457031 +0.0009103072 +0.0331866394 +0.0003431100 +0.0058103309 +0.0001136690 -8.3766062500 +0.0042434087 +70.8877929688 +0.0688467180 +0.1693259584 +0.7576706916 -0.7585432807
+8.0000000000 +0.1090601562 +0.0006912475 +0.0048625000 +0.0008801051 +0.0310070435 +0.0003212005 +0.0050882260 +0.0001004140 -8.2247140625 +0.0045266495 +68.4655436523 +0.0718409614 +0.1529034062 +0.8196222425 -0.7641049791
+8.2000000000 +0.1064332031 +0.0006658885 +0.0042785156 +0.0008521446 +0.0290643250 +0.0003013719 +0.0044777370 +0.0000896016 -8.0499531250 +0.0048312737 +65.7353935547 +0.0748689600 +0.1384296447 +0.8886598358 -0.7669198216
+8.4000000000 +0.1054882812 +0.0006455790 +0.0039757813 +0.0008334096 +0.0277986694 +0.0002861363 +0.0040477251 +0.0000807507 -7.8578203125 +0.0051833183 +62.8200116211 +0.0782165986 +0.1270163196 +0.9747587824 -0.7459899399
+8.6000000000 +0.1037406250 +0.0006215997 +0.0030109375 +0.0008094520 +0.0262175659 +0.0002691850 +0.0035857844 +0.0000727661 -7.6528531250 +0.0055398908 +59.7937765625 +0.0812878145 +0.1150172922 +1.0622958223 -0.7389143117
+8.8000000000 +0.1015089844 +0.0005943892 +0.0022035156 +0.0007815235 +0.0244360168 +0.0002504712 +0.0031065522 +0.0000648823 -7.4349125000 +0.0058838500 +56.6627115234 +0.0837117110 +0.1027777668 +1.1444525957 -0.7341895486
+9.0000000000 +0.0995425781 +0.0005706101 +0.0023996094 +0.0007570800 +0.0229325623 +0.0002361551 +0.0027566712 +0.0000596072 -7.2055484375 +0.0061818826 +53.4485551758 +0.0855812709 +0.0926139548 +1.2078039630 -0.7472641232
+9.2000000000 +0.0980718750 +0.0005532769 +0.0027828125 +0.0007391712 +0.0218627075 +0.0002255073 +0.0025121188 +0.0000551887 -6.9594968750 +0.0065204623 +50.1352539062 +0.0875509889 +0.0851799294 +1.2859411366 -0.7519069510
+9.4000000000 +0.0973863281 +0.0005357280 +0.0019683594 +0.0007238854 +0.0209642761 +0.0002130779 +0.0022555891 +0.0000497263 -6.6944296875 +0.0067766739 +46.6523211914 +0.0882995153 +0.0781629223 +1.3305078139 -0.7107202139
+9.6000000000 +0.0968851563 +0.0005156684 +0.0021210938 +0.0007074389 +0.0200232910 +0.0002017189 +0.0020285533 +0.0000459056 -6.4332921875 +0.0069617846 +43.3259061523 +0.0879727008 +0.0709103834 +1.3462901268 -0.6865307205
+9.8000000000 +0.0954328125 +0.0004951677 +0.0019710938 +0.0006875896 +0.0189150635 +0.0001888216 +0.0017839228 +0.0000404759 -6.1568546875 +0.0070842310 +39.9143127930 +0.0867235228 +0.0640499055 +1.3377447064 -0.6620313194
+10.0000000000 +0.0946332031 +0.0004770760 +0.0011417969 +0.0006719040 +0.0180595032 +0.0001769336 +0.0015783660 +0.0000357497 -5.8909171875 +0.0071214901 +36.7315301758 +0.0844796200 +0.0582659843 +1.2983199141 -0.6131504570
+10.2000000000 +0.0945656250 +0.0004565628 +0.0011484375 +0.0006572542 +0.0172806396 +0.0001626402 +0.0013566943 +0.0000293031 -5.6367015625 +0.0071143916 +33.7969872070 +0.0815412247 +0.0523167512 +1.2454180407 -0.5144018406
+10.4000000000 +0.0939644531 +0.0004447721 +0.0011238281 +0.0006469340 +0.0167422058 +0.0001552297 +0.0012441519 +0.0000270681 -5.3991953125 +0.0070698918 +31.1506448242 +0.0786854580 +0.0486946914 +1.1830383442 -0.4795402958
+10.6000000000 +0.0938976563 +0.0004319759 +0.0008437500 +0.0006379691 +0.0162808960 +0.0001463078 +0.0011213069 +0.0000236217 -5.1689640625 +0.0070013295 +28.6789340820 +0.0756407072 +0.0450664220 +1.1168356583 -0.4100893525
+10.8000000000 +0.0932671875 +0.0004214259 +0.0004015625 +0.0006285419 +0.0158027588 +0.0001403337 +0.0010374695 +0.0000221779 -4.9435906250 +0.0068574033 +26.3200474609 +0.0716472091 +0.0420977216 +1.0320763750 -0.3848038621
+11.0000000000 +0.0927425781 +0.0004118478 +0.0004292969 +0.0006201965 +0.0153859314 +0.0001351142 +0.0009669611 +0.0000215029 -4.7410250000 +0.0066587413 +24.2508714844 +0.0672740681 +0.0394748835 +0.9380778493 -0.3615705775
+11.2000000000 +0.0922386719 +0.0004044734 +0.0005722656 +0.0006134247 +0.0150519226 +0.0001312276 +0.0009153877 +0.0000200259 -4.5645687500 +0.0064736082 +22.5115919922 +0.0633521500 +0.0373940001 +0.8552572034 -0.3467900047
+11.4000000000 +0.0917625000 +0.0003953570 -0.0002359375 +0.0006056523 +0.0146726440 +0.0001250385 +0.0008406716 +0.0000177191 -4.4077718750 +0.0063076188 +21.0198951172 +0.0598837572 +0.0351005622 +0.7837203891 -0.3016324808
+11.6000000000 +0.0910601562 +0.0003860428 +0.0001851562 +0.0005969313 +0.0142531128 +0.0001193908 +0.0007733180 +0.0000164951 -4.2610718750 +0.0061627790 +19.6759273438 +0.0570009076 +0.0328891627 +0.7225654316 -0.2688709213
+11.8000000000 +0.0908406250 +0.0003836159 +0.0000023437 +0.0005945264 +0.0141384644 +0.0001180756 +0.0007575704 +0.0000157357 -4.1220765625 +0.0060069555 +18.4348557617 +0.0538677319 +0.0319264825 +0.6634142256 -0.2632730660
+12.0000000000 +0.0902183594 +0.0003760495 +0.0000480469 +0.0005872793 +0.0137958801 +0.0001128577 +0.0006998008 +0.0000149118 -3.9853843750 +0.0058490448 +17.2517416016 +0.0508690189 +0.0301681480 +0.6082013267 -0.2256158911
