# T, am1a, am1e, m1a, m1e, m2a, m2e, m4a, m4e, e1a, e1e, e2a, e2e, susc, spec, bind
+2.0000000000 +0.4570128472 +0.0024895719 -0.0150857639 +0.0033784312 +0.4567794801 +0.0024883546 +0.4563238362 +0.0024860796 -11.9954013889 +0.0001142857 +143.8901769290 +0.0027287216 +17.8501491076 +0.0188081445 +0.2709811996
+2.2000000000 +0.4522638889 +0.0024860558 -0.0180090278 +0.0033594540 +0.4517615644 +0.0024834153 +0.4507825767 +0.0024784958 -11.9900777778 +0.0001700699 +143.7631220679 +0.0040579313 +16.1816032955 +0.0344216752 +0.2637466064
+2.4000000000 +0.4483421875 +0.0024814025 -0.0240949653 +0.0033418725 +0.4473050456 +0.0024759293 +0.4452908473 +0.0024657966 -11.9807402778 +0.0002410019 +143.5404608796 +0.0057446825 +14.7776597088 +0.0580819019 +0.2581520177
+2.6000000000 +0.4415743056 +0.0024736255 -0.0302812500 +0.0033121890 +0.4397407914 +0.0024638565 +0.4361955229 +0.0024458863 -11.9662965278 +0.0003241700 +143.1964560378 +0.0077157095 +13.5555465628 +0.0895408855 +0.2480889943
+2.8000000000 +0.4336680556 +0.0024624761 -0.0359097222 +0.0032761640 +0.4306195264 +0.0024460647 +0.4247624771 +0.0024161416 -11.9446284722 +0.0004236130 +142.6813272569 +0.0100614757 +12.4740794066 +0.1318393020 +0.2364500518
+3.0000000000 +0.4259857639 +0.0024475577 -0.0394500000 +0.0032385534 +0.4210854263 +0.0024209999 +0.4117625543 +0.0023731577 -11.9129437500 +0.0005376680 +141.9297922646 +0.0127346552 +11.5018346532 +0.1850155845 +0.2259212009
+3.2000000000 +0.4153295139 +0.0024267456 -0.0446319444 +0.0031861825 +0.4080623722 +0.0023868801 +0.3944027651 +0.0023160346 -11.8709770833 +0.0006614054 +140.9375951967 +0.0156084350 +10.6003695193 +0.2460696154 +0.2104755269
+3.4000000000 +0.4075199653 +0.0024024973 -0.0383286458 +0.0031443726 +0.3969522437 +0.0023446194 +0.3774606822 +0.0022442172 -11.8146312500 +0.0008081648 +139.6116367862 +0.0189743944 +9.7784352670 +0.3254351768 +0.2015017960
+3.6000000000 +0.3928440972 +0.0023651534 -0.0355392361 +0.0030692893 +0.3780845052 +0.0022836623 +0.3515524357 +0.0021465597 -11.7412104167 +0.0009723065 +137.8938372492 +0.0226771172 +8.9503208194 +0.4201688976 +0.1802317425
+3.8000000000 +0.3828135417 +0.0023207775 -0.0380020833 +0.0030022591 +0.3619865427 +0.0022073064 +0.3259223227 +0.0020244870 -11.6448548611 +0.0011682405 +135.6572361690 +0.0270109740 +8.1640548017 +0.5444020982 +0.1708979268
+4.0000000000 +0.3726133681 +0.0022633707 -0.0495935764 +0.0029210233 +0.3437546067 +0.0021098834 +0.2962315415 +0.0018748158 -11.5232395833 +0.0013933649 +132.8627091242 +0.0318506038 +7.3768998481 +0.6989276638 +0.1643719882
+4.2000000000 +0.3603550347 +0.0021753080 -0.0584977431 +0.0028094143 +0.3191343424 +0.0019677979 +0.2567358720 +0.0016710890 -11.3520263889 +0.0016753062 +128.9807691744 +0.0376787347 +6.4895517051 +0.9164574721 +0.1597312430
+4.4000000000 +0.3583602431 +0.0020628748 -0.0639848958 +0.0027136050 +0.2986401536 +0.0017975841 +0.2184382871 +0.0014441825 -11.1212194444 +0.0020440277 +123.8486439043 +0.0450120014 +5.5707738478 +1.2430559962 +0.1835847524
+4.6000000000 +0.3429494792 +0.0019078312 -0.0588168403 +0.0025482725 +0.2632071337 +0.0015933857 +0.1708331164 +0.0012009571 -10.8478020833 +0.0023171577 +117.8895788387 +0.0499883183 +4.5576872912 +1.4615646095 +0.1780308894
+4.8000000000 +0.2986668403 +0.0016953908 -0.0365515625 +0.0022518874 +0.2041758861 +0.0013315508 +0.1126088927 +0.0009138543 -10.5357958333 +0.0023694356 +111.2275628472 +0.0500336363 +3.4492201398 +1.4035562846 +0.0995853861
+5.0000000000 +0.2523652778 +0.0014968465 -0.0207388889 +0.0019549943 +0.1533102141 +0.0010991745 +0.0718314080 +0.0006800706 -10.2780687500 +0.0022464975 +105.8405672647 +0.0464447263 +2.5811130439 +1.1627714012 -0.0187108799
+5.2000000000 +0.2048649306 +0.0013020169 -0.0130916667 +0.0016553563 +0.1097795645 +0.0008864730 +0.0434849251 +0.0004911411 -10.0678340278 +0.0021129798 +101.5398693480 +0.0428185486 +1.8778133009 +0.9510568248 -0.2027475037
+5.4000000000 +0.1708614583 +0.0011328206 -0.0084826389 +0.0014182118 +0.0805249397 +0.0007114365 +0.0267299395 +0.0003523901 -9.8912333333 +0.0020097667 +97.9980633488 +0.0399469608 +1.3688347140 +0.7978592312 -0.3740922954
+5.6000000000 +0.1465875000 +0.0009943906 -0.0067812500 +0.0012348524 +0.0610404056 +0.0005736076 +0.0168869568 +0.0002529803 -9.7401437500 +0.0019449016 +95.0217059606 +0.0379965650 +1.0170645536 +0.6947710254 -0.5107594409
+5.8000000000 +0.1303000000 +0.0008898841 -0.0054072917 +0.0011025493 +0.0486538387 +0.0004738527 +0.0113486498 +0.0001846570 -9.6074541667 +0.0019116721 +92.4493551698 +0.0367604093 +0.7864323824 +0.6257390946 -0.5980439475
+6.0000000000 +0.1186531250 +0.0008101371 -0.0039451389 +0.0010039408 +0.0403314501 +0.0004005586 +0.0080445143 +0.0001372064 -9.4818972222 +0.0019154008 +90.0531253472 +0.0362839906 +0.6300692655 +0.5870016578 -0.6485073839
+6.2000000000 +0.1103182292 +0.0007491312 -0.0027067708 +0.0009301973 +0.0346180109 +0.0003481109 +0.0060456560 +0.0001063346 -9.3674034722 +0.0019504009 +87.9004103588 +0.0364447910 +0.5213705635 +0.5700157863 -0.6815816257
+6.4000000000 +0.1029411458 +0.0006956524 -0.0018067708 +0.0008653165 +0.0299541679 +0.0003050487 +0.0046194412 +0.0000839446 -9.2529562500 +0.0019990398 +85.7770457755 +0.0368496610 +0.4355389883 +0.5619600389 -0.7161437749
+6.6000000000 +0.0975506944 +0.0006552928 -0.0015645833 +0.0008168543 +0.0266924865 +0.0002746102 +0.0037289192 +0.0000697090 -9.1418465278 +0.0020655892 +83.7440242863 +0.0375810596 +0.3747566948 +0.5641862771 -0.7445509250
+6.8000000000 +0.0928147569 +0.0006188265 -0.0007380208 +0.0007734967 +0.0239324279 +0.0002489972 +0.0030527459 +0.0000596817 -9.0259020833 +0.0021651696 +81.6544267940 +0.0388153158 +0.3243779745 +0.5839672611 -0.7766254823
+7.0000000000 +0.0885119792 +0.0005847155 -0.0007835069 +0.0007333049 +0.0215100586 +0.0002248196 +0.0024844361 +0.0000497910 -8.9062375000 +0.0022615493 +79.5256506173 +0.0399558229 +0.2813284417 +0.6012270687 -0.7898778104
+7.2000000000 +0.0847217014 +0.0005549036 -0.0010050347 +0.0006980952 +0.0194944866 +0.0002044291 +0.0020516857 +0.0000413289 -8.7847263889 +0.0023726291 +77.3965924769 +0.0412756848 +0.2463343991 +0.6254854145 -0.7995585035
+7.4000000000 +0.0817555556 +0.0005287870 -0.0005031250 +0.0006683626 +0.0178685981 +0.0001875927 +0.0017269277 +0.0000348919 -8.6554069444 +0.0025010271 +75.1662748457 +0.0428053903 +0.2176468001 +0.6579544911 -0.8029012793
+7.6000000000 +0.0796779514 +0.0005068082 -0.0003623264 +0.0006446438 +0.0166227563 +0.0001736296 +0.0014822061 +0.0000304227 -8.5202708333 +0.0026374366 +72.8732579475 +0.0443927369 +0.1946686809 +0.6936802958 -0.7880565646
+7.8000000000 +0.0774373264 +0.0004859432 -0.0001421875 +0.0006213323 +0.0154421718 +0.0001611198 +0.0012768444 +0.0000264386 -8.3719465278 +0.0028295618 +70.4097454668 +0.0466515901 +0.1743809042 +0.7580042671 -0.7848427943
+8.0000000000 +0.0754850694 +0.0004655432 +0.0000812500 +0.0005993164 +0.0143672140 +0.0001498337 +0.0011044228 +0.0000231789 -8.2115069444 +0.0030441534 +67.7995211034 +0.0491088210 +0.1560459297 +0.8340183107 -0.7834831022
+8.2000000000 +0.0736677083 +0.0004482277 +0.0000423611 +0.0005801562 +0.0134632523 +0.0001411556 +0.0009782556 +0.0000213268 -8.0376680556 +0.0032581327 +65.0287249228 +0.0513336428 +0.1411256382 +0.9093526148 -0.7989998823
+8.4000000000 +0.0724697917 +0.0004320603 +0.0003430556 +0.0005638882 +0.0127189140 +0.0001325015 +0.0008640365 +0.0000193325 -7.8498944444 +0.0035104803 +62.1137816744 +0.0538651760 +0.1280064559 +1.0059977254 -0.7803721294
+8.6000000000 +0.0717793403 +0.0004178018 +0.0000456597 +0.0005507859 +0.0121346077 +0.0001256891 +0.0007791590 +0.0000171492 -7.6396611111 +0.0038056708 +58.9437471065 +0.0567139574 +0.1169134995 +1.1279452514 -0.7638163062
+8.8000000000 +0.0700282986 +0.0004009392 +0.0003897569 +0.0005323040 +0.0113340531 +0.0001174964 +0.0006806770 +0.0000149582 -7.4078923611 +0.0041054653 +55.5510630594 +0.0593413401 +0.1052196626 +1.2536662046 -0.7662384748
+9.0000000000 +0.0687237847 +0.0003820514 +0.0006046875 +0.0005138366 +0.0105614885 +0.0001092858 +0.0005892806 +0.0000132813 -7.1450590278 +0.0044293184 +51.8366229745 +0.0617094250 +0.0934164782 +1.3951190473 -0.7609645421
+9.2000000000 +0.0680418403 +0.0003645889 +0.0003793403 +0.0004986620 +0.0099466954 +0.0001012288 +0.0005088272 +0.0000115957 -6.8560493056 +0.0047227811 +47.8975985147 +0.0634167818 +0.0832226609 +1.5178975255 -0.7143182708
+9.4000000000 +0.0670237847 +0.0003460722 +0.0003675347 +0.0004817336 +0.0092828258 +0.0000923414 +0.0004272479 +0.0000099569 -6.5474465278 +0.0049309617 +43.8416313850 +0.0637103663 +0.0733884977 +1.5850028354 -0.6527160149
+9.6000000000 +0.0663706597 +0.0003306232 -0.0000217014 +0.0004684424 +0.0087775330 +0.0000854436 +0.0003690693 +0.0000084678 -6.2395659722 +0.0050856389 +39.9667324267 +0.0632840843 +0.0655870284 +1.6164826640 -0.5967677651
+9.8000000000 +0.0660286458 +0.0003179512 -0.0003432292 +0.0004583498 +0.0084035000 +0.0000799995 +0.0003266154 +0.0000076171 -5.9218666667 +0.0050888440 +36.1043581404 +0.0608346490 +0.0594178954 +1.5531328453 -0.5416825791
+10.0000000000 +0.0654843750 +0.0003028846 -0.0001809028 +0.0004460307 +0.0079577667 +0.0000734278 +0.0002789919 +0.0000066216 -5.6211201389 +0.0049997840 +32.5969052276 +0.0574133094 +0.0528417118 +1.4398756010 -0.4685472088
+10.2000000000 +0.0649557292 +0.0002908375 +0.0002175347 +0.0004359661 +0.0076027042 +0.0000673965 +0.0002394924 +0.0000052632 -5.3440784722 +0.0048237336 +29.4899109375 +0.0531812607 +0.0477664586 +1.2882162218 -0.3811292834
+10.4000000000 +0.0643163194 +0.0002801108 +0.0002427083 +0.0004264684 +0.0072750723 +0.0000630793 +0.0002120865 +0.0000046536 -5.0996006944 +0.0046533777 +26.8720842014 +0.0492861612 +0.0434559239 +1.1531675484 -0.3357255135
+10.6000000000 +0.0640729167 +0.0002727484 +0.0003392361 +0.0004207402 +0.0070810065 +0.0000599825 +0.0001940567 +0.0000043065 -4.8864437500 +0.0044799508 +24.6801308835 +0.0456301133 +0.0404241665 +1.0288622647 -0.2900823715
+10.8000000000 +0.0637855903 +0.0002659941 +0.0004508681 +0.0004152864 +0.0068987160 +0.0000568768 +0.0001769911 +0.0000036296 -4.6894333333 +0.0042951835 +22.7287290509 +0.0419373710 +0.0377348597 +0.9110420533 -0.2396344432
+11.0000000000 +0.0633909722 +0.0002589007 +0.0003204861 +0.0004092522 +0.0066995973 +0.0000535626 +0.0001596425 +0.0000031426 -4.5219444444 +0.0041595967 +21.1400713349 +0.0393168311 +0.0350991093 +0.8236440312 -0.1855772354
+11.2000000000 +0.0623642361 +0.0002531194 +0.0002336806 +0.0004016224 +0.0064520761 +0.0000512317 +0.0001466168 +0.0000028271 -4.3694111111 +0.0039968789 +19.7307550926 +0.0364221877 +0.0329500048 +0.7335477949 -0.1739879754
+11.4000000000 +0.0620635417 +0.0002497491 +0.0000913194 +0.0003983359 +0.0063468678 +0.0000502625 +0.0001413355 +0.0000030457 -4.2310069444 +0.0038617888 +18.4979562886 +0.0339770296 +0.0315155945 +0.6609822988 -0.1695294308
+11.6000000000 +0.0616421875 +0.0002455988 -0.0001602431 +0.0003940966 +0.0062125109 +0.0000482500 +0.0001317179 +0.0000026393 -4.0988500000 +0.0037772566 +17.3712780093 +0.0321268493 +0.0299513988 +0.6107443735 -0.1375992943
+11.8000000000 +0.0617392361 +0.0002435962 -0.0005579861 +0.0003932234 +0.0061852985 +0.0000476033 +0.0001289009 +0.0000027485 -3.9870368056 +0.0036942299 +16.4423558835 +0.0305601794 +0.0289655419 +0.5645550763 -0.1230870995
+12.0000000000 +0.0609439236 +0.0002398401 -0.0012175347 +0.0003877374 +0.0060150933 +0.0000457657 +0.0001199613 +0.0000023604 -3.8802020833 +0.0036131368 +15.5781585069 +0.0289725361 +0.0276111779 +0.5221902994 -0.1051855470
