# T, am1a, am1e, m1a, m1e, m2a, m2e, m4a, m4e, e1a, e1e, e2a, e2e, susc, spec, bind
+2.0000000000 +0.4900166667 +0.0024976958 -0.0677250000 +0.0034823449 +0.4896557099 +0.0024961613 +0.4889955623 +0.0024938563 -11.9941333333 +0.0002566475 +143.8618691358 +0.0060413103 +4.4917087728 +0.0237124622 +0.3201673525
+2.2000000000 +0.4901513889 +0.0024956528 -0.0673569444 +0.0034815325 +0.4893797068 +0.0024924161 +0.4879780266 +0.0024876425 -11.9873166667 +0.0003814648 +143.7015814815 +0.0089681717 +4.0766943724 +0.0432938271 +0.3208165434
+2.4000000000 +0.4897458333 +0.0024919842 -0.0652541667 +0.0034784777 +0.4882503858 +0.0024857731 +0.4855511586 +0.0024767129 -11.9756833333 +0.0005322340 +143.4283222222 +0.0124952387 +3.7259910680 +0.0708182622 +0.3210644496
+2.6000000000 +0.4894937500 +0.0024865416 -0.0647326389 +0.0034739365 +0.4869196952 +0.0024759858 +0.4823110175 +0.0024607179 -11.9580333333 +0.0007059148 +143.0144938272 +0.0165332292 +3.4243693467 +0.1061500796 +0.3219039025
+2.8000000000 +0.4882312500 +0.0024779649 -0.0613159722 +0.0034649044 +0.4839821566 +0.0024609031 +0.4764804811 +0.0024368479 -11.9320833333 +0.0009114284 +142.4078407408 +0.0212812695 +3.1578737549 +0.1525778593 +0.3219446314
+3.0000000000 +0.4868736111 +0.0024660192 -0.0567402778 +0.0034535362 +0.4802959491 +0.0024401556 +0.4688585778 +0.0024045786 -11.8949666667 +0.0011494507 +141.5430814815 +0.0267189133 +2.9190004305 +0.2113979215 +0.3225101959
+3.2000000000 +0.4841791667 +0.0024500026 -0.0514152778 +0.0034346996 +0.4745299769 +0.0024132004 +0.4581201461 +0.0023638991 -11.8472722222 +0.0014024573 +140.4365345679 +0.0324451524 +2.7011307534 +0.2765934157 +0.3218420921
+3.4000000000 +0.4812243056 +0.0024275237 -0.0443951389 +0.0034107212 +0.4672916860 +0.0023765019 +0.4442719706 +0.0023104589 -11.7830666667 +0.0017003526 +138.9563080247 +0.0390813260 +2.4958043333 +0.3601493364 +0.3218097354
+3.6000000000 +0.4768652778 +0.0023980713 -0.0341805556 +0.0033773585 +0.4574303241 +0.0023306020 +0.4265107342 +0.0022457384 -11.6997222222 +0.0020445421 +137.0507061729 +0.0465805097 +2.3002983092 +0.4644613769 +0.3205479584
+3.8000000000 +0.4701541667 +0.0023622316 -0.0286236111 +0.0033295313 +0.4442504630 +0.0022768945 +0.4047284099 +0.0021723064 -11.5973972222 +0.0024095531 +134.7318601852 +0.0543493856 +2.1145786345 +0.5789863425 +0.3164242339
+4.0000000000 +0.4602048611 +0.0023164935 -0.0213520833 +0.0032633506 +0.4264342014 +0.0022115184 +0.3774786712 +0.0020858136 -11.4723166667 +0.0028147086 +131.9309530864 +0.0627640259 +1.9318111848 +0.7130326188 +0.3080621236
+4.2000000000 +0.4456833333 +0.0022607539 -0.0123222222 +0.0031738073 +0.4030739583 +0.0021346081 +0.3447306837 +0.0019854161 -11.3185527778 +0.0032167400 +128.5235336420 +0.0708832784 +1.7523456405 +0.8446870584 +0.2927235376
+4.4000000000 +0.4276159722 +0.0021945185 -0.0079618056 +0.0030636110 +0.3754918789 +0.0020472329 +0.3086406512 +0.0018751969 -11.1429555556 +0.0036080269 +124.6861728395 +0.0785061859 +1.5761164840 +0.9682704417 +0.2703228021
+4.6000000000 +0.4058361111 +0.0021173470 -0.0028000000 +0.0029326671 +0.3440292824 +0.0019471067 +0.2700051325 +0.0017494697 -10.9446611111 +0.0039158528 +120.3989629630 +0.0841627024 +1.4034234782 +1.0435170384 +0.2395687676
+4.8000000000 +0.3788083333 +0.0020283102 +0.0009791667 +0.0027751418 +0.3080574460 +0.0018331279 +0.2293137024 +0.0016081993 -10.7284916667 +0.0041662043 +115.7948237655 +0.0883186240 +1.2342126944 +1.0848286308 +0.1945374908
+5.0000000000 +0.3497402778 +0.0019331422 +0.0028430556 +0.0026066824 +0.2717998071 +0.0017113307 +0.1910212494 +0.0014588125 -10.5150611111 +0.0043147778 +111.3112024692 +0.0901771305 +1.0762671254 +1.0723569102 +0.1380895661
+5.2000000000 +0.3200979167 +0.0018288864 +0.0022215278 +0.0024302816 +0.2362556906 +0.0015787889 +0.1555197285 +0.0012982895 -10.3015333333 +0.0043663906 +106.8842037037 +0.0898794285 +0.9262593300 +1.0153154103 +0.0712481777
+5.4000000000 +0.2956861111 +0.0017316677 +0.0007777778 +0.0022769310 +0.2073771991 +0.0014573367 +0.1279585129 +0.0011571640 -10.1104888889 +0.0043685806 +102.9853654321 +0.0886061104 +0.7996461518 +0.9424442713 +0.0081958510
+5.6000000000 +0.2715569444 +0.0016345862 -0.0001736111 +0.0021249590 +0.1806180556 +0.0013375895 +0.1041887056 +0.0010230389 -9.9307250000 +0.0043325838 +99.3701503086 +0.0865383895 +0.6870528095 +0.8619466259 -0.0645769602
+5.8000000000 +0.2507402778 +0.0015440243 +0.0001986111 +0.0019889136 +0.1582311343 +0.0012268215 +0.0852407287 +0.0009009643 -9.7691694444 +0.0043072245 +96.1787589506 +0.0845706898 +0.5918924319 +0.7941481388 -0.1348592880
+6.0000000000 +0.2333881944 +0.0014596749 +0.0012312500 +0.0018687868 +0.1396960841 +0.0011266115 +0.0702851366 +0.0007954410 -9.6135583333 +0.0042940066 +93.1580435185 +0.0828065923 +0.5113562088 +0.7375396901 -0.2005320921
+6.2000000000 +0.2179944444 +0.0013811747 +0.0012930556 +0.0017594434 +0.1238273148 +0.0010352520 +0.0582030707 +0.0007018913 -9.4716500000 +0.0043134032 +90.4563716049 +0.0815601182 +0.4430655697 +0.6969782458 -0.2652948269
+6.4000000000 +0.2037618056 +0.0013079287 +0.0022354167 +0.0016578674 +0.1099459684 +0.0009510418 +0.0482673384 +0.0006177670 -9.3349888889 +0.0043446852 +87.8970691358 +0.0806533320 +0.3849024092 +0.6636195528 -0.3309859732
+6.6000000000 +0.1930312500 +0.0012458615 +0.0010215278 +0.0015759668 +0.0993478974 +0.0008805417 +0.0408841517 +0.0005486897 -9.2044694444 +0.0044330269 +85.5083268518 +0.0805509079 +0.3386554576 +0.6496438828 -0.3807542113
+6.8000000000 +0.1828145833 +0.0011860590 +0.0016881944 +0.0014973957 +0.0896906057 +0.0008149460 +0.0346098830 +0.0004869025 -9.0770305556 +0.0045458414 +83.2190706790 +0.0810235424 +0.2978970026 +0.6435365703 -0.4341182520
+7.0000000000 +0.1738256944 +0.0011285451 +0.0011923611 +0.0014244167 +0.0811599344 +0.0007530909 +0.0292727695 +0.0004315061 -8.9450277778 +0.0047035898 +80.8984722222 +0.0820578225 +0.2620006064 +0.6501675504 -0.4813551209
+7.2000000000 +0.1670277778 +0.0010814922 +0.0001180556 +0.0013664121 +0.0746832948 +0.0007028226 +0.0253359798 +0.0003888211 -8.8138916667 +0.0049055802 +78.6472750000 +0.0837365359 +0.2339250810 +0.6684643668 -0.5141521273
+7.4000000000 +0.1611076389 +0.0010412594 +0.0005937500 +0.0013164741 +0.0693245177 +0.0006623315 +0.0223532116 +0.0003541853 -8.6880333333 +0.0051270169 +76.5333753086 +0.0857618506 +0.2109835773 +0.6912395155 -0.5504042869
+7.6000000000 +0.1555340278 +0.0009987420 +0.0007395833 +0.0012657973 +0.0640902585 +0.0006179663 +0.0193828546 +0.0003145426 -8.5371361111 +0.0054086263 +74.0528225309 +0.0881199978 +0.1889972749 +0.7293051220 -0.5729410176
+7.8000000000 +0.1508145833 +0.0009593991 +0.0009006944 +0.0012202673 +0.0595629051 +0.0005792291 +0.0169679942 +0.0002816470 -8.3865361111 +0.0057018624 +71.6344373457 +0.0906243321 +0.1699286148 +0.7694966880 -0.5942539813
+8.0000000000 +0.1474583333 +0.0009265245 -0.0001277778 +0.0011840803 +0.0560818673 +0.0005495368 +0.0152248051 +0.0002620858 -8.2239805556 +0.0060555906 +69.1006632716 +0.0940710974 +0.1545205825 +0.8250789901 -0.6135616214
+8.2000000000 +0.1447784722 +0.0008969440 -0.0001076389 +0.0011526180 +0.0531411458 +0.0005216534 +0.0137088741 +0.0002397553 -8.0523222222 +0.0063981154 +66.4773283951 +0.0970629419 +0.1412795406 +0.8766756110 -0.6181497302
+8.4000000000 +0.1419972222 +0.0008681992 -0.0004652778 +0.0011215368 +0.0503140046 +0.0004967053 +0.0124001435 +0.0002227423 -7.8685277778 +0.0067622687 +63.7428604938 +0.0998611665 +0.1292176865 +0.9332301552 -0.6327800527
+8.6000000000 +0.1383145833 +0.0008357280 +0.0006590278 +0.0010847597 +0.0470685764 +0.0004676927 +0.0109649081 +0.0002008338 -7.6861333333 +0.0071360815 +61.1135919753 +0.1028415097 +0.1169483125 +0.9914828133 -0.6497632119
+8.8000000000 +0.1370034722 +0.0008084308 +0.0008187500 +0.0010596190 +0.0449123650 +0.0004422341 +0.0098399599 +0.0001836075 -7.4808666667 +0.0075218549 +58.2264981481 +0.1057232688 +0.1069462373 +1.0520758561 -0.6260737009
+9.0000000000 +0.1349388889 +0.0007850667 +0.0006291667 +0.0010351485 +0.0428616898 +0.0004226032 +0.0089808625 +0.0001694287 -7.2782972222 +0.0078119681 +55.4146842593 +0.1074153693 +0.0986127443 +1.0849216908 -0.6295144444
+9.2000000000 +0.1323298611 +0.0007565553 -0.0006659722 +0.0010050595 +0.0404062307 +0.0003983090 +0.0079786671 +0.0001539784 -7.0470694444 +0.0081622147 +52.3260577160 +0.1090667237 +0.0895892814 +1.1334513068 -0.6289674654
+9.4000000000 +0.1305138889 +0.0007304618 -0.0004972222 +0.0009794974 +0.0383768519 +0.0003776820 +0.0071785319 +0.0001397874 -6.8127833333 +0.0084816249 +49.2915351852 +0.1103869299 +0.0817390595 +1.1723705724 -0.6247093785
+9.6000000000 +0.1288111111 +0.0007044005 -0.0000805556 +0.0009544566 +0.0364395062 +0.0003561563 +0.0064017300 +0.0001261703 -6.5601027778 +0.0087648586 +46.1078583333 +0.1111015019 +0.0744270144 +1.2003554212 -0.6070564478
+9.8000000000 +0.1269618056 +0.0006824409 -0.0003729167 +0.0009320432 +0.0347483218 +0.0003392130 +0.0058100653 +0.0001162310 -6.3235888889 +0.0089339588 +43.1804012346 +0.1104908765 +0.0684331409 +1.1967356597 -0.6039546671
+10.0000000000 +0.1263569444 +0.0006650228 -0.0002194444 +0.0009172819 +0.0336562886 +0.0003253441 +0.0053666962 +0.0001071455 -6.0905166667 +0.0090942772 +40.4026283951 +0.1096361657 +0.0636847602 +1.1909646461 -0.5792588099
+10.2000000000 +0.1259881944 +0.0006460720 +0.0003062500 +0.0009023482 +0.0325693866 +0.0003114022 +0.0049396172 +0.0001023864 -5.8570416667 +0.0091488593 +37.6530021605 +0.1073932110 +0.0589283345 +1.1585000261 -0.5522186020
+10.4000000000 +0.1248875000 +0.0006256144 -0.0004083333 +0.0008839182 +0.0312526235 +0.0002985275 +0.0045414742 +0.0000973633 -5.6364138889 +0.0091665790 +35.1302083333 +0.1049725445 +0.0541929316 +1.1186916146 -0.5498962804
+10.6000000000 +0.1240326389 +0.0006138573 -0.0004743056 +0.0008725924 +0.0304569252 +0.0002878595 +0.0042421484 +0.0000901772 -5.4154305556 +0.0090955777 +32.6360694444 +0.1018374186 +0.0511907422 +1.0602574611 -0.5243773495
+10.8000000000 +0.1235034722 +0.0005987005 +0.0002784722 +0.0008600977 +0.0295907986 +0.0002787071 +0.0039827213 +0.0000861495 -5.2082638889 +0.0089888493 +30.3579891975 +0.0979948239 +0.0477923032 +0.9975235991 -0.5161608794
+11.0000000000 +0.1231006944 +0.0005858383 -0.0002909722 +0.0008497346 +0.0288820409 +0.0002649825 +0.0036428011 +0.0000776050 -5.0141694444 +0.0089274712 +28.3298848765 +0.0949765814 +0.0449288507 +0.9484927911 -0.4556549718
+11.2000000000 +0.1220298611 +0.0005697952 -0.0007868056 +0.0008348253 +0.0278779514 +0.0002530037 +0.0033376152 +0.0000698167 -4.8270000000 +0.0088210169 +26.4123425926 +0.0915744246 +0.0417428498 +0.8932309418 -0.4315063926
+11.4000000000 +0.1217437500 +0.0005596233 -0.0008243056 +0.0008268614 +0.0273486690 +0.0002447221 +0.0031435068 +0.0000670903 -4.6578083333 +0.0086941093 +24.7186799383 +0.0880286856 +0.0395593526 +0.8375350327 -0.4009439385
+11.6000000000 +0.1206402778 +0.0005467050 -0.0001888889 +0.0008140868 +0.0265095293 +0.0002357840 +0.0029265188 +0.0000642236 -4.4980138889 +0.0085634196 +23.1654151235 +0.0846400998 +0.0371031291 +0.7847674081 -0.3881168481
+11.8000000000 +0.1196020833 +0.0005339901 -0.0005243056 +0.0008017200 +0.0257104745 +0.0002239383 +0.0026669627 +0.0000553380 -4.3482861111 +0.0084240445 +21.7461731482 +0.0811240179 +0.0347974054 +0.7339048950 -0.3448551099
+12.0000000000 +0.1199833333 +0.0005278835 -0.0011666667 +0.0007990788 +0.0255424383 +0.0002196311 +0.0025819293 +0.0000536187 -4.2015944444 +0.0083183371 +20.4211851852 +0.0782895078 +0.0334393140 +0.6919473274 -0.3191627821
