# T, am1a, am1e, m1a, m1e, m2a, m2e, m4a, m4e, e1a, e1e, e2a, e2e, susc, spec, bind
+2.0000000000 +0.5302257812 +0.0024934952 +0.1570554688 +0.0035537786 +0.5298401123 +0.0024918714 +0.5291074636 +0.0024891243 -11.9945687500 +0.0001866251 +143.8710726562 +0.0044283443 +7.9584234625 +0.0222905244 +0.3717493236
+2.2000000000 +0.5308328125 +0.0024910610 +0.1559312500 +0.0035555742 +0.5299988770 +0.0024875943 +0.5284238342 +0.0024817997 -11.9884656250 +0.0002743318 +143.7263183594 +0.0065042042 +7.2208116982 +0.0398058521 +0.3729369009
+2.4000000000 +0.5321164063 +0.0024867351 +0.1551054688 +0.0035582447 +0.5305019287 +0.0024800860 +0.5274653623 +0.0024690770 -11.9777812500 +0.0003840852 +143.4731445312 +0.0090953530 +6.5961082376 +0.0655650933 +0.3752608009
+2.6000000000 +0.5319390625 +0.0024808122 +0.1529984375 +0.0035557271 +0.5291363281 +0.0024693791 +0.5238985696 +0.0024506965 -11.9607781250 +0.0005167583 +143.0708949219 +0.0122149718 +6.0597455240 +0.1011272558 +0.3762783783
+2.8000000000 +0.5317906250 +0.0024716420 +0.1490375000 +0.0035529905 +0.5271618286 +0.0024530471 +0.5185972054 +0.0024231653 -11.9354203125 +0.0006739190 +142.4724247070 +0.0158847101 +5.5853842234 +0.1482993551 +0.3779561426
+3.0000000000 +0.5321625000 +0.0024577568 +0.1442156250 +0.0035497236 +0.5248196655 +0.0024289885 +0.5114350928 +0.0023839113 -11.8986593750 +0.0008612876 +141.6077675781 +0.0202220553 +5.1546184346 +0.2110055527 +0.3810592605
+3.2000000000 +0.5318933594 +0.0024389853 +0.1379785156 +0.0035419572 +0.5208565125 +0.0023966901 +0.5010564426 +0.0023319386 -11.8496937500 +0.0010526082 +140.4595613281 +0.0246203899 +4.7589193341 +0.2769959958 +0.3843566417
+3.4000000000 +0.5303152344 +0.0024141658 +0.1237683594 +0.0035321506 +0.5143621155 +0.0023551517 +0.4864379592 +0.0022676581 -11.7848000000 +0.0012739147 +138.9464253906 +0.0296230002 +4.3882892738 +0.3593874083 +0.3871301521
+3.6000000000 +0.5237375000 +0.0023842255 +0.1042898437 +0.0035028769 +0.5016822266 +0.0023050780 +0.4642204376 +0.0021912077 -11.7019500000 +0.0015174649 +137.0277417969 +0.0350141799 +4.0423334694 +0.4548542932 +0.3851834192
+3.8000000000 +0.5116761719 +0.0023450564 +0.0777644531 +0.0034486837 +0.4817840881 +0.0022425692 +0.4332805705 +0.0021007204 -11.5950281250 +0.0018208933 +134.5773033203 +0.0415414721 +3.7047845603 +0.5878165131 +0.3777813062
+4.0000000000 +0.4920273438 +0.0022952154 +0.0496937500 +0.0033553763 +0.4528114624 +0.0021659301 +0.3926883442 +0.0019934008 -11.4619218750 +0.0021544153 +131.5613132812 +0.0485246751 +3.3715288865 +0.7426408506 +0.3616013911
+4.2000000000 +0.4632769531 +0.0022319320 +0.0204972656 +0.0032150669 +0.4138863464 +0.0020728047 +0.3431626832 +0.0018666309 -11.2977515625 +0.0025086324 +127.8909198242 +0.0557039116 +3.0363552174 +0.9133041497 +0.3322458428
+4.4000000000 +0.4274703125 +0.0021485852 +0.0012015625 +0.0030306194 +0.3673875977 +0.0019569609 +0.2881614904 +0.0017152177 -11.1028296875 +0.0028566550 +123.5992461914 +0.0624722318 +2.6859160667 +1.0790714769 +0.2883512276
+4.6000000000 +0.3873222656 +0.0020383786 -0.0152800781 +0.0028106252 +0.3162180359 +0.0018110061 +0.2311835692 +0.0015322030 -10.8734812500 +0.0031497800 +118.6294390625 +0.0677723907 +2.3123408479 +1.2002860292 +0.2293406781
+4.8000000000 +0.3457000000 +0.0019129503 -0.0243687500 +0.0025753146 +0.2658836426 +0.0016493299 +0.1795056708 +0.0013367443 -10.6397890625 +0.0033131556 +113.6441913086 +0.0701672941 +1.9516687010 +1.2196667058 +0.1536038516
+5.0000000000 +0.3055015625 +0.0017738109 -0.0248382813 +0.0023375760 +0.2191874023 +0.0014749909 +0.1350670472 +0.0011346426 -10.4080671875 +0.0033641275 +108.7805567383 +0.0700912970 +1.6109593300 +1.1588970464 +0.0628761923
+5.2000000000 +0.2707386719 +0.0016355287 -0.0227832031 +0.0021200148 +0.1802975891 +0.0013051130 +0.1006400188 +0.0009470173 -10.1970062500 +0.0033281062 +104.4219880859 +0.0682279037 +1.3169004389 +1.0486428956 -0.0319760437
+5.4000000000 +0.2404531250 +0.0015047531 -0.0203812500 +0.0019233667 +0.1483889771 +0.0011504264 +0.0749585287 +0.0007856863 -10.0008703125 +0.0032561980 +100.4415200195 +0.0656204823 +1.0734372946 +0.9308378866 -0.1347403987
+5.6000000000 +0.2124988281 +0.0013781953 -0.0171925781 +0.0017380813 +0.1211326477 +0.0010048703 +0.0550636877 +0.0006424098 -9.8281109375 +0.0031812997 +96.9965913086 +0.0630068850 +0.8683073800 +0.8261769567 -0.2508971948
+5.8000000000 +0.1916667969 +0.0012694931 -0.0139988281 +0.0015890618 +0.1012006653 +0.0008833609 +0.0414546341 +0.0005293512 -9.6721656250 +0.0031127228 +93.9383496094 +0.0605624571 +0.7113324608 +0.7373350429 -0.3492272255
+6.0000000000 +0.1742695312 +0.0011733932 -0.0104156250 +0.0014606116 +0.0854439331 +0.0007766781 +0.0314298180 +0.0004316314 -9.5308000000 +0.0030763224 +91.2146990234 +0.0587831179 +0.5874566782 +0.6729784594 -0.4350206458
+6.2000000000 +0.1614593750 +0.0010951952 -0.0079742187 +0.0013599967 +0.0740472290 +0.0006935593 +0.0247239727 +0.0003612570 -9.4018734375 +0.0030820992 +88.7751975586 +0.0578772077 +0.4952577985 +0.6326300501 -0.5030705925
+6.4000000000 +0.1509003906 +0.0010285113 -0.0077457031 +0.0012749936 +0.0650843445 +0.0006253124 +0.0198765948 +0.0003064964 -9.2740453125 +0.0031115007 +86.3951739258 +0.0574264044 +0.4231341659 +0.6050897929 -0.5641113248
+6.6000000000 +0.1409660156 +0.0009650284 -0.0059605469 +0.0011946452 +0.0571226135 +0.0005619162 +0.0158929849 +0.0002592035 -9.1583453125 +0.0031814883 +84.2801635742 +0.0578050984 +0.3612237184 +0.5948572433 -0.6235590079
+6.8000000000 +0.1335828125 +0.0009131045 -0.0052906250 +0.0011310037 +0.0511947632 +0.0005116019 +0.0130903647 +0.0002206019 -9.0365171875 +0.0032816964 +82.0894241211 +0.0585813958 +0.3138860742 +0.5962370119 -0.6648665062
+7.0000000000 +0.1275078125 +0.0008689228 -0.0035859375 +0.0010775720 +0.0464593140 +0.0004712049 +0.0110398294 +0.0001930019 -8.9172390625 +0.0034135885 +79.9832559570 +0.0599299954 +0.2761240843 +0.6087881917 -0.7048867021
+7.2000000000 +0.1217250000 +0.0008276383 -0.0024585937 +0.0010272577 +0.0422163818 +0.0004350271 +0.0093521647 +0.0001690335 -8.7888406250 +0.0035840637 +77.7575400391 +0.0617224869 +0.2435502774 +0.6343463054 -0.7491573319
+7.4000000000 +0.1162703125 +0.0007858783 -0.0009687500 +0.0009775228 +0.0382229736 +0.0003980088 +0.0077974356 +0.0001451590 -8.6522750000 +0.0037762028 +75.4322509766 +0.0638029697 +0.2136578427 +0.6666335146 -0.7790231635
+7.6000000000 +0.1124937500 +0.0007520622 -0.0009507813 +0.0009391198 +0.0352787476 +0.0003698086 +0.0067149260 +0.0001277539 -8.5167640625 +0.0039971655 +73.1743633789 +0.0661660357 +0.1905170844 +0.7081366012 -0.7984305115
+7.8000000000 +0.1086964844 +0.0007202608 -0.0010714844 +0.0009022860 +0.0325659485 +0.0003444119 +0.0058053234 +0.0001128205 -8.3734812500 +0.0042748608 +70.8461656250 +0.0692489289 +0.1702648022 +0.7689439904 -0.8246421349
+8.0000000000 +0.1059292969 +0.0006930029 -0.0008722656 +0.0008722152 +0.0304311340 +0.0003226833 +0.0050910355 +0.0001002705 -8.2080937500 +0.0045694604 +68.2080017578 +0.0723452306 +0.1536809448 +0.8351987490 -0.8325194838
+8.2000000000 +0.1040785156 +0.0006669552 -0.0003480469 +0.0008459519 +0.0286255066 +0.0003037171 +0.0045091832 +0.0000915129 -8.0363062500 +0.0048583822 +65.5263732422 +0.0750507707 +0.1388735155 +0.8986604149 -0.8342995784
+8.4000000000 +0.1020156250 +0.0006404788 -0.0008757813 +0.0008187634 +0.0268157104 +0.0002835007 +0.0039339878 +0.0000805276 -7.8526656250 +0.0051800181 +62.7376609375 +0.0779418176 +0.1250173158 +0.9735179315 -0.8236149317
+8.6000000000 +0.0998957031 +0.0006163806 -0.0008011719 +0.0007933396 +0.0251761536 +0.0002666901 +0.0034787838 +0.0000729959 -7.6512312500 +0.0055215775 +59.7608523438 +0.0809969024 +0.1130939688 +1.0552841127 -0.8294790057
+8.8000000000 +0.0986914063 +0.0005938288 +0.0003210937 +0.0007720945 +0.0238453003 +0.0002514241 +0.0030971618 +0.0000659582 -7.4251062500 +0.0058811319 +56.5157113281 +0.0837622331 +0.1025840482 +1.1433954581 -0.8156705531
+9.0000000000 +0.0972164062 +0.0005715709 -0.0003007812 +0.0007503111 +0.0225187622 +0.0002371124 +0.0027559868 +0.0000594816 -7.1941375000 +0.0062363274 +53.3112855469 +0.0861570426 +0.0929260982 +1.2291722888 -0.8116189403
+9.2000000000 +0.0958968750 +0.0005503024 -0.0003867188 +0.0007298865 +0.0213095215 +0.0002221435 +0.0024280047 +0.0000530043 -6.9346281250 +0.0065769565 +49.8193214844 +0.0881535333 +0.0842665103 +1.3083207957 -0.7823003067
+9.4000000000 +0.0949777344 +0.0005287051 +0.0000769531 +0.0007106674 +0.0202019348 +0.0002075334 +0.0021309225 +0.0000463050 -6.6794984375 +0.0067845084 +46.4568815430 +0.0880802353 +0.0761270794 +1.3335859965 -0.7404456383
+9.6000000000 +0.0946875000 +0.0005133481 -0.0003851562 +0.0006983306 +0.0195067749 +0.0001990183 +0.0019648451 +0.0000431849 -6.4205671875 +0.0069845517 +43.1750415039 +0.0881356180 +0.0702736816 +1.3551100658 -0.7212189224
+9.8000000000 +0.0940632813 +0.0004945402 -0.0006898438 +0.0006824629 +0.0186307007 +0.0001872082 +0.0017489801 +0.0000390067 -6.1468734375 +0.0071037391 +39.8025774414 +0.0868434595 +0.0638876722 +1.3451224555 -0.6795975774
+10.0000000000 +0.0939164063 +0.0004777402 -0.0000625000 +0.0006698827 +0.0179497192 +0.0001781345 +0.0015914688 +0.0000366942 -5.8805968750 +0.0071714926 +36.6386318359 +0.0849329940 +0.0584283384 +1.3166158270 -0.6464993417
+10.2000000000 +0.0930796875 +0.0004626755 +0.0001492187 +0.0006562498 +0.0172265747 +0.0001674348 +0.0014181307 +0.0000314166 -5.6257437500 +0.0071728162 +33.7069644531 +0.0824843513 +0.0537270367 +1.2659572241 -0.5929316916
+10.4000000000 +0.0927394531 +0.0004464585 +0.0005910156 +0.0006436860 +0.0165736145 +0.0001577693 +0.0012703310 +0.0000282001 -5.3842390625 +0.0071154903 +31.0152383789 +0.0792949695 +0.0490646667 +1.1983479862 -0.5415626252
+10.6000000000 +0.0927914062 +0.0004328494 +0.0000242187 +0.0006345193 +0.0161045898 +0.0001487784 +0.0011447585 +0.0000253940 -5.1464468750 +0.0069736992 +28.4312146484 +0.0753247171 +0.0452488741 +1.1080379986 -0.4712730199
+10.8000000000 +0.0918500000 +0.0004219912 +0.0000851562 +0.0006236882 +0.0155594849 +0.0001426666 +0.0010562478 +0.0000236759 -4.9308625000 +0.0068303927 +26.1795755859 +0.0713975867 +0.0422107399 +1.0239619161 -0.4543004226
+11.0000000000 +0.0917605469 +0.0004093248 -0.0000058594 +0.0006148550 +0.0151218689 +0.0001346066 +0.0009534287 +0.0000227909 -4.7317531250 +0.0066500614 +24.1584203125 +0.0671485973 +0.0389927036 +0.9356338124 -0.3898118960
+11.2000000000 +0.0914585937 +0.0004002368 -0.0005265625 +0.0006077001 +0.0147722534 +0.0001286261 +0.0008800062 +0.0000193810 -4.5488218750 +0.0064833832 +22.3731507813 +0.0633996052 +0.0366147374 +0.8578420055 -0.3442218777
+11.4000000000 +0.0907460938 +0.0003946344 -0.0008171875 +0.0006013243 +0.0144643066 +0.0001253103 +0.0008373230 +0.0000194542 -4.3859984375 +0.0063042575 +20.8267288086 +0.0597069491 +0.0349723683 +0.7828853259 -0.3340635980
+11.6000000000 +0.0902406250 +0.0003845350 -0.0007835938 +0.0005928204 +0.0140580566 +0.0001199167 +0.0007728298 +0.0000177918 -4.2350125000 +0.0061319667 +19.4393714844 +0.0562732735 +0.0326327517 +0.7153581970 -0.3035030195
+11.8000000000 +0.0901312500 +0.0003799780 -0.0012710938 +0.0005894353 +0.0138989746 +0.0001162317 +0.0007335734 +0.0000159931 -4.0970671875 +0.0059676061 +18.2104524414 +0.0531756900 +0.0313238367 +0.6547511187 -0.2657757764
+12.0000000000 +0.0893359375 +0.0003726193 -0.0009960938 +0.0005816727 +0.0135347168 +0.0001119180 +0.0006842142 +0.0000150491 -3.9769984375 +0.0058353627 +17.1785749023 +0.0505311551 +0.0296203044 +0.6053592580 -0.2450090604
