# T, am1a, am1e, m1a, m1e, m2a, m2e, m4a, m4e, e1a, e1e, e2a, e2e, susc, spec, bind
+2.0000000000 +0.5825031250 +0.0024635404 -0.0770656250 +0.0037951681 +0.5820711426 +0.0024619248 +0.5812497645 +0.0024592303 -11.9941906250 +0.0001923488 +143.8620886719 +0.0045649479 +7.7683600622 +0.0236787686 +0.4281404243
+2.2000000000 +0.5824656250 +0.0024611915 -0.0752578125 +0.0037944071 +0.5815647461 +0.0024578472 +0.5798580644 +0.0024523222 -11.9881812500 +0.0002766007 +143.7195500000 +0.0065593311 +7.0486848520 +0.0404670036 +0.4285157017
+2.4000000000 +0.5822300781 +0.0024573234 -0.0748847656 +0.0037911795 +0.5805294006 +0.0024510772 +0.5773255541 +0.0024408904 -11.9777187500 +0.0003854669 +143.4716898437 +0.0091283209 +6.4410009803 +0.0660376628 +0.4289803049
+2.6000000000 +0.5823234375 +0.0024506858 -0.0747085937 +0.0037873264 +0.5793350220 +0.0024398498 +0.5737437545 +0.0024224379 -11.9609375000 +0.0005160675 +143.0746789062 +0.0121982962 +5.9134630427 +0.1008570636 +0.4301807066
+2.8000000000 +0.5807746094 +0.0024428700 -0.0733714844 +0.0037769707 +0.5760036926 +0.0024257869 +0.5671579444 +0.0023988251 -11.9372593750 +0.0006608459 +142.5156300781 +0.0155841460 +5.4561039025 +0.1426015682 +0.4301871619
+3.0000000000 +0.5772964844 +0.0024319586 -0.0722792969 +0.0037570728 +0.5698481384 +0.0024057459 +0.5562314391 +0.0023653913 -11.9031671875 +0.0008354930 +141.7133110352 +0.0196271423 +5.0469740279 +0.1985560290 +0.4290264244
+3.2000000000 +0.5735703125 +0.0024164651 -0.0718289063 +0.0037329468 +0.5625550537 +0.0023783373 +0.5427277125 +0.0023210198 -11.8574765625 +0.0010296206 +140.6421551758 +0.0240806784 +4.6714430066 +0.2650296597 +0.4283493757
+3.4000000000 +0.5674546875 +0.0023963574 -0.0691937500 +0.0036976959 +0.5517059814 +0.0023430523 +0.5239752479 +0.0022652397 -11.7971281250 +0.0012450315 +139.2342361328 +0.0289547078 +4.3237865239 +0.3432754887 +0.4261820467
+3.6000000000 +0.5581441406 +0.0023692972 -0.0667894531 +0.0036455686 +0.5360676453 +0.0022965988 +0.4983431614 +0.0021940466 -11.7165890625 +0.0015033996 +137.3688676758 +0.0346931420 +3.9918713520 +0.4464613150 +0.4219464715
+3.8000000000 +0.5439421875 +0.0023341670 -0.0668656250 +0.0035683873 +0.5138065308 +0.0022375551 +0.4642632622 +0.0021053818 -11.6097062500 +0.0018012317 +134.9150566406 +0.0411425190 +3.6704577250 +0.5751908225 +0.4138026864
+4.0000000000 +0.5220847656 +0.0022926025 -0.0639847656 +0.0034594779 +0.4828135559 +0.0021697472 +0.4214210400 +0.0020062405 -11.4783671875 +0.0021329452 +131.9348915039 +0.0481428313 +3.3638568546 +0.7279128513 +0.3973903953
+4.2000000000 +0.4928082031 +0.0022359901 -0.0618558594 +0.0033129286 +0.4428459900 +0.0020830884 +0.3696828658 +0.0018833753 -11.3099343750 +0.0025017848 +128.1649726563 +0.0556368339 +3.0474067036 +0.9083250411 +0.3716485312
+4.4000000000 +0.4541097656 +0.0021587171 -0.0551386719 +0.0031208083 +0.3926180603 +0.0019727504 +0.3098187036 +0.0017333114 -11.1030937500 +0.0028677362 +123.6076472656 +0.0627449347 +2.7113073610 +1.0874593201 +0.3300446934
+4.6000000000 +0.4057050781 +0.0020566231 -0.0459605469 +0.0028795494 +0.3337845520 +0.0018343654 +0.2460079868 +0.0015543622 -10.8650625000 +0.0031476867 +118.4459003906 +0.0677191879 +2.3539191873 +1.1986911508 +0.2639700510
+4.8000000000 +0.3550855469 +0.0019303113 -0.0364074219 +0.0026163157 +0.2751298157 +0.0016705198 +0.1873218715 +0.0013536817 -10.6213062500 +0.0033045624 +113.2489517578 +0.0699165968 +1.9872542677 +1.2133480598 +0.1751178250
+5.0000000000 +0.3054906250 +0.0017830177 -0.0291109375 +0.0023433052 +0.2204906128 +0.0014887331 +0.1372691609 +0.0011458240 -10.3779687500 +0.0033471572 +108.1503738281 +0.0696143315 +1.6277259626 +1.1472344375 +0.0588225456
+5.2000000000 +0.2631046875 +0.0016295821 -0.0223046875 +0.0020913398 +0.1754455933 +0.0013033627 +0.0987313248 +0.0009470527 -10.1584906250 +0.0032759573 +103.6242076172 +0.0669710264 +1.3073417437 +1.0160374887 -0.0691749648
+5.4000000000 +0.2274617188 +0.0014781967 -0.0178375000 +0.0018629498 +0.1391414551 +0.0011244649 +0.0699371949 +0.0007638813 -9.9607031250 +0.0031739006 +99.6185525391 +0.0637135684 +1.0358829224 +0.8843803450 -0.2041313763
+5.6000000000 +0.2017187500 +0.0013510250 -0.0135648437 +0.0016846156 +0.1137011963 +0.0009789010 +0.0512578505 +0.0006232329 -9.7926968750 +0.0030790934 +96.2761447266 +0.0607326243 +0.8344084821 +0.7739441652 -0.3216275002
+5.8000000000 +0.1810671875 +0.0012380470 -0.0111164063 +0.0015327440 +0.0940957397 +0.0008523994 +0.0379173961 +0.0005054727 -9.6474187500 +0.0030263932 +93.4390507813 +0.0586602032 +0.6765286991 +0.6970030790 -0.4275039823
+6.0000000000 +0.1648878906 +0.0011409990 -0.0095003906 +0.0014068840 +0.0792631653 +0.0007445906 +0.0284592535 +0.0004088489 -9.5156671875 +0.0030027719 +90.9085875977 +0.0572140291 +0.5554682540 +0.6411832434 -0.5099390844
+6.2000000000 +0.1523242187 +0.0010636636 -0.0086765625 +0.0013075033 +0.0684578735 +0.0006638905 +0.0223165066 +0.0003419167 -9.3906468750 +0.0030287848 +88.5511902344 +0.0567494770 +0.4671505127 +0.6109327841 -0.5872968227
+6.4000000000 +0.1418519531 +0.0009953709 -0.0071644531 +0.0012216912 +0.0597525085 +0.0005951554 +0.0177387595 +0.0002878267 -9.2705578125 +0.0030744161 +86.3213235352 +0.0566439219 +0.3963053194 +0.5907521566 -0.6561120069
+6.6000000000 +0.1333910156 +0.0009363215 -0.0056574219 +0.0011492288 +0.0528610779 +0.0005363159 +0.0142996848 +0.0002422133 -9.1533890625 +0.0031598990 +84.1839297852 +0.0572795445 +0.3400525075 +0.5868113214 -0.7058199140
+6.8000000000 +0.1266187500 +0.0008847289 -0.0046296875 +0.0010876659 +0.0473421143 +0.0004881362 +0.0117723542 +0.0002079897 -9.0328937500 +0.0032807240 +82.0236955078 +0.0584712249 +0.2946805309 +0.5958837495 -0.7508412372
+7.0000000000 +0.1210105469 +0.0008405218 -0.0039394531 +0.0010354602 +0.0429026306 +0.0004465985 +0.0098186433 +0.0001770266 -8.9121562500 +0.0034326951 +79.8978648437 +0.0601143329 +0.2583687146 +0.6156222946 -0.7781253867
+7.2000000000 +0.1160609375 +0.0007998550 -0.0033007812 +0.0009880533 +0.0390608643 +0.0004105051 +0.0082663301 +0.0001533235 -8.7879734375 +0.0035836322 +77.7421739258 +0.0616688687 +0.2274730937 +0.6341935649 -0.8059586091
+7.4000000000 +0.1121781250 +0.0007631865 -0.0031835937 +0.0009469945 +0.0358820801 +0.0003794253 +0.0070460656 +0.0001339229 -8.6557890625 +0.0037743939 +75.4925262695 +0.0637553275 +0.2014974992 +0.6659950037 -0.8241905731
+7.6000000000 +0.1085554687 +0.0007334221 -0.0022914063 +0.0009123508 +0.0333006104 +0.0003554675 +0.0061632153 +0.0001213991 -8.5183796875 +0.0040093579 +73.2057905273 +0.0663297846 +0.1811900678 +0.7124631877 -0.8526001617
+7.8000000000 +0.1061195312 +0.0007057168 -0.0015945313 +0.0008828966 +0.0311828003 +0.0003336192 +0.0054244387 +0.0001090219 -8.3778281250 +0.0042333446 +70.9048523437 +0.0687127692 +0.1634580134 +0.7540810011 -0.8595305661
+8.0000000000 +0.1038183594 +0.0006771919 -0.0009527344 +0.0008532423 +0.0291218079 +0.0003100266 +0.0046927388 +0.0000942959 -8.2222343750 +0.0044964330 +68.4138544922 +0.0713927070 +0.1467484489 +0.8087163748 -0.8444566923
+8.2000000000 +0.1014976562 +0.0006494920 -0.0002359375 +0.0008242468 +0.0271753662 +0.0002888203 +0.0040751865 +0.0000825763 -8.0408734375 +0.0048459228 +65.5949643555 +0.0748706238 +0.1316963277 +0.8940570780 -0.8393968049
+8.4000000000 +0.0993332031 +0.0006241473 -0.0003605469 +0.0007976426 +0.0254494812 +0.0002698403 +0.0035602272 +0.0000720740 -7.8522046875 +0.0051972954 +62.7375936523 +0.0781335229 +0.1187230168 +0.9800228553 -0.8323084775
+8.6000000000 +0.0977390625 +0.0006049921 -0.0000218750 +0.0007777137 +0.0241935425 +0.0002572408 +0.0032322413 +0.0000668935 -7.6517593750 +0.0055433755 +59.7785820312 +0.0811523618 +0.1089534373 +1.0636326649 -0.8407024695
+8.8000000000 +0.0972855469 +0.0005840876 +0.0000332031 +0.0007601120 +0.0231108093 +0.0002428812 +0.0028937603 +0.0000599685 -7.4341656250 +0.0058536260 +56.6374160156 +0.0833138465 +0.0992460487 +1.1327251865 -0.8059719328
+9.0000000000 +0.0959496094 +0.0005623459 +0.0003105469 +0.0007391811 +0.0218556458 +0.0002289358 +0.0025741327 +0.0000539999 -7.1943093750 +0.0062090284 +53.3001687500 +0.0858522966 +0.0899507073 +1.2184346602 -0.7963145404
+9.2000000000 +0.0952929687 +0.0005479017 -0.0004851563 +0.0007260916 +0.0210885986 +0.0002220146 +0.0024163477 +0.0000532035 -6.9428734375 +0.0065030483 +49.8950770508 +0.0870973048 +0.0835328608 +1.2790816496 -0.8111012223
+9.4000000000 +0.0945976562 +0.0005302772 +0.0000687500 +0.0007105714 +0.0201964722 +0.0002113802 +0.0021951612 +0.0000493272 -6.6851656250 +0.0067667909 +46.5230177734 +0.0878780148 +0.0765804637 +1.3266298522 -0.7938830768
+9.6000000000 +0.0942929687 +0.0005089197 +0.0001664062 +0.0006937418 +0.0192511353 +0.0001977524 +0.0019348466 +0.0000440583 -6.4114546875 +0.0069884885 +43.0603100586 +0.0878955992 +0.0690664753 +1.3566380894 -0.7402538221
+9.8000000000 +0.0934058594 +0.0004897265 -0.0001621094 +0.0006767184 +0.0183179382 +0.0001856212 +0.0017137555 +0.0000400788 -6.1420078125 +0.0070814591 +39.7301424805 +0.0864848826 +0.0626500158 +1.3366980503 -0.7024502363
+10.0000000000 +0.0922515625 +0.0004697818 +0.0000851562 +0.0006583719 +0.0173381470 +0.0001708185 +0.0014677702 +0.0000317235 -5.8850953125 +0.0071622896 +36.6862825195 +0.0847452697 +0.0564978956 +1.3132388367 -0.6275391275
+10.2000000000 +0.0923480469 +0.0004524603 -0.0004644531 +0.0006464665 +0.0167169739 +0.0001593499 +0.0012951528 +0.0000279865 -5.6156906250 +0.0071645903 +33.5892353516 +0.0819669781 +0.0513807819 +1.2630552285 -0.5448432777
+10.4000000000 +0.0920281250 +0.0004388731 -0.0011054687 +0.0006358525 +0.0161735596 +0.0001513196 +0.0011774893 +0.0000260074 -5.3845906250 +0.0070852737 +31.0018603516 +0.0788155879 +0.0474115925 +1.1881918063 -0.5004602918
+10.6000000000 +0.0915035156 +0.0004283630 -0.0005136719 +0.0006267461 +0.0157126892 +0.0001460323 +0.0010999056 +0.0000248036 -5.1621953125 +0.0069791277 +28.5965893555 +0.0753224634 +0.0443157485 +1.1097637087 -0.4850228144
+10.8000000000 +0.0913609375 +0.0004186937 -0.0000718750 +0.0006196570 +0.0153589966 +0.0001398340 +0.0010180410 +0.0000225335 -4.9479046875 +0.0068252161 +26.3451038086 +0.0715409342 +0.0415536337 +1.0224104318 -0.4385280064
+11.0000000000 +0.0911101563 +0.0004068254 -0.0002718750 +0.0006107631 +0.0149213379 +0.0001323784 +0.0009236082 +0.0000208787 -4.7480968750 +0.0066663394 +24.3220271484 +0.0675345426 +0.0385179771 +0.9402198818 -0.3827732993
+11.2000000000 +0.0906242187 +0.0004004966 -0.0001867188 +0.0006047441 +0.0146286499 +0.0001292148 +0.0008818557 +0.0000195637 -4.5619593750 +0.0064717273 +22.4868035156 +0.0632142693 +0.0366622907 +0.8547602941 -0.3736236733
+11.4000000000 +0.0896968750 +0.0003916456 -0.0008710938 +0.0005954037 +0.0141809814 +0.0001238865 +0.0008150151 +0.0000187316 -4.3991125000 +0.0063001620 +20.9398724609 +0.0598814824 +0.0344446431 +0.7818684756 -0.3509267501
+11.6000000000 +0.0891050781 +0.0003817983 -0.0005449219 +0.0005867328 +0.0137705139 +0.0001181273 +0.0007477898 +0.0000173467 -4.2560343750 +0.0061500070 +19.6267320313 +0.0566158469 +0.0321699253 +0.7195735696 -0.3144920762
+11.8000000000 +0.0889285156 +0.0003765950 -0.0002097656 +0.0005826918 +0.0135812317 +0.0001148822 +0.0007123670 +0.0000163441 -4.1198250000 +0.0059706488 +18.3989039062 +0.0535473645 +0.0307685467 +0.6554189604 -0.2873725464
+12.0000000000 +0.0886929688 +0.0003703162 -0.0003132812 +0.0005777480 +0.0133518066 +0.0001097397 +0.0006599831 +0.0000133999 -3.9947421875 +0.0058263930 +17.3158393555 +0.0506041987 +0.0292552743 +0.6034996493 -0.2340464253
