# T, am1a, am1e, m1a, m1e, m2a, m2e, m4a, m4e, e1a, e1e, e2a, e2e, susc, spec, bind
+2.0000000000 +0.5243468750 +0.0024951976 -0.0420656250 +0.0036132069 +0.5239800781 +0.0024941813 +0.5233927307 +0.0024934112 -11.9937750000 +0.0004007415 +143.8570625000 +0.0091936588 +1.9923234624 +0.0256949975 +0.3645565884
+2.2000000000 +0.5236843750 +0.0024935874 -0.0413843750 +0.0036098885 +0.5229644531 +0.0024915877 +0.5218121887 +0.0024900650 -11.9871875000 +0.0005783509 +143.7060437500 +0.0132493402 +1.8088663891 +0.0442300491 +0.3640124347
+2.4000000000 +0.5226156250 +0.0024906263 -0.0412343750 +0.0036040102 +0.5212558594 +0.0024869779 +0.5191100281 +0.0024843231 -11.9761000000 +0.0008010351 +143.4526375000 +0.0182875709 +1.6541917859 +0.0712952500 +0.3631513036
+2.6000000000 +0.5213562500 +0.0024861107 -0.0403812500 +0.0035965662 +0.5190421875 +0.0024800997 +0.5154405762 +0.0024758250 -11.9592625000 +0.0010561925 +143.0685812500 +0.0240402323 +1.5214144498 +0.1056135055 +0.3622477022
+2.8000000000 +0.5182734375 +0.0024797784 -0.0392765625 +0.0035813292 +0.5145793945 +0.0024703452 +0.5088961613 +0.0024637546 -11.9328500000 +0.0013693372 +142.4679125000 +0.0310596924 +1.4055545058 +0.1530681173 +0.3593761001
+3.0000000000 +0.5158843750 +0.0024691981 -0.0390156250 +0.0035654314 +0.5100142578 +0.0024548584 +0.5011677254 +0.0024451821 -11.8952250000 +0.0017356353 +141.6168750000 +0.0391562963 +1.3006803704 +0.2142172433 +0.3577602143
+3.2000000000 +0.5108671875 +0.0024569505 -0.0369921875 +0.0035393541 +0.5024495117 +0.0024372434 +0.4900617321 +0.0024243031 -11.8476750000 +0.0021151808 +140.5463625000 +0.0474703749 +1.2073211423 +0.2796243662 +0.3529398130
+3.4000000000 +0.5048156250 +0.0024403552 -0.0355281250 +0.0035063867 +0.4930521484 +0.0024144268 +0.4762786964 +0.0023977504 -11.7843875000 +0.0025488600 +139.1316562500 +0.0568262757 +1.1210039209 +0.3596782005 +0.3469383361
+3.6000000000 +0.4980359375 +0.0024191656 -0.0336328125 +0.0034677194 +0.4821342773 +0.0023858460 +0.4601438976 +0.0023645326 -11.7057625000 +0.0029960491 +137.3839281250 +0.0663687973 +1.0404199213 +0.4432745909 +0.3401634104
+3.8000000000 +0.4893687500 +0.0023927894 -0.0316375000 +0.0034186930 +0.4684994141 +0.0023513260 +0.4406410637 +0.0023244011 -11.6080500000 +0.0034799545 +135.2312281250 +0.0764467533 +0.9642848025 +0.5367349834 +0.3308159083
+4.0000000000 +0.4790562500 +0.0023626355 -0.0288375000 +0.0033613433 +0.4527767578 +0.0023123574 +0.4188866661 +0.0022784946 -11.4952562500 +0.0039617142 +132.7687234375 +0.0862618498 +0.8931274686 +0.6278071843 +0.3189060369
+4.2000000000 +0.4642640625 +0.0023254116 -0.0244578125 +0.0032834604 +0.4318426758 +0.0022655176 +0.3917909031 +0.0022229594 -11.3581125000 +0.0044528321 +129.7998281250 +0.0961612970 +0.8240059278 +0.7193728457 +0.2997034660
+4.4000000000 +0.4492203125 +0.0022839038 -0.0232015625 +0.0032012078 +0.4104475586 +0.0022134134 +0.3644351559 +0.0021599451 -11.2103875000 +0.0048914935 +126.6298562500 +0.1046821983 +0.7587224343 +0.7909655784 +0.2789196563
+4.6000000000 +0.4312484375 +0.0022339143 -0.0196265625 +0.0031032440 +0.3855901367 +0.0021502094 +0.3336157787 +0.0020829556 -11.0433937500 +0.0052793150 +123.0713921875 +0.1119523262 +0.6943127717 +0.8429842495 +0.2520483998
+4.8000000000 +0.4128484375 +0.0021820111 -0.0174328125 +0.0030024441 +0.3608907227 +0.0020848846 +0.3041118626 +0.0020027050 -10.8730687500 +0.0056154837 +119.4849703125 +0.1179363021 +0.6348229677 +0.8759349099 +0.2216755550
+5.0000000000 +0.3952515625 +0.0021251042 -0.0161765625 +0.0029008827 +0.3368665039 +0.0020141017 +0.2757432743 +0.0019165580 -10.6976312500 +0.0058761030 +115.8204578125 +0.1222545352 +0.5780566600 +0.8839318090 +0.1900317134
+5.2000000000 +0.3766015625 +0.0020687422 -0.0120640625 +0.0027967435 +0.3130165039 +0.0019419143 +0.2488205723 +0.0018254956 -10.5240000000 +0.0061113411 +112.2485156250 +0.1255852319 +0.5267315909 +0.8839879438 +0.1534929938
+5.4000000000 +0.3594312500 +0.0020112719 -0.0110468750 +0.0026966525 +0.2909994141 +0.0018695482 +0.2244890831 +0.0017366789 -10.3565375000 +0.0062484993 +108.8196187500 +0.1271972724 +0.4794328610 +0.8569271666 +0.1163307506
+5.6000000000 +0.3425750000 +0.0019506171 -0.0095375000 +0.0025954910 +0.2695539062 +0.0017923717 +0.2011631577 +0.0016413207 -10.1840312500 +0.0064117988 +105.3589390625 +0.1285026841 +0.4348465018 +0.8390033477 +0.0771397721
+5.8000000000 +0.3248500000 +0.0018872052 -0.0090750000 +0.0024895125 +0.2479892578 +0.0017113296 +0.1786446327 +0.0015425069 -10.0208750000 +0.0065041787 +102.1101093750 +0.1286184316 +0.3929978905 +0.8048388154 +0.0317154992
+6.0000000000 +0.3080343750 +0.0018252487 -0.0085156250 +0.0023878545 +0.2281464844 +0.0016339501 +0.1588425293 +0.0014504791 -9.8645750000 +0.0066310010 +99.0686468750 +0.1289787690 +0.3553634885 +0.7816919753 -0.0172272303
+6.2000000000 +0.2942312500 +0.0017660843 -0.0069906250 +0.0022982891 +0.2113341797 +0.0015591746 +0.1419031563 +0.0013607287 -9.7080625000 +0.0067612071 +96.0750343750 +0.1290026387 +0.3219668418 +0.7611058777 -0.0590862161
+6.4000000000 +0.2814656250 +0.0017109464 -0.0061187500 +0.0022151691 +0.1963164062 +0.0014895065 +0.1272853149 +0.0012780149 -9.5565562500 +0.0068926532 +93.2281140625 +0.1289612290 +0.2927337705 +0.7423229309 -0.1008898209
+6.6000000000 +0.2700250000 +0.0016568997 -0.0038718750 +0.0021372364 +0.1827261719 +0.0014226536 +0.1143465881 +0.0011996168 -9.4171687500 +0.0070004295 +90.6433078125 +0.1283723268 +0.2662125364 +0.7200148931 -0.1415644726
+6.8000000000 +0.2588515625 +0.0016007694 -0.0031359375 +0.0020584752 +0.1695026367 +0.0013549195 +0.1021634136 +0.0011216915 -9.2628875000 +0.0072265291 +87.8899937500 +0.1292027211 +0.2411729537 +0.7228058520 -0.1852807316
+7.0000000000 +0.2489515625 +0.0015489961 -0.0019703125 +0.0019871371 +0.1579524414 +0.0012923602 +0.0917567646 +0.0010507163 -9.1130937500 +0.0074355441 +85.2599703125 +0.1297390565 +0.2193727107 +0.7221200379 -0.2259257039
+7.2000000000 +0.2403796875 +0.0015020764 -0.0029796875 +0.0019236870 +0.1480317383 +0.0012342760 +0.0828508823 +0.0009836120 -8.9649562500 +0.0076846413 +82.7325890625 +0.1307587922 +0.2005540980 +0.7290581784 -0.2602775654
+7.4000000000 +0.2328765625 +0.0014581738 -0.0027734375 +0.0018659758 +0.1392823242 +0.0011848992 +0.0755590130 +0.0009327629 -8.8093437500 +0.0080355390 +80.1873328125 +0.1327498958 +0.1838936883 +0.7546517186 -0.2982938830
+7.6000000000 +0.2262859375 +0.0014179655 -0.0027109375 +0.0018139944 +0.1316303711 +0.0011358102 +0.0689291500 +0.0008739827 -8.6703000000 +0.0083046971 +77.9328218750 +0.1337554850 +0.1693158854 +0.7641883061 -0.3260791816
+7.8000000000 +0.2195625000 +0.0013713991 -0.0026250000 +0.0017566319 +0.1234371094 +0.0010823053 +0.0620921082 +0.0008172904 -8.5095687500 +0.0086603812 +75.4128484375 +0.1358919314 +0.1543167548 +0.7889778111 -0.3583874629
+8.0000000000 +0.2136296875 +0.0013314311 -0.0024796875 +0.0017068967 +0.1165459961 +0.0010354541 +0.0564695782 +0.0007654505 -8.3362562500 +0.0090936562 +72.8009515625 +0.1388034073 +0.1418167054 +0.8269458242 -0.3857936684
+8.2000000000 +0.2085765625 +0.0012940822 -0.0022859375 +0.0016619635 +0.1104901367 +0.0009930215 +0.0516517361 +0.0007212383 -8.1708750000 +0.0094271489 +70.3180437500 +0.1406533619 +0.1307043011 +0.8458882771 -0.4103166935
+8.4000000000 +0.2045312500 +0.0012570813 -0.0026000000 +0.0016204660 +0.1050431641 +0.0009514663 +0.0472455910 +0.0006755960 -7.9928937500 +0.0098469116 +67.7648171875 +0.1430257367 +0.1204002511 +0.8794709045 -0.4272644257
+8.6000000000 +0.2006734375 +0.0012252690 -0.0012734375 +0.0015836632 +0.1003211914 +0.0009173856 +0.0437281971 +0.0006425119 -7.8237500000 +0.0102248758 +65.3929875000 +0.1452575792 +0.1117234658 +0.9046886831 -0.4482880751
+8.8000000000 +0.1971781250 +0.0011941558 -0.0008437500 +0.0015485382 +0.0959195312 +0.0008812825 +0.0402669128 +0.0006032406 -7.6459500000 +0.0105866866 +62.9436687500 +0.1468064483 +0.1037096696 +0.9262639148 -0.4588578763
+9.0000000000 +0.1946093750 +0.0011663143 -0.0002625000 +0.0015189166 +0.0922843750 +0.0008551063 +0.0377646759 +0.0005802941 -7.4397000000 +0.0109704164 +60.1631375000 +0.1491477988 +0.0967316732 +0.9509138588 -0.4781147698
+9.2000000000 +0.1912546875 +0.0011314924 -0.0000484375 +0.0014814634 +0.0877893555 +0.0008170780 +0.0344116314 +0.0005420201 -7.2436937500 +0.0113020178 +57.5805234375 +0.1502950315 +0.0890626087 +0.9658647058 -0.4883336004
+9.4000000000 +0.1885687500 +0.0011027269 -0.0001812500 +0.0014508481 +0.0841984375 +0.0007866195 +0.0318401840 +0.0005106519 -7.0458062500 +0.0116064471 +55.0317703125 +0.1508533022 +0.0827919388 +0.9757147306 -0.4970842794
+9.6000000000 +0.1851000000 +0.0010746536 +0.0011906250 +0.0014182367 +0.0804572266 +0.0007566526 +0.0293742912 +0.0004821076 -6.8629062500 +0.0118740039 +52.7391609375 +0.1514744630 +0.0769920276 +0.9791108926 -0.5125718922
+9.8000000000 +0.1831421875 +0.0010475074 +0.0012796875 +0.0013913150 +0.0774319336 +0.0007293539 +0.0272739910 +0.0004572063 -6.6751687500 +0.0121300299 +50.4433828125 +0.1520985349 +0.0716585678 +0.9805089499 -0.5163073130
+10.0000000000 +0.1808968750 +0.0010237291 +0.0013281250 +0.0013660414 +0.0746445313 +0.0007078116 +0.0256116974 +0.0004407582 -6.4843812500 +0.0123433574 +48.1415390625 +0.1518317781 +0.0670733630 +0.9750942187 -0.5322199647
+10.2000000000 +0.1800093750 +0.0010044669 +0.0015187500 +0.0013486958 +0.0727615234 +0.0006855673 +0.0240943398 +0.0004174321 -6.3015937500 +0.0125001803 +45.9602640625 +0.1509461939 +0.0633068994 +0.9611965048 -0.5170161641
+10.4000000000 +0.1799046875 +0.0009908594 +0.0007109375 +0.0013382571 +0.0716377930 +0.0006759970 +0.0234108486 +0.0004096458 -6.1193437500 +0.0126509040 +43.8481828125 +0.1501598014 +0.0604186098 +0.9470140358 -0.5205878179
+10.6000000000 +0.1784937500 +0.0009674833 +0.0013250000 +0.0013162373 +0.0693009766 +0.0006511898 +0.0217645515 +0.0003830201 -5.9381875000 +0.0127679174 +41.7828593750 +0.1494098631 +0.0565146532 +0.9285565810 -0.5106009697
+10.8000000000 +0.1772921875 +0.0009467229 +0.0009453125 +0.0012969483 +0.0672838867 +0.0006297868 +0.0203923763 +0.0003675940 -5.7558562500 +0.0128755659 +39.7610890625 +0.1477415209 +0.0531131363 +0.9096307122 -0.5014969022
+11.0000000000 +0.1759265625 +0.0009277690 -0.0007984375 +0.0012784731 +0.0653803711 +0.0006109538 +0.0192051739 +0.0003526716 -5.5657062500 +0.0128723024 +37.6049328125 +0.1452419186 +0.0500803137 +0.8764094878 -0.4976220515
+11.2000000000 +0.1741281250 +0.0009093307 +0.0006406250 +0.0012589230 +0.0633958984 +0.0005911769 +0.0179986443 +0.0003307972 -5.4132062500 +0.0129061513 +35.9655515625 +0.1433814296 +0.0472504207 +0.8498405175 -0.4927814048
+11.4000000000 +0.1743234375 +0.0008891835 +0.0003421875 +0.0012451349 +0.0620145508 +0.0005688174 +0.0167879337 +0.0003073110 -5.2440437500 +0.0129535774 +34.2118015625 +0.1412700687 +0.0443872139 +0.8263227714 -0.4550864189
+11.6000000000 +0.1732843750 +0.0008719935 -0.0007062500 +0.0012292466 +0.0604423828 +0.0005482153 +0.0156748833 +0.0002862061 -5.0690875000 +0.0128623014 +32.3132000000 +0.1378709462 +0.0419515975 +0.7868670532 -0.4302103163
+11.8000000000 +0.1716953125 +0.0008574142 -0.0013046875 +0.0012133007 +0.0588856445 +0.0005379284 +0.0150421970 +0.0002803034 -4.9353250000 +0.0127915178 +30.9023500000 +0.1354736087 +0.0398730362 +0.7520732139 -0.4460095210
+12.0000000000 +0.1708796875 +0.0008396317 -0.0013640625 +0.0011978863 +0.0573991211 +0.0005170824 +0.0139896267 +0.0002607125 -4.7909312500 +0.0127124028 +29.4172296875 +0.1323838806 +0.0375990047 +0.7182452717 -0.4153843396
