# T, am1a, am1e, m1a, m1e, m2a, m2e, m4a, m4e, e1a, e1e, e2a, e2e, susc, spec, bind
+2.0000000000 +0.4834687500 +0.0024970967 -0.0248562500 +0.0034732689 +0.4831617188 +0.0024961069 +0.4826672241 +0.0024952383 -11.9942250000 +0.0003825621 +143.8672875000 +0.0087880555 +1.9953574922 +0.0234165975 +0.3108059507
+2.2000000000 +0.4829906250 +0.0024954810 -0.0243718750 +0.0034705294 +0.4823769531 +0.0024934738 +0.4813839905 +0.0024916728 -11.9878875000 +0.0005581115 +143.7219062500 +0.0128018521 +1.8116146130 +0.0411885532 +0.3103999442
+2.4000000000 +0.4826781250 +0.0024925061 -0.0237343750 +0.0034674137 +0.4814816406 +0.0024887542 +0.4795804749 +0.0024855294 -11.9771250000 +0.0007788491 +143.4757875000 +0.0178015567 +1.6566897885 +0.0674006510 +0.3104261636
+2.6000000000 +0.4819437500 +0.0024878952 -0.0241625000 +0.0034614696 +0.4798546875 +0.0024816134 +0.4765967285 +0.0024762656 -11.9606375000 +0.0010393128 +143.1000562500 +0.0236462816 +1.5235994421 +0.1022647186 +0.3100615972
+2.8000000000 +0.4811937500 +0.0024802198 -0.0222500000 +0.0034536646 +0.4776070312 +0.0024697760 +0.4721002075 +0.0024612854 -11.9342875000 +0.0013583135 +142.5010187500 +0.0307879608 +1.4060548926 +0.1506135048 +0.3101232431
+3.0000000000 +0.4792687500 +0.0024707345 -0.0213187500 +0.0034402950 +0.4738796875 +0.0024555794 +0.4657567627 +0.0024436703 -11.9009375000 +0.0016786741 +141.7450312500 +0.0379304231 +1.3022994815 +0.2003873264 +0.3086440132
+3.2000000000 +0.4758281250 +0.0024587083 -0.0180593750 +0.0034201467 +0.4682222656 +0.0024380275 +0.4569912125 +0.0024220289 -11.8558375000 +0.0020527325 +140.7294312500 +0.0461066428 +1.2090493054 +0.2633569119 +0.3051637462
+3.4000000000 +0.4712062500 +0.0024419232 -0.0163625000 +0.0033922233 +0.4605548828 +0.0024145970 +0.4453219383 +0.0023943572 -11.7961562500 +0.0024707314 +139.3934828125 +0.0551672654 +1.1224449542 +0.3379661427 +0.3001740314
+3.6000000000 +0.4659703125 +0.0024213058 -0.0127453125 +0.0033595936 +0.4516372070 +0.0023863518 +0.4317631672 +0.0023605462 -11.7209812500 +0.0029222481 +137.7229828125 +0.0647432346 +1.0422616662 +0.4217053699 +0.2944221964
+3.8000000000 +0.4592250000 +0.0023960839 -0.0117343750 +0.0033181269 +0.4405363281 +0.0023529228 +0.4155220886 +0.0023211851 -11.6289750000 +0.0034080321 +135.6976468750 +0.0748630748 +0.9669420105 +0.5147781988 +0.2863103390
+4.0000000000 +0.4490984375 +0.0023631517 -0.0073953125 +0.0032596555 +0.4250688477 +0.0023100503 +0.3941368214 +0.0022705702 -11.5136812500 +0.0039082705 +133.1758390625 +0.0851683862 +0.8935177644 +0.6109831359 +0.2728781427
+4.2000000000 +0.4369000000 +0.0023258086 -0.0066281250 +0.0031906625 +0.4072570313 +0.0022622161 +0.3705631577 +0.0022131140 -11.3812250000 +0.0043969414 +130.3056062500 +0.0950046742 +0.8242873190 +0.7014274371 +0.2552615071
+4.4000000000 +0.4223046875 +0.0022814504 -0.0061640625 +0.0031084719 +0.3865418945 +0.0022057375 +0.3440257603 +0.0021448681 -11.2310812500 +0.0048459629 +127.0765203125 +0.1037975096 +0.7570932562 +0.7763093127 +0.2325032117
+4.6000000000 +0.4064718750 +0.0022316458 -0.0035406250 +0.0030183463 +0.3644291016 +0.0021429872 +0.3165043282 +0.0020692224 -11.0707687500 +0.0052441774 +123.6619765625 +0.1113448007 +0.6929033614 +0.8318002620 +0.2056126900
+4.8000000000 +0.3895093750 +0.0021771352 -0.0019468750 +0.0029210891 +0.3413142578 +0.0020746601 +0.2886639992 +0.0019860486 -10.8949625000 +0.0055929118 +119.9514343750 +0.1176043288 +0.6319890153 +0.8689072907 +0.1740333575
+5.0000000000 +0.3718406250 +0.0021187672 -0.0022625000 +0.0028188087 +0.3178324219 +0.0020012069 +0.2612106171 +0.0018970932 -10.7183562500 +0.0058617209 +116.2575515625 +0.1220659465 +0.5746143087 +0.8796101508 +0.1380676599
+5.2000000000 +0.3527875000 +0.0020565169 +0.0019593750 +0.0027093618 +0.2936294922 +0.0019235570 +0.2342211449 +0.0018033855 -10.5399875000 +0.0061068182 +112.5830656250 +0.1256861823 +0.5205245293 +0.8826799555 +0.0944644668
+5.4000000000 +0.3361156250 +0.0019947852 +0.0029343750 +0.0026083128 +0.2721404297 +0.0018466290 +0.2104619591 +0.0017108530 -10.3721375000 +0.0062649033 +109.1511968750 +0.1275190376 +0.4716050854 +0.8614324039 +0.0527464934
+5.6000000000 +0.3205015625 +0.0019316490 +0.0058640625 +0.0025096692 +0.2519719727 +0.0017674861 +0.1884501575 +0.0016149482 -10.1970125000 +0.0064191276 +105.6272718750 +0.1288069925 +0.4264306317 +0.8409224234 +0.0106025697
+5.8000000000 +0.3046265625 +0.0018688128 +0.0065828125 +0.0024106662 +0.2324958008 +0.0016884999 +0.1680955692 +0.0015199999 -10.0364437500 +0.0065128448 +102.4268890625 +0.1289337784 +0.3853750571 +0.8069849777 -0.0365846773
+6.0000000000 +0.2903921875 +0.0018063352 +0.0068171875 +0.0023172992 +0.2148415039 +0.0016106515 +0.1499248005 +0.0014269499 -9.8718125000 +0.0066447744 +99.2188031250 +0.1292464958 +0.3480370169 +0.7849427066 -0.0827192474
+6.2000000000 +0.2762906250 +0.0017447551 +0.0065937500 +0.0022251957 +0.1981033203 +0.0015326729 +0.1332083687 +0.0013338387 -9.7173187500 +0.0067010944 +96.2224703125 +0.1284480417 +0.3142369312 +0.7476323094 -0.1314275406
+6.4000000000 +0.2644046875 +0.0016863293 +0.0069703125 +0.0021424841 +0.1836581055 +0.0014591903 +0.1188997494 +0.0012459814 -9.5692125000 +0.0068485576 +93.4459375000 +0.1285743318 +0.2843706667 +0.7328553242 -0.1750043770
+6.6000000000 +0.2528921875 +0.0016282160 +0.0074515625 +0.0020612037 +0.1699979492 +0.0013849912 +0.1056273235 +0.0011573963 -9.4239687500 +0.0070162850 +90.7803171875 +0.1285160014 +0.2570751290 +0.7232801420 -0.2183376244
+6.8000000000 +0.2439609375 +0.0015770878 +0.0063984375 +0.0019935160 +0.1590051758 +0.0013234192 +0.0953401814 +0.0010877453 -9.2733187500 +0.0072480358 +88.0958015625 +0.1293638971 +0.2340899688 +0.7271145064 -0.2569910817
+7.0000000000 +0.2354937500 +0.0015284215 +0.0063406250 +0.0019291189 +0.1489001953 +0.0012622607 +0.0859033516 +0.0010159404 -9.1345375000 +0.0073828819 +85.6200531250 +0.1291575629 +0.2135837463 +0.7119274404 -0.2915116230
+7.2000000000 +0.2279640625 +0.0014817268 +0.0058046875 +0.0018691876 +0.1397881836 +0.0012087464 +0.0779834515 +0.0009578475 -8.9821500000 +0.0076983411 +83.0495968750 +0.1311354681 +0.1951568218 +0.7316599545 -0.3302714626
+7.4000000000 +0.2210796875 +0.0014377279 +0.0045984375 +0.0018134053 +0.1315586914 +0.0011557230 +0.0707355122 +0.0008968667 -8.8316625000 +0.0080006787 +80.5586968750 +0.1325076918 +0.1787728934 +0.7481181479 -0.3623138055
+7.6000000000 +0.2155984375 +0.0013964173 +0.0055234375 +0.0017638837 +0.1244819336 +0.0011099628 +0.0647764462 +0.0008486796 -8.6777062500 +0.0083369146 +78.0827515625 +0.1343931106 +0.1642089418 +0.7701290308 -0.3934237595
+7.8000000000 +0.2100468750 +0.0013572706 +0.0050218750 +0.0017159677 +0.1178070312 +0.0010648809 +0.0592373459 +0.0007988963 -8.5175812500 +0.0087321585 +75.5992140625 +0.1367786682 +0.1511535211 +0.8021101150 -0.4227608735
+8.0000000000 +0.2045968750 +0.0013198944 +0.0051500000 +0.0016697171 +0.1115447266 +0.0010221996 +0.0542379036 +0.0007518022 -8.3550312500 +0.0090736070 +73.0997609375 +0.1389161713 +0.1393696906 +0.8233034373 -0.4530600203
+8.2000000000 +0.2001187500 +0.0012863366 +0.0047468750 +0.0016295049 +0.1062339844 +0.0009850764 +0.0501006775 +0.0007131234 -8.2025687500 +0.0094149507 +70.8277859375 +0.1408714393 +0.1291443322 +0.8437006161 -0.4797740375
+8.4000000000 +0.1969375000 +0.0012530178 +0.0042250000 +0.0015934920 +0.1015865234 +0.0009480980 +0.0462754173 +0.0006740877 -8.0268375000 +0.0098125060 +68.2815312500 +0.1433654562 +0.1196231324 +0.8733358273 -0.4947098401
+8.6000000000 +0.1926781250 +0.0012180120 +0.0047843750 +0.0015527725 +0.0964669922 +0.0009102283 +0.0424465004 +0.0006378035 -7.8360750000 +0.0101955495 +65.5620406250 +0.1453018761 +0.1104039671 +0.8995065915 -0.5204185505
+8.8000000000 +0.1897125000 +0.0011856440 +0.0042968750 +0.0015182427 +0.0922208984 +0.0008724360 +0.0389504799 +0.0005958109 -7.6586500000 +0.0105384847 +63.0973062500 +0.1470777223 +0.1022364832 +0.9178484354 -0.5266267229
+9.0000000000 +0.1873937500 +0.0011566721 +0.0039625000 +0.0014884248 +0.0886320313 +0.0008418530 +0.0362042984 +0.0005650685 -7.4817437500 +0.0109477304 +60.7706015625 +0.1494349694 +0.0951388688 +0.9469850907 -0.5362343656
+9.2000000000 +0.1856031250 +0.0011285482 +0.0040468750 +0.0014609670 +0.0853933594 +0.0008133015 +0.0337503983 +0.0005366611 -7.2861750000 +0.0112421995 +58.1438281250 +0.1501134451 +0.0885997206 +0.9556676738 -0.5427993566
+9.4000000000 +0.1833390625 +0.0010955161 +0.0046859375 +0.0014282636 +0.0816194336 +0.0007746894 +0.0306674770 +0.0004945772 -7.0755375000 +0.0116219388 +55.4660093750 +0.1511267126 +0.0817127179 +0.9783211337 -0.5345097096
+9.6000000000 +0.1813609375 +0.0010721336 +0.0042921875 +0.0014040315 +0.0788706055 +0.0007536138 +0.0289379238 +0.0004780697 -6.8870562500 +0.0119105307 +53.1059734375 +0.1524215377 +0.0766313597 +0.9851440359 -0.5506570735
+9.8000000000 +0.1807328125 +0.0010454842 +0.0048609375 +0.0013816857 +0.0763858398 +0.0007251753 +0.0268699657 +0.0004492462 -6.7014437500 +0.0120960803 +50.7619546875 +0.1519387394 +0.0713820250 +0.9750281305 -0.5350415741
+10.0000000000 +0.1777328125 +0.0010215048 +0.0044140625 +0.0013537757 +0.0733278320 +0.0007013230 +0.0250511265 +0.0004280137 -6.5066687500 +0.0123017951 +48.3901046875 +0.1518166516 +0.0667822070 +0.9685386344 -0.5529887683
+10.2000000000 +0.1776703125 +0.0010065940 +0.0053265625 +0.0013422707 +0.0720959961 +0.0006885436 +0.0241615215 +0.0004191132 -6.3205125000 +0.0124738193 +46.1727250000 +0.1512861373 +0.0635753038 +0.9571467493 -0.5494612944
+10.4000000000 +0.1763234375 +0.0009834245 +0.0051546875 +0.0013204955 +0.0697749023 +0.0006633250 +0.0224685390 +0.0003932195 -6.1389625000 +0.0125962656 +44.0334968750 +0.1500067704 +0.0595153042 +0.9388515235 -0.5383498205
+10.6000000000 +0.1741703125 +0.0009599672 +0.0048109375 +0.0012958938 +0.0671967773 +0.0006420465 +0.0210043545 +0.0003788135 -5.9586187500 +0.0127695393 +42.0275828125 +0.1494403590 +0.0556399692 +0.9287925105 -0.5505693440
+10.8000000000 +0.1733312500 +0.0009392981 +0.0047187500 +0.0012778174 +0.0653349609 +0.0006211956 +0.0197040184 +0.0003614485 -5.7547500000 +0.0128479685 +39.7199593750 +0.1476217866 +0.0522833166 +0.9057355024 -0.5386586339
+11.0000000000 +0.1734531250 +0.0009199735 +0.0036750000 +0.0012641849 +0.0639400391 +0.0006017656 +0.0185732033 +0.0003452208 -5.5916937500 +0.0128577737 +37.8799328125 +0.1456190082 +0.0492422582 +0.8744322405 -0.5143273381
+11.2000000000 +0.1726296875 +0.0009014943 +0.0027234375 +0.0012480112 +0.0623086914 +0.0005814555 +0.0174059925 +0.0003248496 -5.4154875000 +0.0129716682 +36.0580718750 +0.1443280391 +0.0464395463 +0.8584906903 -0.4944461714
+11.4000000000 +0.1707531250 +0.0008882838 +0.0019843750 +0.0012320168 +0.0607185547 +0.0005683662 +0.0166083488 +0.0003136663 -5.2523750000 +0.0128775003 +34.2206437500 +0.1412407627 +0.0442974386 +0.8166451966 -0.5016279837
+11.6000000000 +0.1701468750 +0.0008685988 +0.0011687500 +0.0012158037 +0.0591285156 +0.0005452251 +0.0153869995 +0.0002852264 -5.0715750000 +0.0128614754 +32.3375750000 +0.1379838215 +0.0416255952 +0.7867659952 -0.4670291124
+11.8000000000 +0.1687453125 +0.0008525771 +0.0015265625 +0.0011994599 +0.0575504883 +0.0005321670 +0.0146401279 +0.0002776453 -4.9177062500 +0.0128883953 +30.8282640625 +0.1360687161 +0.0394244173 +0.7635081070 -0.4734167140
+12.0000000000 +0.1683562500 +0.0008364108 +0.0019281250 +0.0011866279 +0.0563271484 +0.0005191406 +0.0139530251 +0.0002723365 -4.7585687500 +0.0127694827 +29.1663640625 +0.1327239821 +0.0373110954 +0.7247097238 -0.4659244488
