# T, am1a, am1e, m1a, m1e, m2a, m2e, m4a, m4e, e1a, e1e, e2a, e2e, susc, spec, bind
+2.0000000000 +0.4925625000 +0.0024980193 +0.1176208333 +0.0034582769 +0.4922218364 +0.0024965885 +0.4916005104 +0.0024944607 -11.9946888889 +0.0002456505 +143.8749753086 +0.0057803191 +4.4928723602 +0.0217239067 +0.3236533900
+2.2000000000 +0.4930930556 +0.0024958750 +0.1185097222 +0.0034578602 +0.4923164352 +0.0024926740 +0.4909124164 +0.0024880191 -11.9882555556 +0.0003702800 +143.7237555556 +0.0087015599 +4.0774201159 +0.0407922415 +0.3248596050
+2.4000000000 +0.4941791667 +0.0024925127 +0.1182652778 +0.0034595200 +0.4927178241 +0.0024865482 +0.4900877236 +0.0024779495 -11.9783222222 +0.0005055055 +143.4904246914 +0.0118666469 +3.7275716296 +0.0638839498 +0.3270914867
+2.6000000000 +0.4946486111 +0.0024873383 +0.1158347222 +0.0034595290 +0.4921513117 +0.0024772969 +0.4876929139 +0.0024630514 -11.9628000000 +0.0006707074 +143.1265777778 +0.0157100331 +3.4265639528 +0.0958257041 +0.3288371698
+2.8000000000 +0.4958979167 +0.0024799575 +0.1147506944 +0.0034596047 +0.4919223187 +0.0024642140 +0.4848815882 +0.0024421951 -11.9410166667 +0.0008552486 +142.6171370370 +0.0199774798 +3.1629545347 +0.1343479749 +0.3320847114
+3.0000000000 +0.4965576389 +0.0024689004 +0.1119145833 +0.0034563831 +0.4903882523 +0.0024452349 +0.4796475952 +0.0024129673 -11.9089000000 +0.0010800326 +141.8685580247 +0.0251261102 +2.9258251629 +0.1866352588 +0.3351542433
+3.2000000000 +0.4969048611 +0.0024536113 +0.1092798611 +0.0034488429 +0.4877227816 +0.0024196766 +0.4720669100 +0.0023748558 -11.8661861111 +0.0013311413 +140.8772503087 +0.0308151697 +2.7090938322 +0.2491786586 +0.3384902946
+3.4000000000 +0.4970708333 +0.0024336176 +0.1034541667 +0.0034397545 +0.4839792052 +0.0023871505 +0.4621753664 +0.0023276525 -11.8092500000 +0.0016201966 +139.5633870371 +0.0372793889 +2.5083507377 +0.3269942113 +0.3422934979
+3.6000000000 +0.4954041667 +0.0024071952 +0.0980666667 +0.0034190341 +0.4772088349 +0.0023457323 +0.4478266808 +0.0022692671 -11.7335805556 +0.0019533566 +137.8295367284 +0.0445908192 +2.3178354653 +0.4239557630 +0.3445014144
+3.8000000000 +0.4918888889 +0.0023735267 +0.0920708333 +0.0033868230 +0.4672998457 +0.0022956544 +0.4291703070 +0.0022021419 -11.6363805556 +0.0023446964 +135.6252564815 +0.0529934621 +2.1348489474 +0.5482372382 +0.3448856133
+4.0000000000 +0.4817819444 +0.0023305312 +0.0833486111 +0.0033257400 +0.4493688657 +0.0022340207 +0.4015663092 +0.0021203092 -11.5131722222 +0.0027588855 +132.8575925926 +0.0616796510 +1.9552952137 +0.6850304416 +0.3371274183
+4.2000000000 +0.4692520833 +0.0022782843 +0.0738159722 +0.0032495073 +0.4278206983 +0.0021617539 +0.3699577461 +0.0020265382 -11.3639861111 +0.0031631349 +129.5403972222 +0.0699301621 +1.7796272622 +0.8167691606 +0.3262368016
+4.4000000000 +0.4492083333 +0.0022165674 +0.0644347222 +0.0031391206 +0.3983149691 +0.0020790838 +0.3315583972 +0.0019198610 -11.1876472222 +0.0035747354 +125.6745996914 +0.0780074172 +1.6079468924 +0.9504842773 +0.3033967107
+4.6000000000 +0.4236541667 +0.0021424451 +0.0550750000 +0.0030002185 +0.3630856867 +0.0019821957 +0.2889952121 +0.0017953529 -10.9833055556 +0.0039239501 +121.2488962963 +0.0844901075 +1.4368917427 +1.0478371127 +0.2692797626
+4.8000000000 +0.3930388889 +0.0020574659 +0.0441916667 +0.0028366058 +0.3238062114 +0.0018719036 +0.2450113847 +0.0016554128 -10.7693361111 +0.0041795062 +116.6773311729 +0.0887964886 +1.2699498243 +1.0917670293 +0.2210767642
+5.0000000000 +0.3609569444 +0.0019609696 +0.0347680556 +0.0026594039 +0.2841059799 +0.0017489423 +0.2030681688 +0.0015043520 -10.5504027778 +0.0043383616 +112.0638540124 +0.0909100381 +1.1074756622 +1.0841115442 +0.1613903650
+5.2000000000 +0.3307333333 +0.0018608815 +0.0279222222 +0.0024855587 +0.2478997299 +0.0016228689 +0.1668024152 +0.0013531082 -10.3400111111 +0.0043989104 +107.6898462963 +0.0909028857 +0.9589513303 +1.0304953647 +0.0952492067
+5.4000000000 +0.3021805556 +0.0017538479 +0.0184430556 +0.0023130729 +0.2143523920 +0.0014899869 +0.1347493847 +0.0011988887 -10.1317388889 +0.0044083722 +103.4294827161 +0.0896299041 +0.8202620255 +0.9596911153 +0.0224277435
+5.6000000000 +0.2767701389 +0.0016506575 +0.0116090278 +0.0021532171 +0.1855885224 +0.0013621274 +0.1086587456 +0.0010535888 -9.9444305556 +0.0043696431 +99.6554503086 +0.0874637413 +0.7006295095 +0.8767552435 -0.0515773047
+5.8000000000 +0.2532277778 +0.0015526827 +0.0089083333 +0.0020029846 +0.1605572531 +0.0012412973 +0.0874113932 +0.0009194874 -9.7739000000 +0.0043322606 +96.2798604938 +0.0851643973 +0.5985493178 +0.8034070814 -0.1302823055
+6.0000000000 +0.2330555556 +0.0014624575 +0.0063694444 +0.0018696630 +0.1398661651 +0.0011333337 +0.0709403565 +0.0008052867 -9.6193416667 +0.0043073030 +93.2738484568 +0.0831721327 +0.5133076389 +0.7421143567 -0.2087786399
+6.2000000000 +0.2160756944 +0.0013789751 +0.0054520833 +0.0017515841 +0.1227516011 +0.0010349568 +0.0579133748 +0.0007047560 -9.4743444444 +0.0043210254 +90.5100530864 +0.0818061910 +0.4416555214 +0.6994436951 -0.2811597558
+6.4000000000 +0.2020861111 +0.0013068664 +0.0039041667 +0.0016518137 +0.1091547840 +0.0009524920 +0.0482044081 +0.0006234395 -9.3353722222 +0.0043822599 +87.9173425926 +0.0811830357 +0.3842774305 +0.6751477135 -0.3485900496
+6.6000000000 +0.1907868056 +0.0012405187 +0.0030173611 +0.0015648160 +0.0979550733 +0.0008776601 +0.0404066849 +0.0005509635 -9.2038777778 +0.0044434823 +85.5011475309 +0.0807408724 +0.3357570989 +0.6527118864 -0.4037122772
+6.8000000000 +0.1803208333 +0.0011795574 +0.0020958333 +0.0014846333 +0.0881698302 +0.0008109079 +0.0340767862 +0.0004885411 -9.0764166667 +0.0045748878 +83.2185234568 +0.0815481290 +0.2946400270 +0.6517868122 -0.4611586250
+7.0000000000 +0.1726833333 +0.0011277045 +0.0008861111 +0.0014202768 +0.0806882330 +0.0007557379 +0.0293561811 +0.0004413161 -8.9461194444 +0.0047437409 +80.9331762346 +0.0828300641 +0.2616104541 +0.6613149455 -0.5029962368
+7.2000000000 +0.1644444444 +0.0010741410 +0.0013347222 +0.0013526950 +0.0731931327 +0.0006986787 +0.0248833105 +0.0003881504 -8.8135194444 +0.0049317675 +78.6510182099 +0.0841710345 +0.2307557870 +0.6756202863 -0.5482683406
+7.4000000000 +0.1584020833 +0.0010307952 +0.0007104167 +0.0012999256 +0.0675927662 +0.0006544245 +0.0216996368 +0.0003504267 -8.6742111111 +0.0051597427 +76.3068561728 +0.0861258920 +0.2067642788 +0.7000920347 -0.5831817344
+7.6000000000 +0.1536062500 +0.0009906202 +0.0002201389 +0.0012534748 +0.0628480131 +0.0006123395 +0.0189482584 +0.0003149434 -8.5285916667 +0.0053971581 +73.9020484568 +0.0879804530 +0.1859358935 +0.7262156344 -0.5990606628
+7.8000000000 +0.1487715278 +0.0009527302 +0.0003604167 +0.0012087248 +0.0584407600 +0.0005747396 +0.0166283481 +0.0002840302 -8.3811388889 +0.0057137933 +71.5493864197 +0.0909195693 +0.1675744272 +0.7727203224 -0.6229163745
+8.0000000000 +0.1453152778 +0.0009220290 +0.0000500000 +0.0011739040 +0.0551220293 +0.0005476589 +0.0150356484 +0.0002647310 -8.2277027778 +0.0060631818 +69.1655799383 +0.0944333495 +0.1530247471 +0.8271489031 -0.6494931255
+8.2000000000 +0.1420138889 +0.0008907543 +0.0004333333 +0.0011391387 +0.0519056713 +0.0005187726 +0.0134591997 +0.0002446436 -8.0593472222 +0.0064102610 +66.5967354938 +0.0972625741 +0.1393363609 +0.8800071749 -0.6652074979
+8.4000000000 +0.1384173611 +0.0008583304 +0.0006826389 +0.0011025895 +0.0486286073 +0.0004897731 +0.0119598481 +0.0002233271 -7.8790694444 +0.0067551059 +63.9049935185 +0.1000529905 +0.1262967488 +0.9312541878 -0.6858570455
+8.6000000000 +0.1359555556 +0.0008293731 +0.0005055556 +0.0010723578 +0.0459983025 +0.0004638381 +0.0107216747 +0.0002000672 -7.6910750000 +0.0071110279 +61.1753033951 +0.1027627325 +0.1151765137 +0.9845331885 -0.6891093385
+8.8000000000 +0.1339805556 +0.0008034320 +0.0009430556 +0.0010460643 +0.0437709105 +0.0004403314 +0.0096715623 +0.0001833566 -7.4867000000 +0.0075476996 +58.3293876543 +0.1061845228 +0.1056277687 +1.0593180206 -0.6826904044
+9.0000000000 +0.1317916667 +0.0007771143 -0.0000541667 +0.0010188879 +0.0415253086 +0.0004196789 +0.0087695676 +0.0001721919 -7.2605444444 +0.0079227032 +55.2262746914 +0.1084285664 +0.0966250610 +1.1158973607 -0.6952399785
+9.2000000000 +0.1300694444 +0.0007501446 +0.0009055556 +0.0009927980 +0.0394267361 +0.0003977895 +0.0078839280 +0.0001569511 -7.0364250000 +0.0081784110 +52.1867330247 +0.1092270128 +0.0880774268 +1.1379539790 -0.6905956369
+9.4000000000 +0.1275875000 +0.0007199775 +0.0008236111 +0.0009619329 +0.0370132716 +0.0003707055 +0.0068668859 +0.0001380439 -6.8016111111 +0.0085271297 +49.1703913580 +0.1109312482 +0.0794094949 +1.1849841042 -0.6707967709
+9.6000000000 +0.1274347222 +0.0006999148 +0.0004458333 +0.0009465020 +0.0358348380 +0.0003521927 +0.0062457239 +0.0001212938 -6.5589777778 +0.0087002164 +46.0479401235 +0.1101721577 +0.0734821108 +1.1827150914 -0.6212524274
+9.8000000000 +0.1267520833 +0.0006824742 +0.0004993056 +0.0009313523 +0.0346969329 +0.0003372227 +0.0057526440 +0.0001115872 -6.3190222222 +0.0089167257 +43.1103617284 +0.1101145795 +0.0684398286 +1.1921232383 -0.5928103488
+10.0000000000 +0.1256847222 +0.0006597718 +0.0003236111 +0.0009111600 +0.0332086034 +0.0003171620 +0.0051264798 +0.0000991169 -6.0816888889 +0.0090621283 +40.2718265432 +0.1089908439 +0.0626830344 +1.1825592487 -0.5495185347
+10.2000000000 +0.1237138889 +0.0006389463 +0.0007416667 +0.0008893069 +0.0316352238 +0.0003047292 +0.0047151817 +0.0000981187 -5.8489027778 +0.0091460520 +37.5556743827 +0.1072256122 +0.0576356381 +1.1577891622 -0.5704906609
+10.4000000000 +0.1223736111 +0.0006182547 +0.0012763889 +0.0008698164 +0.0302648534 +0.0002893218 +0.0042642451 +0.0000911768 -5.6323888889 +0.0091478237 +35.0711117284 +0.1048685736 +0.0529253747 +1.1141184983 -0.5518286031
+10.6000000000 +0.1210604167 +0.0006034332 +0.0012395833 +0.0008546835 +0.0292208912 +0.0002775694 +0.0039356507 +0.0000848398 -5.4158777778 +0.0091263025 +32.6633080247 +0.1021868472 +0.0494669436 +1.0674326553 -0.5364144272
+10.8000000000 +0.1209944444 +0.0005875050 +0.0016000000 +0.0008432613 +0.0284461420 +0.0002652175 +0.0036227962 +0.0000779492 -5.2174222222 +0.0090610461 +30.5055969136 +0.0989732318 +0.0460216213 +1.0136118113 -0.4923678958
+11.0000000000 +0.1212590278 +0.0005765790 +0.0006381944 +0.0008366761 +0.0280014853 +0.0002576393 +0.0034392026 +0.0000757089 -5.0151277778 +0.0089432783 +28.3507956790 +0.0951468066 +0.0435198552 +0.9518545939 -0.4620908805
+11.2000000000 +0.1189368056 +0.0005612143 +0.0006854167 +0.0008176790 +0.0267444252 +0.0002455231 +0.0031265280 +0.0000681736 -4.8198000000 +0.0087783459 +26.3128462963 +0.0908837354 +0.0404950546 +0.8846099588 -0.4570502653
+11.4000000000 +0.1195229167 +0.0005532892 +0.0011715278 +0.0008143941 +0.0265308835 +0.0002398498 +0.0030050046 +0.0000636176 -4.6411805556 +0.0086100387 +24.5058675926 +0.0868940490 +0.0386689133 +0.8214156907 -0.4230509950
+11.6000000000 +0.1189638889 +0.0005411702 +0.0010833333 +0.0008041430 +0.0258670139 +0.0002309604 +0.0028028113 +0.0000598080 -4.4862777778 +0.0084995751 +23.0163993827 +0.0836489690 +0.0363556770 +0.7731093861 -0.3963040814
+11.8000000000 +0.1189680556 +0.0005318047 +0.0005916667 +0.0007978988 +0.0254660494 +0.0002231657 +0.0026406361 +0.0000562965 -4.3355861111 +0.0084317085 +21.6410552469 +0.0810640396 +0.0345131730 +0.7352408756 -0.3572634473
+12.0000000000 +0.1183347222 +0.0005257531 +0.0007916667 +0.0007915039 +0.0250597608 +0.0002164826 +0.0025025803 +0.0000501138 -4.1992583333 +0.0082749522 +20.3727638889 +0.0777496372 +0.0331699630 +0.6847483347 -0.3283512161
