# T, am1a, am1e, m1a, m1e, m2a, m2e, m4a, m4e, e1a, e1e, e2a, e2e, susc, spec, bind
+2.0000000000 +0.5186222222 +0.0024964866 -0.0425972222 +0.0035932308 +0.5182668210 +0.0024950809 +0.5176176531 +0.0024930116 -11.9938777778 +0.0002657182 +143.8559283951 +0.0062484638 +4.4873606089 +0.0254182211 +0.3576362697
+2.2000000000 +0.5181694444 +0.0024943368 -0.0439722222 +0.0035896889 +0.5173682099 +0.0024912033 +0.5159136250 +0.0024866633 -11.9869111111 +0.0003890964 +143.6920938272 +0.0091451008 +4.0723958736 +0.0450434490 +0.3575249548
+2.4000000000 +0.5169027778 +0.0024909850 -0.0452000000 +0.0035824073 +0.5153887346 +0.0024850916 +0.5126527573 +0.0024766301 -11.9756388889 +0.0005322412 +143.4272580247 +0.0124974586 +3.7230037934 +0.0708201726 +0.3566723762
+2.6000000000 +0.5151395833 +0.0024858045 -0.0445243056 +0.0035726578 +0.5125377508 +0.0024758238 +0.5078830904 +0.0024617556 -11.9585388889 +0.0006996161 +143.0262308642 +0.0163957296 +3.4223394525 +0.1042642392 +0.3555476949
+2.8000000000 +0.5130513889 +0.0024778967 -0.0452791667 +0.0035593904 +0.5088206019 +0.0024621650 +0.5013886581 +0.0024406339 -11.9337500000 +0.0009019844 +142.4469320988 +0.0210586514 +3.1576998113 +0.1494323094 +0.3544589323
+3.0000000000 +0.5090375000 +0.0024674822 -0.0432416667 +0.0035383190 +0.5026579090 +0.0024439653 +0.4915836263 +0.0024123002 -11.8993722222 +0.0011207221 +141.6453000000 +0.0260754707 +2.9224647905 +0.2009628680 +0.3514684424
+3.2000000000 +0.5046736111 +0.0024533838 -0.0395152778 +0.0035138927 +0.4954591435 +0.0024202590 +0.4797859151 +0.0023766308 -11.8568055556 +0.0013548067 +140.6572580247 +0.0313778934 +2.7085915099 +0.2581173367 +0.3485058138
+3.4000000000 +0.4980555556 +0.0024344419 -0.0363736111 +0.0034777744 +0.4851196373 +0.0023888963 +0.4636140850 +0.0023304168 -11.7987666667 +0.0016326072 +139.3175111111 +0.0375759907 +2.5100502451 +0.3320229446 +0.3433443928
+3.6000000000 +0.4907847222 +0.0024091676 -0.0348597222 +0.0034344504 +0.4730331790 +0.0023489679 +0.4444663926 +0.0022739057 -11.7237777778 +0.0019568694 +137.6001388889 +0.0446726875 +2.3216353545 +0.4254819616 +0.3378834153
+3.8000000000 +0.4815763889 +0.0023745274 -0.0348180556 +0.0033772724 +0.4574510417 +0.0022968802 +0.4202878018 +0.0022030226 -11.6270138889 +0.0023219175 +135.4031040124 +0.0524734119 +2.1366494842 +0.5376366646 +0.3305220325
+4.0000000000 +0.4689020833 +0.0023312230 -0.0278090278 +0.0033033310 +0.4372531829 +0.0022345405 +0.3909171926 +0.0021202965 -11.5080555556 +0.0027145040 +132.7300839506 +0.0606966713 +1.9564561720 +0.6631678819 +0.3184502583
+4.2000000000 +0.4509555556 +0.0022757289 -0.0212194444 +0.0032018289 +0.4105185957 +0.0021575426 +0.3547251128 +0.0020202956 -11.3588055556 +0.0031330178 +129.4150956790 +0.0692394575 +1.7756372794 +0.8012898573 +0.2983750706
+4.4000000000 +0.4289680556 +0.0022097979 -0.0186236111 +0.0030781286 +0.3793418596 +0.0020700430 +0.3153033640 +0.0019079216 -11.1844111111 +0.0035543507 +125.5963882716 +0.0774855996 +1.5981403654 +0.9396750668 +0.2696251471
+4.6000000000 +0.4041430556 +0.0021284548 -0.0111375000 +0.0029343669 +0.3445444059 +0.0019640460 +0.2730099146 +0.0017734995 -10.9811333333 +0.0039121455 +121.1974845679 +0.0841698414 +1.4181871031 +1.0415420701 +0.2334036301
+4.8000000000 +0.3770944444 +0.0020368595 -0.0089569444 +0.0027752111 +0.3081520833 +0.0018468017 +0.2313847746 +0.0016269572 -10.7600111111 +0.0041969155 +116.4824030864 +0.0890220257 +1.2446389748 +1.1008812112 +0.1877619936
+5.0000000000 +0.3467875000 +0.0019367768 -0.0063722222 +0.0025993516 +0.2703057485 +0.0017199338 +0.1913920908 +0.0014718248 -10.5433916667 +0.0043570360 +111.9224583334 +0.0911477464 +1.0803180838 +1.0934647151 +0.1268433445
+5.2000000000 +0.3193743056 +0.0018340455 -0.0039576389 +0.0024317339 +0.2365488619 +0.0015912882 +0.1572432958 +0.0013199784 -10.3288194444 +0.0044229489 +107.4670101852 +0.0912642737 +0.9314924873 +1.0417887017 +0.0632813705
+5.4000000000 +0.2942736111 +0.0017337125 -0.0027319444 +0.0022738725 +0.2068273148 +0.0014649339 +0.1286187961 +0.0011723124 -10.1303555556 +0.0044049864 +103.4002598766 +0.0896312497 +0.8015357108 +0.9582175242 -0.0022299992
+5.6000000000 +0.2701944444 +0.0016311521 +0.0000486111 +0.0021179667 +0.1794313272 +0.0013384119 +0.1038494585 +0.0010299493 -9.9395222222 +0.0043731711 +99.5590870370 +0.0874772197 +0.6841690030 +0.8781715917 -0.0751930362
+5.8000000000 +0.2483770833 +0.0015378090 +0.0010673611 +0.0019766404 +0.1562854360 +0.0012262692 +0.0845745874 +0.0009100806 -9.7699750000 +0.0043434690 +96.2070404321 +0.0854031235 +0.5871367889 +0.8075696056 -0.1542014512
+6.0000000000 +0.2307340278 +0.0014523035 +0.0008076389 +0.0018547571 +0.1376056134 +0.0011245358 +0.0695185386 +0.0008025173 -9.6140750000 +0.0043149499 +93.1751898148 +0.0833471862 +0.5062045311 +0.7447517092 -0.2237905002
+6.2000000000 +0.2152208333 +0.0013711578 +0.0011541667 +0.0017429976 +0.1215229552 +0.0010265701 +0.0569216757 +0.0006972980 -9.4687888889 +0.0043213865 +90.4049382716 +0.0817944268 +0.4366622796 +0.6995605872 -0.2848125711
+6.4000000000 +0.2021041667 +0.0013006428 -0.0002791667 +0.0016470647 +0.1085129630 +0.0009453391 +0.0475217042 +0.0006153803 -9.3360472222 +0.0043661481 +87.9243077160 +0.0810917596 +0.3806261369 +0.6701923657 -0.3452639622
+6.6000000000 +0.1913493056 +0.0012368109 +0.0003868056 +0.0015636692 +0.0978026042 +0.0008748150 +0.0401773993 +0.0005487017 -9.1993666667 +0.0044402302 +85.4169728395 +0.0807506887 +0.3337529860 +0.6517568361 -0.4001021722
+6.8000000000 +0.1818256944 +0.0011814144 -0.0002340278 +0.0014907224 +0.0888901813 +0.0008129797 +0.0343389022 +0.0004882843 -9.0692222222 +0.0045661621 +83.0847851852 +0.0812799354 +0.2955684609 +0.6493028739 -0.4486303107
+7.0000000000 +0.1738027778 +0.0011298221 -0.0005236111 +0.0014253688 +0.0812673225 +0.0007571972 +0.0295382812 +0.0004365240 -8.9369250000 +0.0047403271 +80.7674564815 +0.0825504363 +0.2625938587 +0.6603634476 -0.4908435239
+7.2000000000 +0.1665368056 +0.0010821753 -0.0005354167 +0.0013654519 +0.0745786458 +0.0007063057 +0.0255166820 +0.0003906574 -8.8063333333 +0.0049487014 +78.5310925926 +0.0843154836 +0.2342206911 +0.6802679269 -0.5292340502
+7.4000000000 +0.1600986111 +0.0010367871 -0.0011222222 +0.0013098416 +0.0686286651 +0.0006584785 +0.0220536513 +0.0003495084 -8.6686444444 +0.0051838196 +76.2202759259 +0.0864224523 +0.2091750803 +0.7066409639 -0.5608031982
+7.6000000000 +0.1552506944 +0.0009984554 -0.0020145833 +0.0012646664 +0.0639793017 +0.0006203094 +0.0194847009 +0.0003179727 -8.5306222222 +0.0054354090 +73.9532623457 +0.0885087129 +0.1888887959 +0.7365458190 -0.5866951613
+7.8000000000 +0.1502736111 +0.0009592626 -0.0024583333 +0.0012184365 +0.0593895448 +0.0005826499 +0.0171063525 +0.0002868205 -8.3751805556 +0.0057430441 +71.4629515432 +0.0913712314 +0.1698802456 +0.7806521923 -0.6166506071
+8.0000000000 +0.1460923611 +0.0009233816 -0.0020965278 +0.0011773267 +0.0554483218 +0.0005489442 +0.0151281037 +0.0002608721 -8.2260000000 +0.0060615387 +69.1367660494 +0.0941110399 +0.1534740470 +0.8267006528 -0.6401607930
+8.2000000000 +0.1426944444 +0.0008914750 -0.0028236111 +0.0011417403 +0.0521508102 +0.0005183812 +0.0134684679 +0.0002354376 -8.0567972222 +0.0064099550 +66.5554824074 +0.0971647608 +0.1395619275 +0.8799231616 -0.6507253499
+8.4000000000 +0.1400576389 +0.0008622288 -0.0036520833 +0.0011106344 +0.0493536844 +0.0004897854 +0.0120313759 +0.0002120860 -7.8767805556 +0.0067884138 +63.8869743827 +0.1003083914 +0.1274466094 +0.9404604400 -0.6464740185
+8.6000000000 +0.1379291667 +0.0008337176 -0.0028069444 +0.0010818962 +0.0468278549 +0.0004653150 +0.0108535702 +0.0001947942 -7.6814777778 +0.0071898888 +61.0728808642 +0.1036642617 +0.1163863253 +1.0064910829 -0.6498438212
+8.8000000000 +0.1353111111 +0.0008062576 -0.0030041667 +0.0010524035 +0.0443111497 +0.0004407675 +0.0097345160 +0.0001791767 -7.4751638889 +0.0075377269 +58.1507682099 +0.1060929251 +0.1063720346 +1.0565205267 -0.6525974180
+9.0000000000 +0.1332229167 +0.0007792752 -0.0034729167 +0.0010250253 +0.0420391397 +0.0004198428 +0.0088180082 +0.0001664952 -7.2536472222 +0.0079240577 +55.1270256173 +0.1086317461 +0.0971631765 +1.1162789301 -0.6631890095
+9.2000000000 +0.1314909722 +0.0007545847 -0.0037326389 +0.0010006481 +0.0400657986 +0.0004004974 +0.0080211942 +0.0001563908 -7.0307916667 +0.0082643782 +52.1640293210 +0.1100788739 +0.0891231763 +1.1620028709 -0.6655979113
+9.4000000000 +0.1299777778 +0.0007292108 -0.0032833333 +0.0009766445 +0.0381641590 +0.0003802314 +0.0072395387 +0.0001445856 -6.7888722222 +0.0085635006 +49.0221277778 +0.1110406338 +0.0814593303 +1.1951143302 -0.6568311380
+9.6000000000 +0.1284159722 +0.0007073704 -0.0022840278 +0.0009552533 +0.0365055748 +0.0003631150 +0.0066067571 +0.0001362999 -6.5645277778 +0.0087774645 +46.1747802469 +0.1114214597 +0.0750559235 +1.2038106647 -0.6525275248
+9.8000000000 +0.1278326389 +0.0006829747 -0.0018131944 +0.0009353619 +0.0349993634 +0.0003407738 +0.0058700261 +0.0001195674 -6.3142666667 +0.0089750013 +43.0919895062 +0.1106950598 +0.0685402525 +1.2077565063 -0.5973441041
+10.0000000000 +0.1267333333 +0.0006643247 -0.0009416667 +0.0009180624 +0.0337144290 +0.0003265997 +0.0054033560 +0.0001106230 -6.0775833333 +0.0090749341 +40.2311962963 +0.1094747583 +0.0635511284 +1.1859037642 -0.5845673751
+10.2000000000 +0.1258840278 +0.0006466592 -0.0018937500 +0.0009023570 +0.0325735147 +0.0003124525 +0.0049660974 +0.0001035128 -5.8540083333 +0.0091631530 +37.6279484568 +0.1077600116 +0.0590355043 +1.1621227993 -0.5601441684
+10.4000000000 +0.1241395833 +0.0006251441 -0.0026784722 +0.0008808472 +0.0310428434 +0.0002961846 +0.0044726713 +0.0000948032 -5.6150666667 +0.0091674854 +34.8906851852 +0.1049118967 +0.0541114865 +1.1189128560 -0.5471155023
+10.6000000000 +0.1231618056 +0.0006070600 -0.0015826389 +0.0008646849 +0.0299097029 +0.0002807933 +0.0040483844 +0.0000835857 -5.3980027778 +0.0090897220 +32.4433558642 +0.1014583107 +0.0500633409 +1.0588927333 -0.5084686639
+10.8000000000 +0.1226333333 +0.0005883914 -0.0019611111 +0.0008497539 +0.0288871142 +0.0002666103 +0.0036777067 +0.0000770285 -5.1828500000 +0.0090470493 +30.1358981482 +0.0985533668 +0.0461605992 +1.0104827240 -0.4690870333
+11.0000000000 +0.1211159722 +0.0005736170 -0.0007173611 +0.0008341166 +0.0278305363 +0.0002531395 +0.0033377225 +0.0000692002 -5.0076361111 +0.0089716013 +28.2960046296 +0.0953782776 +0.0430738610 +0.9578931198 -0.4364344978
+11.2000000000 +0.1205486111 +0.0005614122 -0.0001763889 +0.0008237002 +0.0271393133 +0.0002443114 +0.0031240644 +0.0000642413 -4.8315833333 +0.0088299671 +26.4629302469 +0.0916518964 +0.0405236110 +0.8950444726 -0.4138424427
+11.4000000000 +0.1205652778 +0.0005532332 -0.0005791667 +0.0008182043 +0.0267786651 +0.0002375295 +0.0029739083 +0.0000626959 -4.6484777778 +0.0087233899 +24.6522469136 +0.0881476274 +0.0386610913 +0.8431859455 -0.3823832679
+11.6000000000 +0.1196000000 +0.0005417728 -0.0017236111 +0.0008068751 +0.0260448688 +0.0002306753 +0.0028067792 +0.0000588500 -4.4818000000 +0.0085832177 +23.0333962963 +0.0849532021 +0.0364366826 +0.7884002826 -0.3792488977
+11.8000000000 +0.1193812500 +0.0005349338 -0.0018701389 +0.0008014760 +0.0256980517 +0.0002265825 +0.0027139749 +0.0000592793 -4.3315750000 +0.0084799905 +21.6389515432 +0.0820095908 +0.0349205151 +0.7436853221 -0.3698852075
+12.0000000000 +0.1188701389 +0.0005252875 -0.0006729167 +0.0007932013 +0.0251671875 +0.0002197604 +0.0025651723 +0.0000565594 -4.1913861111 +0.0082692630 +20.3029459877 +0.0779790028 +0.0331112327 +0.6838071138 -0.3499755756
