# T, am1a, am1e, m1a, m1e, m2a, m2e, m4a, m4e, e1a, e1e, e2a, e2e, susc, spec, bind
+2.0000000000 +0.6235640625 +0.0024204050 -0.2637625000 +0.0037202013 +0.6231665527 +0.0024190569 +0.6224100080 +0.0024168411 -11.9948718750 +0.0001794544 +143.8782394531 +0.0042601609 +7.4987012062 +0.0206104873 +0.4657469111
+2.2000000000 +0.6212289063 +0.0024211960 -0.2598585937 +0.0037178168 +0.6204129639 +0.0024184418 +0.6188666795 +0.0024139690 -11.9890843750 +0.0002647591 +143.7409480469 +0.0062792608 +6.8214577427 +0.0370763108 +0.4640625352
+2.4000000000 +0.6197476562 +0.0024189222 -0.2564351563 +0.0037160986 +0.6181345459 +0.0024134996 +0.6150895301 +0.0024047732 -11.9787812500 +0.0003719327 +143.4967335938 +0.0088115798 +6.2412636926 +0.0614817600 +0.4633995306
+2.6000000000 +0.6158968750 +0.0024172198 -0.2523078125 +0.0037060349 +0.6130470215 +0.0024076844 +0.6077044135 +0.0023925697 -11.9627781250 +0.0004975938 +143.1179644531 +0.0117693435 +5.7530599594 +0.0937655398 +0.4610064573
+2.8000000000 +0.6108453125 +0.0024135290 -0.2430906250 +0.0036981206 +0.6061368774 +0.0023978840 +0.5973958117 +0.0023735478 -11.9391812500 +0.0006457702 +142.5607296875 +0.0152323822 +5.3258258660 +0.1361695277 +0.4579997285
+3.0000000000 +0.6071636719 +0.0024038360 -0.2333792969 +0.0036922857 +0.5997848328 +0.0023796368 +0.5862487060 +0.0023427844 -11.9065562500 +0.0008098108 +141.7923134766 +0.0190413892 +4.9309249775 +0.1865368331 +0.4567875889
+3.2000000000 +0.6016832031 +0.0023904812 -0.2191605469 +0.0036829585 +0.5905986877 +0.0023547708 +0.5706046377 +0.0023017744 -11.8616828125 +0.0010027805 +140.7397418945 +0.0234707517 +4.5715202164 +0.2513921886 +0.4547080491
+3.4000000000 +0.5933074219 +0.0023737166 -0.2021417969 +0.0036624227 +0.5773949158 +0.0023235571 +0.5493415955 +0.0022514390 -11.8021812500 +0.0012246170 +139.3514697266 +0.0284963187 +4.2424700032 +0.3321105534 +0.4507433560
+3.6000000000 +0.5842921875 +0.0023481296 -0.1793593750 +0.0036392859 +0.5619458618 +0.0022801201 +0.5237410578 +0.0021860412 -11.7247000000 +0.0014802999 +137.5562416016 +0.0341858182 +3.9208622479 +0.4328469707 +0.4471511488
+3.8000000000 +0.5701218750 +0.0023152291 -0.1583960937 +0.0035859485 +0.5394503906 +0.0022253287 +0.4890902438 +0.0021050636 -11.6230468750 +0.0017791702 +135.2218365234 +0.0406749580 +3.6111400130 +0.5611872133 +0.4397721157
+4.0000000000 +0.5510289063 +0.0022714826 -0.1338664062 +0.0035074847 +0.5100181763 +0.0021561780 +0.4460826809 +0.0020056370 -11.4923296875 +0.0021124495 +132.2521393555 +0.0476927198 +3.3021651319 +0.7139908371 +0.4283597513
+4.2000000000 +0.5225089844 +0.0022186585 -0.1105519531 +0.0033826459 +0.4699134583 +0.0020751127 +0.3930623733 +0.0018901187 -11.3272906250 +0.0024825661 +128.5540382813 +0.0552204165 +3.0003477257 +0.8944231403 +0.4066588751
+4.4000000000 +0.4847660156 +0.0021523279 -0.0799472656 +0.0032167807 +0.4202987000 +0.0019791934 +0.3333392588 +0.0017560913 -11.1290187500 +0.0028723946 +124.1850843750 +0.0628407955 +2.6952816007 +1.0909951641 +0.3710022132
+4.6000000000 +0.4379562500 +0.0020662152 -0.0472203125 +0.0030014402 +0.3625754883 +0.0018603483 +0.2698968092 +0.0015965243 -10.8956078125 +0.0032020113 +119.1243846680 +0.0688861544 +2.3759278103 +1.2404236345 +0.3156478840
+4.8000000000 +0.3855785156 +0.0019538660 -0.0178792969 +0.0027434231 +0.3013744812 +0.0017110720 +0.2079372787 +0.0014054589 -10.6428421875 +0.0033846798 +113.7283321289 +0.0716332560 +2.0360491932 +1.2728952802 +0.2368706626
+5.0000000000 +0.3330679687 +0.0018205057 -0.0002906250 +0.0024673054 +0.2435039185 +0.0015430456 +0.1545337446 +0.0012076765 -10.4004687500 +0.0034352513 +108.6417882813 +0.0715432314 +1.6968914771 +1.2084174375 +0.1312593066
+5.2000000000 +0.2850707031 +0.0016691093 +0.0098269531 +0.0021943437 +0.1927023376 +0.0013561251 +0.1106972078 +0.0009999505 -10.1724375000 +0.0033762182 +103.9344386719 +0.0691107759 +1.3715326999 +1.0791810189 +0.0063316765
+5.4000000000 +0.2460003906 +0.0015203835 +0.0124558594 +0.0019546335 +0.1529788269 +0.0011787803 +0.0789834416 +0.0008179358 -9.9721953125 +0.0032665169 +99.8714846680 +0.0657309823 +1.0958534485 +0.9367469242 -0.1249990259
+5.6000000000 +0.2155382812 +0.0013848793 +0.0123976562 +0.0017537009 +0.1231723755 +0.0010212633 +0.0568905799 +0.0006628627 -9.7980531250 +0.0031649705 +96.4025265625 +0.0625493808 +0.8767499978 +0.8177173922 -0.2499495119
+5.8000000000 +0.1918925781 +0.0012698727 +0.0118910156 +0.0015904750 +0.1013258240 +0.0008915711 +0.0420628840 +0.0005445550 -9.6485312500 +0.0030819559 +93.4740933594 +0.0598822080 +0.7117579303 +0.7228310624 -0.3656440091
+6.0000000000 +0.1736503906 +0.0011727623 +0.0116222656 +0.0014580316 +0.0851693176 +0.0007833570 +0.0317997424 +0.0004472411 -9.5154843750 +0.0030380685 +90.9136373047 +0.0579857555 +0.5868251676 +0.6563456246 -0.4612886532
+6.2000000000 +0.1584742188 +0.0010866158 +0.0109187500 +0.0013437281 +0.0723434326 +0.0006915374 +0.0243625318 +0.0003690880 -9.3919984375 +0.0030189886 +88.5742063477 +0.0566892631 +0.4875288218 +0.6069872177 -0.5516827804
+6.4000000000 +0.1474941406 +0.0010172120 +0.0094863281 +0.0012555212 +0.0631433289 +0.0006181646 +0.0192721797 +0.0003079196 -9.2714000000 +0.0030682545 +86.3354253906 +0.0566269677 +0.4138880734 +0.5883866104 -0.6112192237
+6.6000000000 +0.1384691406 +0.0009576888 +0.0072699219 +0.0011811813 +0.0558604187 +0.0005588449 +0.0156126892 +0.0002607357 -9.1496421875 +0.0031631279 +84.1161672852 +0.0573633923 +0.3557499714 +0.5880112042 -0.6678158145
+6.8000000000 +0.1311250000 +0.0009076247 +0.0064960938 +0.0011191835 +0.0501450684 +0.0005106297 +0.0129442336 +0.0002249887 -9.0347718750 +0.0032716306 +82.0552455078 +0.0583548394 +0.3101299081 +0.5925850166 -0.7159262998
+7.0000000000 +0.1241277344 +0.0008583190 +0.0055503906 +0.0010588360 +0.0448761536 +0.0004638061 +0.0106185124 +0.0001909078 -8.9131937500 +0.0034133885 +79.9110716797 +0.0598123312 +0.2694259120 +0.6087168714 -0.7575640998
+7.2000000000 +0.1182855469 +0.0008148432 +0.0050722656 +0.0010065352 +0.0405502502 +0.0004247283 +0.0088600878 +0.0001658794 -8.7874812500 +0.0035672065 +77.7288251953 +0.0614353050 +0.2360780413 +0.6283931805 -0.7960966057
+7.4000000000 +0.1134667969 +0.0007762934 +0.0033285156 +0.0009613649 +0.0369799744 +0.0003909337 +0.0074806846 +0.0001428900 -8.6555312500 +0.0037705895 +75.4869150391 +0.0637197857 +0.2084779275 +0.6646531124 -0.8234206953
+7.6000000000 +0.1096046875 +0.0007430742 +0.0026960938 +0.0009232049 +0.0340995605 +0.0003622435 +0.0064115948 +0.0001241358 -8.5189796875 +0.0040002796 +73.2131043945 +0.0662667130 +0.1859905097 +0.7092404194 -0.8380073679
+7.8000000000 +0.1068070313 +0.0007155431 +0.0025968750 +0.0008927636 +0.0318878174 +0.0003397441 +0.0056338751 +0.0001098126 -8.3774250000 +0.0042545030 +70.9052814453 +0.0689823608 +0.1680416448 +0.7616376749 -0.8468701986
+8.0000000000 +0.1047441406 +0.0006880550 +0.0021933594 +0.0008646287 +0.0299081238 +0.0003192623 +0.0049716336 +0.0000994574 -8.2156593750 +0.0045170457 +68.3132070313 +0.0716302278 +0.1514943103 +0.8161480652 -0.8526762002
+8.2000000000 +0.1024761719 +0.0006633725 +0.0017394531 +0.0008381656 +0.0281038879 +0.0003004279 +0.0044001057 +0.0000878830 -8.0471625000 +0.0048324185 +65.6909150391 +0.0747042123 +0.1373855386 +0.8890810115 -0.8569877580
+8.4000000000 +0.1006253906 +0.0006399515 +0.0008792969 +0.0008140365 +0.0265069885 +0.0002853309 +0.0039591701 +0.0000806393 -7.8570718750 +0.0051612600 +62.7991226562 +0.0777428145 +0.1248115755 +0.9664800067 -0.8782877663
+8.6000000000 +0.0989687500 +0.0006159127 +0.0000250000 +0.0007900751 +0.0249687500 +0.0002681899 +0.0035004710 +0.0000731862 -7.6618468750 +0.0055058809 +59.9164865234 +0.0807749589 +0.1129223183 +1.0492927961 -0.8715939440
+8.8000000000 +0.0974796875 +0.0005924934 +0.0009054688 +0.0007671930 +0.0235442261 +0.0002513197 +0.0030807947 +0.0000652571 -7.4477875000 +0.0058486081 +56.8377873047 +0.0833842902 +0.1021231753 +1.1307840161 -0.8525616434
+9.0000000000 +0.0967882812 +0.0005710558 +0.0003140625 +0.0007485329 +0.0224121582 +0.0002373764 +0.0027562071 +0.0000605123 -7.2109421875 +0.0062022598 +53.5364083008 +0.0857995586 +0.0927586618 +1.2157796103 -0.8290401133
+9.2000000000 +0.0956023437 +0.0005500876 +0.0001671875 +0.0007287598 +0.0212436646 +0.0002245163 +0.0024675953 +0.0000551811 -6.9620171875 +0.0065077470 +50.1637141602 +0.0874545573 +0.0842007403 +1.2809306927 -0.8226102244
+9.4000000000 +0.0951023437 +0.0005332128 -0.0000507812 +0.0007144419 +0.0204170898 +0.0002139075 +0.0022471146 +0.0000520568 -6.7010578125 +0.0067624655 +46.7334133789 +0.0880550920 +0.0774307000 +1.3249344119 -0.7968684311
+9.6000000000 +0.0942664063 +0.0005114053 -0.0003078125 +0.0006954760 +0.0193475708 +0.0001982910 +0.0019471015 +0.0000440338 -6.4413281250 +0.0069325323 +43.4131082031 +0.0876853790 +0.0697427697 +1.3350001314 -0.7338616396
+9.8000000000 +0.0936757813 +0.0004927668 -0.0000648438 +0.0006798513 +0.0184879150 +0.0001858274 +0.0017230759 +0.0000389450 -6.1771468750 +0.0070968875 +40.1717759766 +0.0869208821 +0.0634302893 +1.3425289204 -0.6803791713
+10.0000000000 +0.0931140625 +0.0004750597 -0.0005054687 +0.0006651549 +0.0176974976 +0.0001756868 +0.0015478354 +0.0000360887 -5.9032968750 +0.0071565834 +36.8975814453 +0.0850634521 +0.0577745211 +1.3111471686 -0.6473269178
+10.2000000000 +0.0930144531 +0.0004588829 -0.0005269531 +0.0006533443 +0.0170746277 +0.0001634377 +0.0013600177 +0.0000296710 -5.6571953125 +0.0071344946 +34.0398993164 +0.0821187259 +0.0528498146 +1.2524662900 -0.5549657289
+10.4000000000 +0.0922601563 +0.0004440952 -0.0005617188 +0.0006403210 +0.0164007568 +0.0001545615 +0.0012245547 +0.0000261023 -5.4111531250 +0.0070675566 +31.2785923828 +0.0787958411 +0.0485465871 +1.1822569471 -0.5175015626
+10.6000000000 +0.0924070312 +0.0004324853 -0.0009867187 +0.0006328473 +0.0160208008 +0.0001472562 +0.0011240416 +0.0000243947 -5.1746078125 +0.0069632986 +28.7160670898 +0.0752313055 +0.0451727780 +1.1047353943 -0.4597977017
+10.8000000000 +0.0920843750 +0.0004213954 -0.0007265625 +0.0006241388 +0.0155824951 +0.0001416107 +0.0010449579 +0.0000233885 -4.9535812500 +0.0068003827 +26.3877753906 +0.0711987858 +0.0420916326 +1.0149839178 -0.4345098103
+11.0000000000 +0.0913726563 +0.0004075771 -0.0009500000 +0.0006122259 +0.0149937256 +0.0001328335 +0.0009306009 +0.0000207769 -4.7578625000 +0.0066617203 +24.4123962891 +0.0675577185 +0.0386604409 +0.9389174057 -0.3798220746
+11.2000000000 +0.0914718750 +0.0004015708 -0.0003554687 +0.0006086325 +0.0148174683 +0.0001295615 +0.0008910047 +0.0000208300 -4.5749875000 +0.0065150748 +22.6283585938 +0.0640325058 +0.0368592248 +0.8662489636 -0.3527287079
+11.4000000000 +0.0906164063 +0.0003924499 -0.0003773438 +0.0005994136 +0.0143720093 +0.0001230136 +0.0008118486 +0.0000174887 -4.4101734375 +0.0063694784 +21.0724399414 +0.0607064137 +0.0345862523 +0.7991678388 -0.3101432950
+11.6000000000 +0.0899875000 +0.0003839446 +0.0003898437 +0.0005914840 +0.0139942871 +0.0001168799 +0.0007422768 +0.0000153824 -4.2596046875 +0.0061404748 +19.6524493164 +0.0566417756 +0.0325326177 +0.7173446957 -0.2634064098
+11.8000000000 +0.0896515625 +0.0003777960 +0.0000929688 +0.0005862292 +0.0137465942 +0.0001137081 +0.0007061502 +0.0000145857 -4.1195218750 +0.0059691628 +18.3956966797 +0.0534268027 +0.0309651069 +0.6550927669 -0.2456201344
+12.0000000000 +0.0894539063 +0.0003727283 +0.0002781250 +0.0005822152 +0.0135590576 +0.0001104598 +0.0006719026 +0.0000139622 -3.9936140625 +0.0058260606 +17.3066725586 +0.0505226215 +0.0296376335 +0.6034307904 -0.2182209398
