# T, am1a, am1e, m1a, m1e, m2a, m2e, m4a, m4e, e1a, e1e, e2a, e2e, susc, spec, bind
+2.0000000000 +0.4981687500 +0.0024982631 +0.0817125000 +0.0035040973 +0.4978248535 +0.0024967114 +0.4971722909 +0.0024940731 -11.9949562500 +0.0001799760 +143.8802710937 +0.0042705979 +7.9888880013 +0.0207304694 +0.3312981695
+2.2000000000 +0.4979562500 +0.0024963928 +0.0798109375 +0.0035031048 +0.4972395020 +0.0024931686 +0.4958827100 +0.0024877140 -11.9893500000 +0.0002627907 +143.7472757813 +0.0062321978 +7.2517549102 +0.0365270579 +0.3314614337
+2.4000000000 +0.4976664063 +0.0024931919 +0.0796539063 +0.0034998834 +0.4963120850 +0.0024871218 +0.4937566774 +0.0024769082 -11.9796062500 +0.0003642909 +143.5162742187 +0.0086323793 +6.6304062147 +0.0589812635 +0.3318376089
+2.6000000000 +0.4978542969 +0.0024881286 +0.0788558594 +0.0034973991 +0.4954902649 +0.0024776551 +0.4910615917 +0.0024602611 -11.9645437500 +0.0004861330 +143.1597601563 +0.0114991259 +6.0955412671 +0.0894959582 +0.3332784999
+2.8000000000 +0.4979636719 +0.0024804668 +0.0763371094 +0.0034937411 +0.4940764343 +0.0024634850 +0.4868618613 +0.0024357487 -11.9426562500 +0.0006287539 +142.6428515625 +0.0148364939 +5.6253397901 +0.1290878109 +0.3351920256
+3.0000000000 +0.4982648438 +0.0024695918 +0.0724226562 +0.0034891910 +0.4922232056 +0.0024436482 +0.4811403477 +0.0024019991 -11.9121640625 +0.0007856095 +141.9243399414 +0.0184850410 +5.2043808224 +0.1755540586 +0.3380482203
+3.2000000000 +0.4978351563 +0.0024540271 +0.0692171875 +0.0034782855 +0.4887298096 +0.0024158531 +0.4723106838 +0.0023559359 -11.8692921875 +0.0009795783 +140.9184799805 +0.0229389426 +4.8177993354 +0.2398934264 +0.3408733728
+3.4000000000 +0.4970886719 +0.0024336916 +0.0651261719 +0.0034632713 +0.4840113464 +0.0023800795 +0.4608581191 +0.0022980424 -11.8147671875 +0.0011865502 +139.6450397461 +0.0276366116 +4.4595613878 +0.3117843669 +0.3442551282
+3.6000000000 +0.4941503906 +0.0024065300 +0.0615902344 +0.0034352828 +0.4758400818 +0.0023340764 +0.4443402960 +0.0022265590 -11.7405125000 +0.0014407574 +137.9226650391 +0.0333002414 +4.1183195241 +0.4100309946 +0.3458574460
+3.8000000000 +0.4866808594 +0.0023689917 +0.0603542969 +0.0033826782 +0.4613431213 +0.0022736190 +0.4196112073 +0.0021370219 -11.6412859375 +0.0017555180 +135.6428120117 +0.0401523201 +3.7807976835 +0.5463655760 +0.3428300067
+4.0000000000 +0.4735554687 +0.0023209971 +0.0619328125 +0.0033011370 +0.4397358887 +0.0021995681 +0.3868916475 +0.0020320306 -11.5154015625 +0.0020984800 +132.7806178711 +0.0474385168 +3.4476977070 +0.7045789019 +0.3330638226
+4.2000000000 +0.4525597656 +0.0022546261 +0.0575707031 +0.0031813107 +0.4081438904 +0.0021032661 +0.3435305698 +0.0019008362 -11.3470718750 +0.0025121769 +129.0084814453 +0.0559207200 +3.0984159835 +0.9158868350 +0.3125873255
+4.4000000000 +0.4195878906 +0.0021655699 +0.0572785156 +0.0030015033 +0.3636417175 +0.0019813734 +0.2892689219 +0.0017417465 -11.1361562500 +0.0029092976 +124.3525365234 +0.0637070837 +2.7285486483 +1.1192082612 +0.2708227312
+4.6000000000 +0.3827218750 +0.0020485726 +0.0616812500 +0.0027862943 +0.3143420166 +0.0018278627 +0.2324541830 +0.0015491869 -10.8905890625 +0.0031966873 +119.0136825195 +0.0688577565 +2.3355267200 +1.2363021287 +0.2158281627
+4.8000000000 +0.3387511719 +0.0019069005 +0.0582332031 +0.0025338312 +0.2602031311 +0.0016486728 +0.1764305471 +0.0013366715 -10.6329234375 +0.0033597464 +113.5105766602 +0.0711363496 +1.9393436621 +1.2542106456 +0.1313846706
+5.0000000000 +0.2950683594 +0.0017510640 +0.0487136719 +0.0022767373 +0.2097143372 +0.0014566926 +0.1288582387 +0.0011208973 -10.3876250000 +0.0033988753 +108.3648472656 +0.0707415678 +1.5699072058 +1.1829609600 +0.0233595855
+5.2000000000 +0.2596558594 +0.0015978704 +0.0370839844 +0.0020504484 +0.1695487610 +0.0012711261 +0.0933772410 +0.0009210522 -10.1616796875 +0.0033221580 +103.7012034180 +0.0679639859 +1.2569550237 +1.0448978618 -0.0827558585
+5.4000000000 +0.2314035156 +0.0014633414 +0.0294425781 +0.0018596737 +0.1392023132 +0.0011099086 +0.0686531663 +0.0007543909 -9.9725156250 +0.0032186699 +99.8654613281 +0.0647144380 +1.0151671252 +0.9095054864 -0.1809905231
+5.6000000000 +0.2084796875 +0.0013440643 +0.0236062500 +0.0016968123 +0.1157241333 +0.0009704563 +0.0510634930 +0.0006161357 -9.8033765625 +0.0031195987 +96.4954678711 +0.0616197009 +0.8258326080 +0.7944404998 -0.2709878258
+5.8000000000 +0.1892753906 +0.0012372693 +0.0193589844 +0.0015547011 +0.0970585876 +0.0008495521 +0.0382899177 +0.0005033542 -9.6486781250 +0.0030674971 +93.4733710938 +0.0595048366 +0.6756790527 +0.7160647494 -0.3548625670
+6.0000000000 +0.1733265625 +0.0011452613 +0.0149554687 +0.0014342539 +0.0825070313 +0.0007480619 +0.0291912738 +0.0004124595 -9.5111250000 +0.0030337710 +90.8296494141 +0.0578587576 +0.5596259625 +0.6544900417 -0.4293871394
+6.2000000000 +0.1608859375 +0.0010666531 +0.0123125000 +0.0013345659 +0.0713942383 +0.0006640617 +0.0227362575 +0.0003412257 -9.3838953125 +0.0030445202 +88.4282553711 +0.0570721902 +0.4697801641 +0.6172972073 -0.4868645092
+6.4000000000 +0.1508683594 +0.0010002194 +0.0093769531 +0.0012519074 +0.0627788147 +0.0005959756 +0.0181486560 +0.0002855066 -9.2636515625 +0.0030791744 +86.1944928711 +0.0567075557 +0.4001755284 +0.5925821870 -0.5349597432
+6.6000000000 +0.1422035156 +0.0009439116 +0.0070097656 +0.0011812225 +0.0558606018 +0.0005405407 +0.0148077747 +0.0002444263 -9.1487515625 +0.0031571109 +84.0983491211 +0.0571802290 +0.3455879947 +0.5857762626 -0.5818209440
+6.8000000000 +0.1348046875 +0.0008956091 +0.0058062500 +0.0011205269 +0.0502569336 +0.0004951105 +0.0123311373 +0.0002114866 -9.0367687500 +0.0032633448 +82.0891662109 +0.0582278519 +0.3019729866 +0.5895872249 -0.6273834941
+7.0000000000 +0.1284742188 +0.0008499279 +0.0043648437 +0.0010651487 +0.0454007202 +0.0004524977 +0.0102513932 +0.0001798342 -8.9144359375 +0.0034011192 +79.9298725586 +0.0595582149 +0.2641837287 +0.6043487018 -0.6578153393
+7.2000000000 +0.1231351563 +0.0008097422 +0.0029968750 +0.0010171109 +0.0413895630 +0.0004173541 +0.0086804747 +0.0001554126 -8.7904453125 +0.0035699019 +77.7816967773 +0.0614174414 +0.2331315225 +0.6293431917 -0.6890423589
+7.4000000000 +0.1191320313 +0.0007778412 +0.0024039062 +0.0009796446 +0.0383939209 +0.0003909850 +0.0075888646 +0.0001407377 -8.6601734375 +0.0037599199 +75.5640838867 +0.0635127299 +0.2093100975 +0.6608969106 -0.7160526817
+7.6000000000 +0.1161695312 +0.0007483066 +0.0019789063 +0.0009472322 +0.0358938721 +0.0003674525 +0.0066892229 +0.0001270008 -8.5187796875 +0.0040216187 +73.2165440430 +0.0664886514 +0.1886190491 +0.7168273449 -0.7306681070
+7.8000000000 +0.1138386719 +0.0007227235 +0.0019261719 +0.0009199008 +0.0338524109 +0.0003461031 +0.0059374804 +0.0001142459 -8.3770156250 +0.0042351638 +70.8918552734 +0.0686888062 +0.1714311194 +0.7547292486 -0.7270373268
+8.0000000000 +0.1111882813 +0.0006961465 +0.0015976562 +0.0008908574 +0.0317476318 +0.0003238847 +0.0052039653 +0.0001004764 -8.2208046875 +0.0045386025 +68.4055862305 +0.0719464935 +0.1550783836 +0.8239565204 -0.7210380283
+8.2000000000 +0.1085140625 +0.0006687909 +0.0012015625 +0.0008611781 +0.0296665527 +0.0003026057 +0.0045429119 +0.0000880123 -8.0422718750 +0.0048650108 +65.6248701172 +0.0751996055 +0.1396390320 +0.9011142946 -0.7205959253
+8.4000000000 +0.1068812500 +0.0006476920 +0.0009007812 +0.0008396872 +0.0282037964 +0.0002879521 +0.0041121109 +0.0000810824 -7.8587062500 +0.0051895119 +62.8365052734 +0.0781592585 +0.1278491031 +0.9770896595 -0.7231711622
+8.6000000000 +0.1049003906 +0.0006250994 +0.0005667969 +0.0008159924 +0.0266340637 +0.0002713389 +0.0036543653 +0.0000722180 -7.6565218750 +0.0055328412 +59.8468205078 +0.0810786853 +0.1163160690 +1.0595939734 -0.7171800674
+8.8000000000 +0.1034753906 +0.0006018362 +0.0006058594 +0.0007936476 +0.0251954285 +0.0002548594 +0.0032329413 +0.0000631787 -7.4311984375 +0.0058512640 +56.5922018555 +0.0832818946 +0.1053692509 +1.1318112710 -0.6975910333
+9.0000000000 +0.1018531250 +0.0005804070 -0.0002796875 +0.0007721540 +0.0238489502 +0.0002419916 +0.0029111696 +0.0000591956 -7.2044078125 +0.0061745184 +53.4284790039 +0.0854188100 +0.0958214480 +1.2049280593 -0.7061126903
+9.2000000000 +0.1004804687 +0.0005561373 -0.0000945312 +0.0007494642 +0.0224678711 +0.0002258259 +0.0025446987 +0.0000532846 -6.9537078125 +0.0065056914 +50.0470131836 +0.0873326882 +0.0860629321 +1.2801216196 -0.6803171801
+9.4000000000 +0.0990117188 +0.0005348987 -0.0003625000 +0.0007288322 +0.0212479858 +0.0002122259 +0.0022530707 +0.0000483994 -6.6836109375 +0.0067858283 +46.5125538086 +0.0881488217 +0.0779211261 +1.3341049486 -0.6634816755
+9.6000000000 +0.0990500000 +0.0005183351 -0.0001476563 +0.0007168983 +0.0205577515 +0.0002018254 +0.0020519609 +0.0000439870 -6.4076218750 +0.0069773522 +43.0049558594 +0.0878492875 +0.0716456598 +1.3523178933 -0.6184400010
+9.8000000000 +0.0980625000 +0.0004999480 -0.0008992187 +0.0007002386 +0.0196141724 +0.0001899822 +0.0018284457 +0.0000392452 -6.1390890625 +0.0071272938 +39.7203471680 +0.0869815225 +0.0652925287 +1.3540575765 -0.5842394862
+10.0000000000 +0.0975289063 +0.0004842560 -0.0008234375 +0.0006872293 +0.0188920410 +0.0001805686 +0.0016611104 +0.0000365598 -5.8777734375 +0.0071624888 +36.6002704102 +0.0848356967 +0.0600329822 +1.3133118896 -0.5513846538
+10.2000000000 +0.0967347656 +0.0004679051 -0.0005191406 +0.0006729553 +0.0181150208 +0.0001704575 +0.0014903837 +0.0000329299 -5.6139734375 +0.0071790062 +33.5782229492 +0.0824104469 +0.0549484290 +1.2681431402 -0.5139069248
+10.4000000000 +0.0957082031 +0.0004531164 +0.0000152344 +0.0006590265 +0.0173726379 +0.0001610196 +0.0013389014 +0.0000285352 -5.3683265625 +0.0070526537 +30.8085270508 +0.0784426011 +0.0505389403 +1.1772763131 -0.4787536032
+10.6000000000 +0.0946519531 +0.0004384977 -0.0001011719 +0.0006451781 +0.0166502014 +0.0001519507 +0.0012007896 +0.0000262538 -5.1419328125 +0.0069416923 +28.3669567383 +0.0747875404 +0.0464374894 +1.0978903183 -0.4437988145
+10.8000000000 +0.0939937500 +0.0004268322 -0.0002210937 +0.0006348662 +0.0161222534 +0.0001444337 +0.0010943713 +0.0000237829 -4.9317328125 +0.0068170123 +26.1808547852 +0.0709724941 +0.0431847608 +1.0199540473 -0.4034339294
+11.0000000000 +0.0935652344 +0.0004146586 -0.0001457031 +0.0006251420 +0.0156321228 +0.0001372645 +0.0009980248 +0.0000218369 -4.7369437500 +0.0066211683 +24.1922308594 +0.0669678142 +0.0400155329 +0.9275212000 -0.3613950210
+11.2000000000 +0.0926238281 +0.0004051768 -0.0003746094 +0.0006153406 +0.0151459045 +0.0001312669 +0.0009186382 +0.0000199613 -4.5630796875 +0.0064797419 +22.5011784180 +0.0635415433 +0.0375241772 +0.8568786650 -0.3348510331
+11.4000000000 +0.0922121094 +0.0003975802 +0.0000957031 +0.0006088075 +0.0148258728 +0.0001266931 +0.0008618517 +0.0000186436 -4.4010109375 +0.0063246474 +20.9689438477 +0.0602142824 +0.0354964193 +0.7879576858 -0.3069854674
+11.6000000000 +0.0920125000 +0.0003889741 -0.0001695313 +0.0006024597 +0.0145183350 +0.0001222961 +0.0008090355 +0.0000179591 -4.2436140625 +0.0061251167 +19.5089424805 +0.0564536400 +0.0333905369 +0.7137608414 -0.2794186664
+11.8000000000 +0.0916878906 +0.0003855614 -0.0005683594 +0.0005990127 +0.0143529724 +0.0001200122 +0.0007821246 +0.0000168906 -4.1080375000 +0.0059786530 +18.3057437500 +0.0533972077 +0.0322511356 +0.6571774311 -0.2655257079
+12.0000000000 +0.0906675781 +0.0003786158 +0.0001644531 +0.0005906475 +0.0139546082 +0.0001144375 +0.0007185687 +0.0000146279 -3.9815390625 +0.0058341112 +17.2141274414 +0.0505952946 +0.0305813250 +0.6050996156 -0.2300188183
