# T, am1a, am1e, m1a, m1e, m2a, m2e, m4a, m4e, e1a, e1e, e2a, e2e, susc, spec, bind
+2.0000000000 +0.5373388889 +0.0024907459 +0.4299631944 +0.0029665525 +0.5368856867 +0.0024887546 +0.5360022248 +0.0024850740 -11.9939444444 +0.0001317378 +143.8553975309 +0.0031446183 +17.8669875756 +0.0249910002 +0.3801570217
+2.2000000000 +0.5389555556 +0.0024876216 +0.4255812500 +0.0029869890 +0.5380035301 +0.0024834567 +0.5361500772 +0.0024757722 -11.9873777778 +0.0001916425 +143.6986950617 +0.0045715027 +16.2019923859 +0.0437080040 +0.3825598488
+2.4000000000 +0.5443239583 +0.0024807912 +0.4199322917 +0.0030253861 +0.5424615789 +0.0024727717 +0.5388485540 +0.0024580697 -11.9756763889 +0.0002694279 +143.4197286265 +0.0064193833 +14.7703804369 +0.0725913793 +0.3896098739
+2.6000000000 +0.5533513889 +0.0024694681 +0.4128305556 +0.0030809885 +0.5501286772 +0.0024559184 +0.5439029611 +0.0024312457 -11.9581812500 +0.0003579151 +143.0032229359 +0.0085137710 +13.5100200514 +0.1091530254 +0.4009382381
+2.8000000000 +0.5618194444 +0.0024544393 +0.4001951389 +0.0031482369 +0.5566119768 +0.0024331278 +0.5466213275 +0.0023947669 -11.9328527778 +0.0004606394 +142.4014629629 +0.0109312681 +12.3927885565 +0.1558937183 +0.4118877521
+3.0000000000 +0.5664729167 +0.0024370194 +0.3820399306 +0.0032113066 +0.5584541136 +0.0024049861 +0.5432293209 +0.0023482084 -11.8955701389 +0.0005823251 +141.5181530285 +0.0137750140 +11.4030023185 +0.2170255899 +0.4193867271
+3.2000000000 +0.5639763889 +0.0024189525 +0.3529559028 +0.0032693453 +0.5521226177 +0.0023722467 +0.5299415560 +0.0022911972 -11.8456118056 +0.0007116350 +140.3387760223 +0.0167634509 +10.5323962700 +0.2848637038 +0.4205237445
+3.4000000000 +0.5568592014 +0.0023954425 +0.3234880208 +0.0032976259 +0.5396179675 +0.0023283411 +0.5080344449 +0.0022152019 -11.7791173611 +0.0008603895 +138.7772166088 +0.0201455961 +9.7210925946 +0.3688542807 +0.4184338772
+3.6000000000 +0.5533598958 +0.0023604249 +0.2890272569 +0.0033374191 +0.5290714036 +0.0022683918 +0.4857405982 +0.0021179833 -11.6975958333 +0.0010249913 +136.8757725694 +0.0238208887 +8.9145691712 +0.4669365492 +0.4215649890
+3.8000000000 +0.5499517361 +0.0023145790 +0.2436572917 +0.0033814533 +0.5167379413 +0.0021937845 +0.4595257143 +0.0020038747 -11.5973395833 +0.0012095124 +134.5568022183 +0.0278536827 +8.1205021595 +0.5835471078 +0.4263488575
+4.0000000000 +0.5315251736 +0.0022637623 +0.1846453125 +0.0033667860 +0.4875038062 +0.0021071286 +0.4152596062 +0.0018703063 -11.4678881944 +0.0014099591 +131.5919790316 +0.0320964552 +7.3794526560 +0.7156745220 +0.4175717772
+4.2000000000 +0.4848496528 +0.0022037736 +0.1210993056 +0.0032197782 +0.4293439019 +0.0020046228 +0.3450766830 +0.0017161684 -11.3006840278 +0.0016733666 +127.8174657214 +0.0374830536 +6.6605045524 +0.9143365369 +0.3760011888
+4.4000000000 +0.4214270833 +0.0020993173 +0.0575732639 +0.0029604536 +0.3538861087 +0.0018554878 +0.2629487766 +0.0015205515 -11.0848604167 +0.0020022167 +123.0344853202 +0.0439648105 +5.7693378153 +1.1927221232 +0.3001211506
+4.6000000000 +0.3562645833 +0.0019298641 +0.0082513889 +0.0026259826 +0.2758994768 +0.0016398902 +0.1836901108 +0.0012660142 -10.8090743056 +0.0023001704 +117.0477186921 +0.0494478085 +4.6635659505 +1.4402133399 +0.1956172145
+4.8000000000 +0.2725142361 +0.0016660063 -0.0085229167 +0.0021518274 +0.1852870901 +0.0013262366 +0.1046874511 +0.0009366786 -10.4930104167 +0.0023691848 +110.3277890625 +0.0498167973 +3.3306924360 +1.4032591139 -0.0164430469
+5.0000000000 +0.2152934028 +0.0014169239 -0.0060520833 +0.0017791961 +0.1266581838 +0.0010370075 +0.0590576793 +0.0006558797 -10.2411118056 +0.0022533477 +105.0834740548 +0.0464208921 +2.3128397152 +1.1698735155 -0.2271244504
+5.2000000000 +0.1795204861 +0.0012225509 -0.0031795139 +0.0015165976 +0.0920128376 +0.0008191904 +0.0353092806 +0.0004563240 -10.0410618056 +0.0021214862 +101.0029503279 +0.0428553521 +1.6555910578 +0.9587297660 -0.3901791368
+5.4000000000 +0.1532220486 +0.0010651778 +0.0014598958 +0.0013120500 +0.0688611437 +0.0006519550 +0.0217436697 +0.0003185522 -9.8693506944 +0.0020144829 +97.5664087770 +0.0399563599 +1.2102439329 +0.8016081337 -0.5284918436
+5.6000000000 +0.1353539931 +0.0009480829 +0.0037894097 +0.0011646973 +0.0542751507 +0.0005355548 +0.0144185498 +0.0002341907 -9.7219020833 +0.0019457770 +94.6668220486 +0.0379592512 +0.9245429297 +0.6953966205 -0.6315419781
+5.8000000000 +0.1209460069 +0.0008528566 +0.0045730903 +0.0010452463 +0.0437225104 +0.0004458913 +0.0098644215 +0.0001735550 -9.5896048611 +0.0019359788 +92.1104419560 +0.0371836736 +0.7223480385 +0.6417527106 -0.7200464910
+6.0000000000 +0.1105605903 +0.0007788380 +0.0047085069 +0.0009547908 +0.0364871902 +0.0003785651 +0.0070637763 +0.0001302806 -9.4681847222 +0.0019300375 +89.7955237269 +0.0365154046 +0.5823251047 +0.5960071710 -0.7686212578
+6.2000000000 +0.1016588542 +0.0007176130 +0.0049348958 +0.0008790465 +0.0309332622 +0.0003265501 +0.0052222650 +0.0001013163 -9.3559409722 +0.0019576744 +87.6869310378 +0.0365285988 +0.4784223384 +0.5742751546 -0.8192241327
+6.4000000000 +0.0946503472 +0.0006665313 +0.0040940972 +0.0008171978 +0.0267292486 +0.0002859592 +0.0039853587 +0.0000802675 -9.2439847222 +0.0019999347 +85.6112430941 +0.0368069508 +0.3998376095 +0.5624632599 -0.8593992895
+6.6000000000 +0.0898496528 +0.0006256276 +0.0037336806 +0.0007699905 +0.0237293572 +0.0002531789 +0.0031270647 +0.0000626311 -9.1315159722 +0.0020738696 +83.5566213542 +0.0376522193 +0.3415941175 +0.5687186884 -0.8511587865
+6.8000000000 +0.0859536458 +0.0005910334 +0.0023109375 +0.0007306762 +0.0213608495 +0.0002276292 +0.0025288879 +0.0000502082 -9.0160777778 +0.0021546618 +81.4753611883 +0.0385744827 +0.2958950172 +0.5783128858 -0.8474440300
+7.0000000000 +0.0823932292 +0.0005599742 +0.0017803819 +0.0006951316 +0.0193314875 +0.0002068050 +0.0020844383 +0.0000427075 -8.8961625000 +0.0022605366 +79.3461082562 +0.0398727769 +0.2580242050 +0.6006887406 -0.8592476329
+7.2000000000 +0.0799805556 +0.0005366385 +0.0013663194 +0.0006692208 +0.0179161241 +0.0001922496 +0.0017993831 +0.0000373902 -8.7763347222 +0.0023730706 +77.2493097222 +0.0412279102 +0.2303846973 +0.6257182382 -0.8685910043
+7.4000000000 +0.0770477431 +0.0005116454 +0.0014244792 +0.0006404211 +0.0164075943 +0.0001767553 +0.0015189070 +0.0000316661 -8.6484819444 +0.0024922892 +75.0447001543 +0.0426153209 +0.2037646619 +0.6533650544 -0.8807025248
+7.6000000000 +0.0744138889 +0.0004900646 +0.0011767361 +0.0006152759 +0.0151439598 +0.0001639293 +0.0013042518 +0.0000273976 -8.5116513889 +0.0026461075 +72.7282847608 +0.0444915289 +0.1820185185 +0.6982489068 -0.8956637577
+7.8000000000 +0.0729347222 +0.0004720944 +0.0006246528 +0.0005965318 +0.0142343991 +0.0001536615 +0.0011470924 +0.0000243048 -8.3627611111 +0.0028135479 +70.2524154707 +0.0463875599 +0.1645832383 +0.7494486844 -0.8871171290
+8.0000000000 +0.0714000000 +0.0004542307 -0.0004163194 +0.0005777285 +0.0133509814 +0.0001455742 +0.0010259229 +0.0000228565 -8.2042305556 +0.0030105605 +67.6719380015 +0.0485939363 +0.1485543849 +0.8157127339 -0.9185234272
+8.2000000000 +0.0699798611 +0.0004362744 -0.0003034722 +0.0005592518 +0.0125105951 +0.0001352969 +0.0008887247 +0.0000197281 -8.0416493056 +0.0032370254 +65.0872568866 +0.0510861745 +0.1336989800 +0.8976085657 -0.8927361605
+8.4000000000 +0.0686364583 +0.0004183386 -0.0007486111 +0.0005410797 +0.0117112510 +0.0001253714 +0.0007658725 +0.0000167995 -7.8505604167 +0.0034723368 +62.1135837770 +0.0533570239 +0.1200049295 +0.9842549414 -0.8613526251
+8.6000000000 +0.0674295139 +0.0004026136 -0.0005982639 +0.0005251259 +0.0110306472 +0.0001179960 +0.0006785977 +0.0000151827 -7.6408513889 +0.0037533682 +58.9461208719 +0.0559874246 +0.1085677592 +1.0971548563 -0.8590417718
+8.8000000000 +0.0670190972 +0.0003887740 -0.0009829861 +0.0005132349 +0.0105373698 +0.0001118223 +0.0006112054 +0.0000141178 -7.4110201389 +0.0040493728 +55.5791163002 +0.0584713879 +0.0989314429 +1.2196428120 -0.8348538993
+9.0000000000 +0.0663421875 +0.0003739752 -0.0013317708 +0.0004998452 +0.0099955838 +0.0001045603 +0.0005372258 +0.0000121619 -7.1542236111 +0.0043414718 +51.9368505787 +0.0605751461 +0.0895087668 +1.3403290683 -0.7923353143
+9.2000000000 +0.0657842014 +0.0003587402 -0.0012335069 +0.0004866678 +0.0094753436 +0.0000985076 +0.0004779317 +0.0000112165 -6.8779208333 +0.0046295887 +48.1631186343 +0.0623649403 +0.0805739862 +1.4585846506 -0.7744127065
+9.4000000000 +0.0655317708 +0.0003445211 -0.0005685764 +0.0004754440 +0.0090422032 +0.0000921048 +0.0004210930 +0.0000098388 -6.5787027778 +0.0048836743 +44.2333412423 +0.0632564734 +0.0727321050 +1.5547485804 -0.7167547312
+9.6000000000 +0.0650019097 +0.0003277474 -0.0005411458 +0.0004615650 +0.0085219823 +0.0000850825 +0.0003621853 +0.0000085553 -6.2578236111 +0.0050302481 +40.1724921682 +0.0626036095 +0.0644510105 +1.5814622194 -0.6623722862
+9.8000000000 +0.0645618056 +0.0003117105 +0.0001312500 +0.0004487412 +0.0080547647 +0.0000773215 +0.0003040239 +0.0000070183 -5.9430840278 +0.0050747258 +36.3503614390 +0.0607296024 +0.0571083124 +1.5445269638 -0.5619990807
+10.0000000000 +0.0646227431 +0.0003008659 +0.0003175347 +0.0004414977 +0.0077969100 +0.0000726706 +0.0002720327 +0.0000063113 -5.6389500000 +0.0050140080 +32.8033681327 +0.0575819491 +0.0521396790 +1.4480798835 -0.4916083278
+10.2000000000 +0.0645963542 +0.0002916265 -0.0002189236 +0.0004351575 +0.0075745286 +0.0000682362 +0.0002436204 +0.0000053680 -5.3642756944 +0.0048407481 +29.7127674190 +0.0533901057 +0.0480259712 +1.2973199903 -0.4154066432
+10.4000000000 +0.0641272569 +0.0002801316 -0.0002352431 +0.0004257698 +0.0072512527 +0.0000629569 +0.0002111233 +0.0000047978 -5.1168847222 +0.0046738970 +27.0563217978 +0.0495506215 +0.0434623510 +1.1633598870 -0.3384090934
+10.6000000000 +0.0640760417 +0.0002732088 +0.0000899306 +0.0004210538 +0.0070914617 +0.0000603818 +0.0001961275 +0.0000043220 -4.8941715278 +0.0044923844 +24.7601756366 +0.0457568843 +0.0405607598 +1.0345811662 -0.3000071316
+10.8000000000 +0.0634270833 +0.0002638525 -0.0004246528 +0.0004125391 +0.0068077209 +0.0000563541 +0.0001733765 +0.0000036786 -4.7023993056 +0.0043185359 +22.8585493248 +0.0424421643 +0.0371296796 +0.9209754271 -0.2469970098
+11.0000000000 +0.0627456597 +0.0002605033 -0.0002345486 +0.0004077818 +0.0066514962 +0.0000544889 +0.0001630038 +0.0000033157 -4.5294590278 +0.0041331863 +21.1993282600 +0.0390051665 +0.0355349897 +0.8132181926 -0.2281117868
+11.2000000000 +0.0621203125 +0.0002540040 -0.0001557292 +0.0004012365 +0.0064396545 +0.0000520120 +0.0001496790 +0.0000031719 -4.3719388889 +0.0039967517 +19.7528106096 +0.0363812318 +0.0331807017 +0.7335011036 -0.2031351869
+11.4000000000 +0.0617548611 +0.0002494635 +0.0002812500 +0.0003969529 +0.0063029442 +0.0000495114 +0.0001377822 +0.0000027518 -4.2318951389 +0.0038787629 +18.5107285301 +0.0340799455 +0.0314435531 +0.6668056106 -0.1560723740
+11.6000000000 +0.0615548611 +0.0002468357 +0.0001666667 +0.0003945278 +0.0062261164 +0.0000489117 +0.0001344589 +0.0000026593 -4.1024604167 +0.0037852718 +17.4033127894 +0.0322137328 +0.0302538475 +0.6133391048 -0.1562021027
+11.8000000000 +0.0617546875 +0.0002437473 +0.0001796875 +0.0003933865 +0.0061901512 +0.0000468728 +0.0001262003 +0.0000023248 -3.9817125000 +0.0036874502 +16.3979260031 +0.0304408923 +0.0290014750 +0.5624848186 -0.0978336352
+12.0000000000 +0.0612741319 +0.0002406024 +0.0002512153 +0.0003895522 +0.0060700991 +0.0000458433 +0.0001209104 +0.0000022891 -3.8765965278 +0.0036011915 +15.5467438465 +0.0288920105 +0.0277869583 +0.5187432073 -0.0938326547
