# T, am1a, am1e, m1a, m1e, m2a, m2e, m4a, m4e, e1a, e1e, e2a, e2e, susc, spec, bind
+2.0000000000 +0.4848343750 +0.0024972606 -0.0408718750 +0.0034743571 +0.4845167969 +0.0024962164 +0.4840003845 +0.0024952688 -11.9941625000 +0.0003855896 +143.8658812500 +0.0088532409 +1.9956194055 +0.0237886944 +0.3127626143
+2.2000000000 +0.4847968750 +0.0024954750 -0.0407843750 +0.0034729687 +0.4841238281 +0.0024932865 +0.4830349915 +0.0024913319 -11.9880875000 +0.0005559753 +143.7266062500 +0.0127398562 +1.8116059499 +0.0408738590 +0.3130194832
+2.4000000000 +0.4841281250 +0.0024924497 -0.0404656250 +0.0034685544 +0.4828722656 +0.0024884576 +0.4808624817 +0.0024849453 -11.9773250000 +0.0007693072 +143.4799875000 +0.0176081232 +1.6566148281 +0.0657592899 +0.3125594995
+2.6000000000 +0.4827531250 +0.0024879858 -0.0400593750 +0.0034606674 +0.4806535156 +0.0024815439 +0.4773502014 +0.0024761416 -11.9607125000 +0.0010295660 +143.1010437500 +0.0234779058 +1.5237103749 +0.1003556032 +0.3112658634
+2.8000000000 +0.4810421875 +0.0024807977 -0.0395921875 +0.0034496679 +0.4775758789 +0.0024707409 +0.4722611454 +0.0024627667 -11.9362875000 +0.0013321455 +142.5459437500 +0.0302385283 +1.4067102443 +0.1448662599 +0.3097980306
+3.0000000000 +0.4790078125 +0.0024703350 -0.0381796875 +0.0034354512 +0.4735506836 +0.0024552716 +0.4653846020 +0.0024438864 -11.9005250000 +0.0016835025 +141.7358625000 +0.0380476193 +1.3018783955 +0.2015417322 +0.3082362196
+3.2000000000 +0.4760984375 +0.0024567574 -0.0378890625 +0.0034156274 +0.4680959961 +0.0024356217 +0.4564039806 +0.0024199937 -11.8531062500 +0.0020680156 +140.6671953125 +0.0464816254 +1.2071313695 +0.2672930292 +0.3056821731
+3.4000000000 +0.4717484375 +0.0024394603 -0.0358890625 +0.0033885736 +0.4605852539 +0.0024117845 +0.4448069584 +0.0023916945 -11.7923437500 +0.0025039460 +139.3101609375 +0.0558339213 +1.1201819559 +0.3471139368 +0.3010755089
+3.6000000000 +0.4669312500 +0.0024176637 -0.0348437500 +0.0033563918 +0.4518287109 +0.0023819378 +0.4310942894 +0.0023561832 -11.7166687500 +0.0029543267 +137.6294484375 +0.0653881058 +1.0391285276 +0.4310146176 +0.2961123154
+3.8000000000 +0.4599671875 +0.0023905444 -0.0313515625 +0.0033135140 +0.4401579102 +0.0023456134 +0.4138150791 +0.0023128733 -11.6216312500 +0.0034301440 +135.5329484375 +0.0753753487 +0.9624761961 +0.5214798078 +0.2880196049
+4.0000000000 +0.4502890625 +0.0023580481 -0.0288921875 +0.0032570735 +0.4251758789 +0.0023031475 +0.3929540623 +0.0022620151 -11.5093812500 +0.0039131523 +133.0783671875 +0.0853098736 +0.8896625564 +0.6125104296 +0.2754250896
+4.2000000000 +0.4396359375 +0.0023207645 -0.0240609375 +0.0031942869 +0.4087176758 +0.0022555134 +0.3705437687 +0.0022054771 -11.3804000000 +0.0043826867 +130.2818218750 +0.0947469977 +0.8207158790 +0.6968868163 +0.2606136656
+4.4000000000 +0.4276312500 +0.0022761419 -0.0198312500 +0.0031213302 +0.3901013672 +0.0021988913 +0.3455839989 +0.0021373710 -11.2277312500 +0.0048467274 +127.0015796875 +0.1038524141 +0.7535741135 +0.7765542688 +0.2430321645
+4.6000000000 +0.4136390625 +0.0022280115 -0.0160953125 +0.0030389128 +0.3696586914 +0.0021385913 +0.3195904545 +0.0020642709 -11.0678312500 +0.0052373967 +123.5941015625 +0.1111938215 +0.6906484083 +0.8296506495 +0.2204020273
+4.8000000000 +0.3983625000 +0.0021764795 -0.0134562500 +0.0029495513 +0.3481751953 +0.0020732488 +0.2931603905 +0.0019843256 -10.9005062500 +0.0055667106 +120.0605671875 +0.1170934685 +0.6316083797 +0.8607851953 +0.1939010026
+5.0000000000 +0.3816375000 +0.0021187194 -0.0106437500 +0.0028508453 +0.3252060547 +0.0020000764 +0.2657712029 +0.0018936767 -10.7224875000 +0.0058482288 +116.3398093750 +0.1218023537 +0.5745883945 +0.8755655599 +0.1623368283
+5.2000000000 +0.3651125000 +0.0020595747 -0.0086500000 +0.0027518459 +0.3029810547 +0.0019253983 +0.2400838615 +0.0018021583 -10.5473875000 +0.0060587902 +112.7157406250 +0.1248259046 +0.5220735909 +0.8688506212 +0.1282122406
+5.4000000000 +0.3486281250 +0.0019985568 -0.0067343750 +0.0026517230 +0.2813107422 +0.0018488422 +0.2158644279 +0.0017083053 -10.3700687500 +0.0062596876 +109.1056734375 +0.1272698435 +0.4733901412 +0.8599986600 +0.0907418687
+5.6000000000 +0.3320468750 +0.0019371935 -0.0049187500 +0.0025511746 +0.2603638672 +0.0017712619 +0.1932840919 +0.0016141448 -10.1999312500 +0.0063945979 +105.6742328125 +0.1284044096 +0.4288821143 +0.8345078101 +0.0495846769
+5.8000000000 +0.3156593750 +0.0018749256 -0.0049375000 +0.0024506647 +0.2402546875 +0.0016931852 +0.1723973572 +0.0015204970 -10.0345000000 +0.0065245697 +102.3939906250 +0.1290619084 +0.3879002661 +0.8098931629 +0.0044441936
+6.0000000000 +0.3007234375 +0.0018134553 -0.0033296875 +0.0023556756 +0.2219793945 +0.0016177013 +0.1539531483 +0.0014307334 -9.8748250000 +0.0066200807 +99.2651875000 +0.1289529391 +0.3507861565 +0.7791194308 -0.0414585621
+6.2000000000 +0.2875437500 +0.0017533815 -0.0024437500 +0.0022674286 +0.2056552734 +0.0015411434 +0.1372990105 +0.0013379570 -9.7209312500 +0.0067099338 +96.2974328125 +0.1284753699 +0.3173519104 +0.7496060126 -0.0820976455
+6.4000000000 +0.2765703125 +0.0016995919 -0.0026046875 +0.0021910549 +0.1920356445 +0.0014727762 +0.1236404728 +0.0012556970 -9.5770375000 +0.0068265501 +93.5837187500 +0.1282143084 +0.2888612669 +0.7281529194 -0.1175725026
+6.6000000000 +0.2657562500 +0.0016490038 -0.0031406250 +0.0021176937 +0.1793949219 +0.0014098132 +0.1116854630 +0.0011815051 -9.4335500000 +0.0069853474 +90.9436687500 +0.1283926362 +0.2636813029 +0.7169157567 -0.1567915388
+6.8000000000 +0.2569312500 +0.0016021562 -0.0026406250 +0.0020535510 +0.1686898438 +0.0013531219 +0.1016938232 +0.0011174750 -9.2939500000 +0.0072015563 +88.4520031250 +0.1291208124 +0.2415910036 +0.7178188659 -0.1912295238
+7.0000000000 +0.2479140625 +0.0015533926 -0.0007609375 +0.0019873471 +0.1579825195 +0.0012943747 +0.0919747089 +0.0010477482 -9.1428062500 +0.0074687868 +85.8222171875 +0.1305135342 +0.2206197420 +0.7285913673 -0.2283697020
+7.2000000000 +0.2394281250 +0.0015070501 -0.0009062500 +0.0019246624 +0.1481738281 +0.0012379005 +0.0832513855 +0.0009843092 -9.0022562500 +0.0077174259 +83.4229640625 +0.1315159101 +0.2018844469 +0.7352921209 -0.2639421962
+7.4000000000 +0.2319828125 +0.0014595865 +0.0001390625 +0.0018643479 +0.1390317383 +0.0011832509 +0.0753331303 +0.0009235688 -8.8426875000 +0.0080391711 +80.7782531250 +0.1333513747 +0.1842501902 +0.7553340840 -0.2990828627
+7.6000000000 +0.2249265625 +0.0014156762 +0.0000171875 +0.0018080205 +0.1307575195 +0.0011318702 +0.0683427372 +0.0008661349 -8.6891375000 +0.0083747698 +78.3065812500 +0.1354804613 +0.1687696021 +0.7771387136 -0.3324096432
+7.8000000000 +0.2186281250 +0.0013738097 +0.0007093750 +0.0017556472 +0.1232923828 +0.0010838344 +0.0621888954 +0.0008150476 -8.5305000000 +0.0087673592 +75.8440937500 +0.1378806416 +0.1548597452 +0.8085900066 -0.3637008029
+8.0000000000 +0.2129171875 +0.0013340581 +0.0000890625 +0.0017067671 +0.1165221680 +0.0010389859 +0.0567570843 +0.0007694053 -8.3623937500 +0.0091063000 +73.2466171875 +0.1396133008 +0.1423768785 +0.8292469894 -0.3934189399
+8.2000000000 +0.2080078125 +0.0013005035 +0.0003671875 +0.0016652289 +0.1109196289 +0.0010035660 +0.0525889500 +0.0007333163 -8.1963500000 +0.0094826319 +70.7769656250 +0.1418595780 +0.1320046416 +0.8558744325 -0.4248082753
+8.4000000000 +0.2037671875 +0.0012665383 +0.0002171875 +0.0016254676 +0.1056858398 +0.0009658479 +0.0484839855 +0.0006924356 -8.0363500000 +0.0098235613 +68.4430156250 +0.1436487649 +0.1222186155 +0.8753048305 -0.4469164437
+8.6000000000 +0.2006218750 +0.0012313163 +0.0010000000 +0.0015881886 +0.1008947266 +0.0009227315 +0.0442370811 +0.0006427006 -7.8531937500 +0.0101783273 +65.8165859375 +0.1452669585 +0.1128290043 +0.8964702785 -0.4485325995
+8.8000000000 +0.1974218750 +0.0011964587 +0.0004781250 +0.0015510940 +0.0962359375 +0.0008854028 +0.0406188828 +0.0006061528 -7.6587312500 +0.0105428178 +63.1022046875 +0.1469651650 +0.1041100741 +0.9186033735 -0.4619487763
+9.0000000000 +0.1939578125 +0.0011643382 +0.0005453125 +0.0015153108 +0.0918469727 +0.0008502923 +0.0373557453 +0.0005695233 -7.4672625000 +0.0109399606 +60.5473187500 +0.1489492946 +0.0964041593 +0.9456413839 -0.4760683177
+9.2000000000 +0.1907015625 +0.0011333975 +0.0011796875 +0.0014811253 +0.0877506836 +0.0008170217 +0.0344011578 +0.0005372329 -7.2820625000 +0.0112975628 +58.1338312500 +0.1504782466 +0.0893627785 +0.9651034019 -0.4891923185
+9.4000000000 +0.1878390625 +0.0011051215 +0.0012390625 +0.0014502906 +0.0841352539 +0.0007892991 +0.0319984608 +0.0005137964 -7.0806812500 +0.0116424649 +55.5579265625 +0.1521013274 +0.0831518987 +0.9817799182 -0.5067868235
+9.6000000000 +0.1864671875 +0.0010792251 +0.0013046875 +0.0014261608 +0.0813590820 +0.0007607224 +0.0297672428 +0.0004837144 -6.8744062500 +0.0118844301 +52.9070484375 +0.1521093572 +0.0776484500 +0.9808311020 -0.4990125735
+9.8000000000 +0.1837703125 +0.0010530399 +0.0003640625 +0.0013975614 +0.0781272461 +0.0007345948 +0.0276890469 +0.0004600991 -6.6827375000 +0.0121604933 +50.5740843750 +0.1524606122 +0.0724174993 +0.9854400468 -0.5121041986
+10.0000000000 +0.1825187500 +0.0010301603 -0.0009406250 +0.0013762396 +0.0757623047 +0.0007095397 +0.0258777901 +0.0004348691 -6.4960437500 +0.0123195681 +48.2694546875 +0.1514867336 +0.0679187369 +0.9713392457 -0.5027944269
+10.2000000000 +0.1805328125 +0.0010037429 -0.0008171875 +0.0013499206 +0.0728920898 +0.0006810697 +0.0238674923 +0.0004066701 -6.3168750000 +0.0124770786 +46.1300093750 +0.1511604097 +0.0632156760 +0.9576469988 -0.4973548468
+10.4000000000 +0.1795750000 +0.0009860661 -0.0007875000 +0.0013336005 +0.0711402344 +0.0006636121 +0.0226761719 +0.0003858977 -6.1162500000 +0.0126143690 +43.7734062500 +0.1500444677 +0.0598354673 +0.9415520987 -0.4935435892
+10.6000000000 +0.1791765625 +0.0009709395 -0.0009015625 +0.0013211015 +0.0698131836 +0.0006512559 +0.0218392498 +0.0003815995 -5.9176750000 +0.0127581844 +41.5297281250 +0.1487497281 +0.0569191593 +0.9271414339 -0.4936250036
+10.8000000000 +0.1778328125 +0.0009495245 +0.0003484375 +0.0013008484 +0.0676883789 +0.0006298369 +0.0204494968 +0.0003639173 -5.7419437500 +0.0128728813 +39.5983609375 +0.1476045185 +0.0534279551 +0.9092514279 -0.4877609168
+11.0000000000 +0.1758843750 +0.0009286436 +0.0000312500 +0.0012789690 +0.0654304687 +0.0006079328 +0.0190644379 +0.0003404592 -5.5700312500 +0.0129764935 +37.7608234375 +0.1466046193 +0.0501747715 +0.8906545866 -0.4843717697
+11.2000000000 +0.1753062500 +0.0009094870 -0.0002000000 +0.0012631202 +0.0638189453 +0.0005884478 +0.0179236900 +0.0003227861 -5.4044375000 +0.0128941354 +35.8582937500 +0.1434494691 +0.0472666629 +0.8482588085 -0.4669216717
+11.4000000000 +0.1737765625 +0.0008909244 +0.0000515625 +0.0012444692 +0.0619481445 +0.0005695409 +0.0168126453 +0.0003044493 -5.2343625000 +0.0128951867 +34.0499843750 +0.1410119388 +0.0445611942 +0.8188899469 -0.4603541565
+11.6000000000 +0.1749703125 +0.0008801070 +0.0008828125 +0.0012409408 +0.0615981445 +0.0005598072 +0.0163296970 +0.0003003480 -5.0653562500 +0.0128808501 +32.2944859375 +0.1386185609 +0.0427359093 +0.7891381686 -0.4345695612
+11.8000000000 +0.1735375000 +0.0008632946 +0.0010906250 +0.0012239810 +0.0599263672 +0.0005386731 +0.0151979195 +0.0002728816 -4.9104000000 +0.0128357715 +30.7023093750 +0.1359984256 +0.0404218350 +0.7572859770 -0.4106750397
+12.0000000000 +0.1726781250 +0.0008444043 -0.0012375000 +0.0012076521 +0.0583384766 +0.0005219185 +0.0142993340 +0.0002659388 -4.7626187500 +0.0127251153 +29.1596796875 +0.1327062015 +0.0380276556 +0.7196824811 -0.4005041064
