# T, am1a, am1e, m1a, m1e, m2a, m2e, m4a, m4e, e1a, e1e, e2a, e2e, susc, susce, spec, spece, bind, binde
+2.0000000000 +0.5335465000 +0.0368493315 +0.0505105000 +0.0505515424 +0.5331936040 +0.0368303518 +0.5325113201 +0.0367936814 -11.9946368000 +0.0001571387 +143.8721962880 +0.0037448498 +11.7471502019 +0.2916546633 +0.0221019289 +0.0006229780 +0.3391744105 +0.0552236899
+2.2000000000 +0.5328322000 +0.0365502292 +0.0501168500 +0.0502785201 +0.5320611145 +0.0365061035 +0.5305745626 +0.0364211572 -11.9883900000 +0.0002988005 +143.7234439360 +0.0071215810 +10.6723531186 +0.2633950191 +0.0402531214 +0.0008945289 +0.3396556116 +0.0542407116
+2.4000000000 +0.5317175000 +0.0360444410 +0.0502909500 +0.0496692072 +0.5302478855 +0.0359656161 +0.5274247456 +0.0358144131 -11.9780350000 +0.0006109987 +143.4770621920 +0.0145478908 +9.7721820165 +0.2379133817 +0.0648610688 +0.0015865589 +0.3404586700 +0.0527511757
+2.6000000000 +0.5305914000 +0.0355409369 +0.0505148500 +0.0490198419 +0.5279825900 +0.0353950879 +0.5229997936 +0.0351175447 -11.9617334000 +0.0009583057 +143.0897296800 +0.0227951558 +8.9932220875 +0.2200385562 +0.0984402930 +0.0021173809 +0.3419354078 +0.0509075759
+2.8000000000 +0.5292317750 +0.0347994456 +0.0497035750 +0.0481124106 +0.5249069927 +0.0345473937 +0.5167127618 +0.0340730020 -11.9377991000 +0.0012934760 +142.5221590680 +0.0307224814 +8.3110966758 +0.2059643609 +0.1415176685 +0.0026426423 +0.3446088511 +0.0479143826
+3.0000000000 +0.5265233750 +0.0339463653 +0.0479365750 +0.0471789985 +0.5197471347 +0.0335335875 +0.5070504785 +0.0327662612 -11.9039875000 +0.0016027904 +141.7225403480 +0.0379365561 +7.6998904395 +0.1938883807 +0.1955139826 +0.0037336995 +0.3465610618 +0.0446520596
+3.2000000000 +0.5227536750 +0.0326954336 +0.0459111750 +0.0463854566 +0.5126451437 +0.0320830216 +0.4939812700 +0.0309606836 -11.8588458000 +0.0020205030 +140.6588890960 +0.0475431627 +7.1463695393 +0.1767263897 +0.2600055026 +0.0049792865 +0.3482506800 +0.0415915738
+3.4000000000 +0.5175870000 +0.0312051565 +0.0434836000 +0.0452675545 +0.5029489145 +0.0303162804 +0.4764788426 +0.0287241829 -11.7985733000 +0.0029389010 +139.2457286600 +0.0686873626 +6.6269115889 +0.1608066425 +0.3400551306 +0.0068805300 +0.3496843963 +0.0381893496
+3.6000000000 +0.5105458750 +0.0293572842 +0.0371490750 +0.0438191138 +0.4898315052 +0.0281799268 +0.4534743536 +0.0261120949 -11.7202102000 +0.0041147127 +137.4205946560 +0.0956039248 +6.1265531501 +0.1425582749 +0.4405726480 +0.0079343524 +0.3502297999 +0.0351384925
+3.8000000000 +0.4998991750 +0.0267671012 +0.0296735250 +0.0415760482 +0.4711036317 +0.0253345841 +0.4226630298 +0.0228866521 -11.6180484000 +0.0054421895 +135.0619058080 +0.1254246097 +5.6326228819 +0.1165035382 +0.5717521397 +0.0100553064 +0.3484342760 +0.0319180454
+4.0000000000 +0.4859667000 +0.0238332705 +0.0184276000 +0.0386222711 +0.4465430985 +0.0222550262 +0.3840332037 +0.0196004217 -11.4858146000 +0.0070048048 +132.0433574240 +0.1596185699 +5.1174804289 +0.0875842491 +0.7433107845 +0.0131789035 +0.3440855728 +0.0290732620
+4.2000000000 +0.4634046250 +0.0205075001 +0.0083790750 +0.0341357628 +0.4107606042 +0.0187977347 +0.3336257113 +0.0160472727 -11.3162907000 +0.0090779763 +128.2271346360 +0.2039638715 +4.5669329086 +0.0581817759 +0.9516742209 +0.0139180268 +0.3293610581 +0.0269585273
+4.4000000000 +0.4294337750 +0.0164266110 -0.0014568750 +0.0281140917 +0.3616544272 +0.0146607121 +0.2721282390 +0.0120190187 -11.0993009000 +0.0104807101 +123.4231218040 +0.2324451513 +3.9668801060 +0.0367957844 +1.1753248059 +0.0084428532 +0.2974403895 +0.0250319732
+4.6000000000 +0.3846032000 +0.0124194057 -0.0049305500 +0.0210350663 +0.3025752150 +0.0106401031 +0.2068360125 +0.0082676833 -10.8451035000 +0.0098601689 +117.8982467240 +0.2155743976 +3.3285473301 +0.0341422805 +1.3279989083 +0.0142134612 +0.2400611200 +0.0235735431
+4.8000000000 +0.3336117750 +0.0090004122 -0.0053993750 +0.0143564281 +0.2409584238 +0.0073054449 +0.1467717329 +0.0052842259 -10.5756010000 +0.0092670107 +112.1505924320 +0.1985381306 +2.6844069402 +0.0338070181 +1.3298487237 +0.0172541159 +0.1522722239 +0.0223061491
+5.0000000000 +0.2833394500 +0.0063350520 -0.0061167000 +0.0094448455 +0.1855927320 +0.0048195299 +0.0993356678 +0.0032149046 -10.3222058000 +0.0077870107 +106.8475246240 +0.1641883268 +2.0982031846 +0.0296629701 +1.1959426845 +0.0172438332 +0.0348733144 +0.0219813641
+5.2000000000 +0.2389588250 +0.0045390512 -0.0065994250 +0.0058914532 +0.1408349473 +0.0032178484 +0.0654444370 +0.0019177512 -10.1004935000 +0.0055201078 +102.2944017240 +0.1138870295 +1.6062999489 +0.0229260740 +1.0137872211 +0.0126084714 -0.1031163944 +0.0227038727
+5.4000000000 +0.2041150000 +0.0033217822 -0.0060080000 +0.0038030883 +0.1082811390 +0.0021735846 +0.0436293210 +0.0011231851 -9.9142318000 +0.0041432146 +98.5426518400 +0.0835297285 +1.2316271001 +0.0167488044 +0.8590123238 +0.0070052294 -0.2433369168 +0.0227990304
+5.6000000000 +0.1776981500 +0.0026596812 -0.0046619000 +0.0026835223 +0.0852743590 +0.0016172868 +0.0298266018 +0.0007343574 -9.7567799000 +0.0029863594 +95.4273322840 +0.0593193242 +0.9576247758 +0.0132753924 +0.7413554960 +0.0046141565 -0.3700093537 +0.0232961416
+5.8000000000 +0.1579186250 +0.0021888732 -0.0038676750 +0.0020614438 +0.0688877278 +0.0012021486 +0.0209519652 +0.0004738017 -9.6159623000 +0.0022695826 +92.6898877640 +0.0445508539 +0.7569228270 +0.0097032581 +0.6632143250 +0.0036100700 -0.4741648580 +0.0225670336
+6.0000000000 +0.1424056500 +0.0018332742 -0.0031352500 +0.0016359747 +0.0568353045 +0.0009382935 +0.0150882278 +0.0003242286 -9.4880989000 +0.0020279940 +90.2451226440 +0.0390018073 +0.6087054401 +0.0074991744 +0.6140577228 +0.0021345641 -0.5590717692 +0.0211627432
+6.2000000000 +0.1308476000 +0.0015693351 -0.0023589000 +0.0013928579 +0.0482998255 +0.0007473636 +0.0113750521 +0.0002413630 -9.3688228000 +0.0012902721 +88.0007303200 +0.0248544452 +0.5024855314 +0.0058556128 +0.5875988922 +0.0024060020 -0.6267827665 +0.0199602638
+6.4000000000 +0.1216798750 +0.0013620373 -0.0018752750 +0.0012410865 +0.0418109377 +0.0006090992 +0.0087888122 +0.0001796233 -9.2527352000 +0.0012879991 +85.8483060880 +0.0241729828 +0.4216624111 +0.0046721359 +0.5741719171 +0.0021259915 -0.6770118209 +0.0193849885
+6.6000000000 +0.1141522500 +0.0011296126 -0.0013481500 +0.0011897213 +0.0367192800 +0.0004563949 +0.0069309514 +0.0001150373 -9.1381363000 +0.0012629513 +83.7549593000 +0.0231421310 +0.3587239935 +0.0032573481 +0.5725627001 +0.0021428882 -0.7148813083 +0.0192149476
+6.8000000000 +0.1081463500 +0.0010082093 -0.0010370500 +0.0011045744 +0.0327686475 +0.0003668773 +0.0056228595 +0.0000754659 -9.0217991000 +0.0012480480 +81.6628615160 +0.0226422346 +0.3097477886 +0.0024027606 +0.5838817885 +0.0019522354 -0.7472085206 +0.0195523599
+7.0000000000 +0.1031430250 +0.0009627189 -0.0008648750 +0.0009811309 +0.0295878162 +0.0003515935 +0.0046573231 +0.0000703047 -8.9040108000 +0.0010937287 +79.5770167040 +0.0198617093 +0.2705723481 +0.0023312228 +0.6032579899 +0.0016200907 -0.7747450507 +0.0183313857
+7.2000000000 +0.0988422250 +0.0008610483 -0.0006543250 +0.0009023583 +0.0269157207 +0.0002999735 +0.0039003824 +0.0000565432 -8.7814853000 +0.0012457279 +77.4399186520 +0.0217606028 +0.2380350176 +0.0019190176 +0.6277373833 +0.0012552206 -0.7957518884 +0.0169291742
+7.4000000000 +0.0954934250 +0.0007796070 -0.0006202750 +0.0007717417 +0.0247879287 +0.0002714041 +0.0033287966 +0.0000552065 -8.6515154000 +0.0010840124 +75.2128229200 +0.0190171794 +0.2116602252 +0.0017754745 +0.6648876054 +0.0013881819 -0.8060696586 +0.0139550788
+7.6000000000 +0.0923598000 +0.0007476534 -0.0005947500 +0.0006685893 +0.0228730975 +0.0002465730 +0.0028457925 +0.0000471760 -8.5133716000 +0.0011250281 +72.8860684880 +0.0188589234 +0.1886470393 +0.0015572175 +0.7073404284 +0.0017873101 -0.8133675108 +0.0150259295
+7.8000000000 +0.0899825750 +0.0007094451 -0.0006016750 +0.0005685751 +0.0213413097 +0.0002199459 +0.0024865839 +0.0000379392 -8.3661064000 +0.0008384552 +70.4559924160 +0.0138743615 +0.1697360618 +0.0012816922 +0.7630655651 +0.0018380316 -0.8203608795 +0.0156720031
+8.0000000000 +0.0877764000 +0.0006822144 -0.0003915500 +0.0004760062 +0.0199102260 +0.0002082692 +0.0021640890 +0.0000344721 -8.2092931000 +0.0008880966 +67.9218567000 +0.0139194790 +0.1525109430 +0.0011646630 +0.8271181424 +0.0021113080 -0.8200265841 +0.0149608966
+8.2000000000 +0.0858382500 +0.0006582436 -0.0005882000 +0.0004170490 +0.0186706515 +0.0001984512 +0.0019033270 +0.0000319609 -8.0387227000 +0.0009740520 +65.2290039720 +0.0151224792 +0.1377818718 +0.0010860380 +0.9041223033 +0.0021239615 -0.8202539589 +0.0163093937
+8.4000000000 +0.0841085000 +0.0005766904 -0.0005200500 +0.0003501559 +0.0175183885 +0.0001738893 +0.0016663740 +0.0000268871 -7.8486681000 +0.0019167305 +62.3000490760 +0.0282786111 +0.1242955120 +0.0009504457 +0.9898262379 +0.0035770127 -0.8098269861 +0.0125593878
+8.6000000000 +0.0826907500 +0.0005530164 -0.0005060500 +0.0003025700 +0.0165273150 +0.0001643716 +0.0014797626 +0.0000247121 -7.6402424000 +0.0022385904 +59.1792876000 +0.0328146052 +0.1126336813 +0.0008829988 +1.0896884213 +0.0034623567 -0.8054719256 +0.0117425688
+8.8000000000 +0.0815818500 +0.0005289251 -0.0003910000 +0.0002448549 +0.0156194285 +0.0001452814 +0.0013037882 +0.0000180355 -7.4117958000 +0.0023631388 +55.8579740160 +0.0332215576 +0.1018299163 +0.0006925009 +1.1921502981 +0.0038535616 -0.7816014972 +0.0116132496
+9.0000000000 +0.0806323000 +0.0005092295 -0.0003293500 +0.0002142704 +0.0148045055 +0.0001389595 +0.0011547089 +0.0000154460 -7.1641655000 +0.0030788834 +52.3803948920 +0.0434523907 +0.0922260506 +0.0006356587 +1.3025096116 +0.0030138485 -0.7565493004 +0.0120706215
+9.2000000000 +0.0796517000 +0.0004769362 -0.0003362000 +0.0001954278 +0.0139896340 +0.0001327159 +0.0010126445 +0.0000149700 -6.8938364000 +0.0026510615 +48.7029373440 +0.0358832087 +0.0830757174 +0.0006121299 +1.3916431389 +0.0036321488 -0.7246480176 +0.0086733424
+9.4000000000 +0.0791711750 +0.0003946114 -0.0001990250 +0.0001728308 +0.0133407528 +0.0001084281 +0.0008980019 +0.0000111231 -6.6081810000 +0.0030361105 +44.9574607440 +0.0393223217 +0.0752246874 +0.0004933455 +1.4591584830 +0.0028161224 -0.6819232990 +0.0082746890
+9.6000000000 +0.0784996750 +0.0003371728 -0.0001272750 +0.0001823466 +0.0126864278 +0.0000873993 +0.0007942257 +0.0000093597 -6.3167660000 +0.0027906597 +41.2646738240 +0.0347142549 +0.0679488742 +0.0003829588 +1.4790182806 +0.0021297597 -0.6448312101 +0.0094267162
+9.8000000000 +0.0780328250 +0.0002928274 +0.0000509750 +0.0001778210 +0.0120915603 +0.0000825751 +0.0006983190 +0.0000085036 -6.0222848000 +0.0018730275 +37.6660000160 +0.0250586778 +0.0612406224 +0.0003876592 +1.4556962946 +0.0039438797 -0.5918464150 +0.0071491498
+10.0000000000 +0.0775648500 +0.0002332065 +0.0000996000 +0.0001506271 +0.0115764965 +0.0000555953 +0.0006169175 +0.0000043866 -5.7384073000 +0.0012463672 +34.3219231000 +0.0148542358 +0.0555964669 +0.0002020615 +1.3925892250 +0.0023538399 -0.5346543334 +0.0085921751
+10.2000000000 +0.0769658500 +0.0002284975 +0.0000622000 +0.0002043795 +0.0110785395 +0.0000608819 +0.0005449267 +0.0000056612 -5.4700806000 +0.0023442187 +31.2749297600 +0.0254598690 +0.0505321110 +0.0002656996 +1.3005507842 +0.0014934351 -0.4797297907 +0.0055597933
+10.4000000000 +0.0762864500 +0.0002288627 +0.0001174500 +0.0001857126 +0.0105978025 +0.0000587607 +0.0004796022 +0.0000055406 -5.2203709000 +0.0017131670 +28.5372025320 +0.0168808925 +0.0459390025 +0.0002569218 +1.1879630631 +0.0024347476 -0.4230353429 +0.0063940528
+10.6000000000 +0.0757327750 +0.0001622793 +0.0001893750 +0.0001790941 +0.0102316023 +0.0000411436 +0.0004309562 +0.0000036783 -4.9924297000 +0.0021494052 +26.1361528840 +0.0221346830 +0.0424140160 +0.0001828644 +1.0784553000 +0.0016186032 -0.3720808946 +0.0059444906
+10.8000000000 +0.0754574500 +0.0001955407 +0.0001381000 +0.0001523085 +0.0099645960 +0.0000411629 +0.0003953950 +0.0000022493 -4.7857630000 +0.0013400116 +24.0382216000 +0.0136160514 +0.0395406192 +0.0001180887 +0.9728019132 +0.0017491382 -0.3274921740 +0.0055098720
+11.0000000000 +0.0750406500 +0.0001308391 +0.0000974500 +0.0001459451 +0.0097024455 +0.0000311992 +0.0003645005 +0.0000023848 -4.6017702000 +0.0020919480 +22.2393099440 +0.0192992172 +0.0370106833 +0.0001200166 +0.8784935603 +0.0015229572 -0.2906145034 +0.0048103051
+11.2000000000 +0.0746578250 +0.0001011867 +0.0000808750 +0.0001686045 +0.0094855918 +0.0000216264 +0.0003379692 +0.0000012470 -4.4346899000 +0.0021887219 +20.6600586920 +0.0202891019 +0.0349258797 +0.0000723081 +0.7920410378 +0.0016077346 -0.2521385739 +0.0048420754
+11.4000000000 +0.0742475000 +0.0000958429 +0.0000161000 +0.0001403870 +0.0093041385 +0.0000246350 +0.0003179416 +0.0000018693 -4.2874188000 +0.0023794912 +19.3120544960 +0.0207978796 +0.0332575034 +0.0000992341 +0.7156339717 +0.0022085143 -0.2241554745 +0.0021902925
+11.6000000000 +0.0738889000 +0.0001015224 -0.0001345000 +0.0001338130 +0.0091196485 +0.0000240547 +0.0002994056 +0.0000015597 -4.1519564000 +0.0023215874 +18.1165737920 +0.0197714884 +0.0315515163 +0.0000812637 +0.6523320057 +0.0017383071 -0.1999383564 +0.0018548531
+11.8000000000 +0.0733809750 +0.0001336938 -0.0002005250 +0.0001141278 +0.0089304828 +0.0000323874 +0.0002828352 +0.0000026422 -4.0269261000 +0.0019721898 +17.0487489000 +0.0166481838 +0.0300469196 +0.0001239896 +0.5979432561 +0.0012926569 -0.1818417524 +0.0041748189
+12.0000000000 +0.0727474250 +0.0001318331 +0.0000331250 +0.0001150757 +0.0087527633 +0.0000266958 +0.0002691909 +0.0000015755 -3.9134969000 +0.0020605016 +16.1090986920 +0.0175893371 +0.0288366801 +0.0000875424 +0.5511098952 +0.0014092301 -0.1712084494 +0.0035258890
