# T, am1a, am1e, m1a, m1e, m2a, m2e, m4a, m4e, e1a, e1e, e2a, e2e, susc, spec, bind
+2.0000000000 +0.5828059028 +0.0024632600 +0.1096295139 +0.0037760763 +0.5823687066 +0.0024615098 +0.5815145328 +0.0024582751 -11.9932611111 +0.0001377275 +143.8390708333 +0.0032880447 +17.4748310125 +0.0273151457 +0.4284644388
+2.2000000000 +0.5794277778 +0.0024636592 +0.0961673611 +0.0037725093 +0.5785212095 +0.0024600151 +0.5767537611 +0.0024533053 -11.9862680556 +0.0001971595 +143.6721767747 +0.0047039282 +15.8913595525 +0.0462607458 +0.4255786020
+2.4000000000 +0.5734717014 +0.0024642787 +0.0774140625 +0.0037609296 +0.5717765806 +0.0024574143 +0.5684838648 +0.0024448475 -11.9744854167 +0.0002703713 +143.3912250193 +0.0064436882 +14.5744072974 +0.0731006336 +0.4203789333
+2.6000000000 +0.5655748264 +0.0024636987 +0.0524831597 +0.0037413662 +0.5626673358 +0.0024518040 +0.5570482414 +0.0024302001 -11.9564791667 +0.0003574924 +142.9625060957 +0.0085054869 +13.4469665473 +0.1088953727 +0.4134998268
+2.8000000000 +0.5523769097 +0.0024625517 +0.0251258681 +0.0036981596 +0.5476866934 +0.0024430052 +0.5386916899 +0.0024078649 -11.9294819444 +0.0004614489 +142.3210568673 +0.0109513935 +12.4748456419 +0.1564421234 +0.4013752863
+3.0000000000 +0.5390192708 +0.0024553249 +0.0002286458 +0.0036458419 +0.5316865922 +0.0024243769 +0.5177947603 +0.0023697261 -11.8918180556 +0.0005790281 +141.4287476080 +0.0136951352 +11.5749512558 +0.2145750662 +0.3894447366
+3.2000000000 +0.5224550347 +0.0024411161 -0.0085553819 +0.0035750803 +0.5113211697 +0.0023934552 +0.4905944409 +0.0023112684 -11.8394888889 +0.0007166740 +140.1940420139 +0.0168728356 +10.7262857879 +0.2889121473 +0.3745194340
+3.4000000000 +0.5120776042 +0.0024154800 -0.0133043403 +0.0035193330 +0.4956052095 +0.0023453532 +0.4656517858 +0.0022279256 -11.7735013889 +0.0008613127 +138.6450093364 +0.0201595077 +9.8844029725 +0.3696462843 +0.3680709908
+3.6000000000 +0.4934064236 +0.0023881904 -0.0260338542 +0.0034311451 +0.4715880317 +0.0022940982 +0.4329107250 +0.0021396391 -11.6971604167 +0.0010134475 +136.8646448495 +0.0235395411 +9.1255253129 +0.4564781811 +0.3511391950
+3.8000000000 +0.4702760417 +0.0023470350 -0.0507940972 +0.0033125611 +0.4415024932 +0.0022234533 +0.3926742336 +0.0020270551 -11.5940375000 +0.0012235962 +134.4815930555 +0.0281168736 +8.3498376461 +0.5972161077 +0.3285018367
+4.0000000000 +0.4474375000 +0.0022859580 -0.0639045139 +0.0031825331 +0.4092244695 +0.0021292100 +0.3488060686 +0.0018938530 -11.4677493056 +0.0014995199 +131.5992165316 +0.0340021827 +7.5248695122 +0.8094815689 +0.3057121123
+4.2000000000 +0.4220364583 +0.0021927406 -0.0821597222 +0.0030153317 +0.3704392289 +0.0019956059 +0.2965229350 +0.0017198327 -11.2940493056 +0.0018525539 +127.6928279514 +0.0413601049 +6.5939813731 +1.1206386535 +0.2797171199
+4.4000000000 +0.3872496528 +0.0020412547 -0.0985996528 +0.0027699694 +0.3166311174 +0.0017947122 +0.2290949356 +0.0014768892 -11.0385486111 +0.0022103282 +122.0449774691 +0.0484651510 +5.4546160518 +1.4535522838 +0.2382945782
+4.6000000000 +0.3363385417 +0.0018437590 -0.0851812500 +0.0024588903 +0.2491015095 +0.0015393992 +0.1568415583 +0.0011743164 -10.7516520833 +0.0023389699 +115.8168537230 +0.0502785186 +4.2566993168 +1.4892104480 +0.1574665046
+4.8000000000 +0.2891046875 +0.0016434737 -0.0521532986 +0.0021731417 +0.1916217556 +0.0012906126 +0.1033461331 +0.0008966104 -10.4849708333 +0.0023224507 +110.1503644676 +0.0489119121 +3.2412070592 +1.3484443234 +0.0618260993
+5.0000000000 +0.2352345486 +0.0014174959 -0.0242373264 +0.0018379311 +0.1357070783 +0.0010239775 +0.0603576110 +0.0006269018 -10.2287048611 +0.0021853065 +104.8174257137 +0.0449634594 +2.3147074198 +1.1002900493 -0.0924606091
+5.2000000000 +0.1935732639 +0.0012212921 -0.0048708333 +0.0015581163 +0.0971327812 +0.0008062455 +0.0354360524 +0.0004327259 -10.0227819444 +0.0020573067 +100.6254583333 +0.0414713064 +1.6521832429 +0.9015999095 -0.2519657077
+5.4000000000 +0.1659197917 +0.0010722290 +0.0036354167 +0.0013555733 +0.0735163773 +0.0006478155 +0.0221912538 +0.0003023799 -9.8572840278 +0.0019531659 +97.3186426890 +0.0386648564 +1.2263200013 +0.7535520235 -0.3686499608
+5.6000000000 +0.1449956597 +0.0009574995 +0.0063925347 +0.0012005737 +0.0576959503 +0.0005340217 +0.0147359891 +0.0002172863 -9.7149652778 +0.0019093118 +94.5263692130 +0.0371756650 +0.9429996585 +0.6695764188 -0.4755956800
+5.8000000000 +0.1296437500 +0.0008670643 +0.0043326389 +0.0010823672 +0.0468795187 +0.0004510289 +0.0103347728 +0.0001652607 -9.5885423611 +0.0018872790 +92.0826174961 +0.0362032456 +0.7466155895 +0.6098720418 -0.5675210829
+6.0000000000 +0.1176744792 +0.0007928270 +0.0033404514 +0.0009871564 +0.0389902669 +0.0003848126 +0.0074434705 +0.0001253104 -9.4709784722 +0.0019025493 +89.8442209684 +0.0359813060 +0.6034316131 +0.5791509883 -0.6320813342
+6.2000000000 +0.1092388889 +0.0007342355 +0.0035447917 +0.0009149404 +0.0334972029 +0.0003366624 +0.0056557267 +0.0001009671 -9.3584611111 +0.0019413666 +87.7315505401 +0.0362201927 +0.5008428717 +0.5647473663 -0.6801578012
+6.4000000000 +0.1016704861 +0.0006831167 +0.0026625000 +0.0008514067 +0.0290028260 +0.0002961251 +0.0043487677 +0.0000818611 -9.2464722222 +0.0019966915 +85.6567196374 +0.0367446248 +0.4199836108 +0.5606405193 -0.7233136171
+6.6000000000 +0.0958496528 +0.0006422418 +0.0031125000 +0.0008011936 +0.0256861352 +0.0002659294 +0.0034885155 +0.0000696528 -9.1351833333 +0.0020683074 +83.6226903550 +0.0375580544 +0.3599777299 +0.5656721367 -0.7624705865
+6.8000000000 +0.0906302083 +0.0006013468 +0.0026805556 +0.0007528507 +0.0226785518 +0.0002341664 +0.0027076737 +0.0000537972 -9.0206972222 +0.0021601919 +81.5596355324 +0.0386857134 +0.3063116569 +0.5812852653 -0.7548678977
+7.0000000000 +0.0870911458 +0.0005733571 +0.0018522569 +0.0007199127 +0.0207344003 +0.0002149196 +0.0022775334 +0.0000460111 -8.9035583333 +0.0022502583 +79.4758974923 +0.0397315831 +0.2705046714 +0.5952386857 -0.7658773718
+7.2000000000 +0.0842336806 +0.0005478975 +0.0015076389 +0.0006910265 +0.0191029803 +0.0001974082 +0.0019237245 +0.0000391832 -8.7797756944 +0.0023678639 +77.3087324267 +0.0411600965 +0.2401533477 +0.6229755054 -0.7571925797
+7.4000000000 +0.0810121528 +0.0005245349 +0.0008274306 +0.0006627171 +0.0175684438 +0.0001828084 +0.0016454071 +0.0000337398 -8.6487604167 +0.0025118148 +75.0534252894 +0.0429438486 +0.2141605921 +0.6636426297 -0.7769921809
+7.6000000000 +0.0789151042 +0.0005042654 +0.0003015625 +0.0006402899 +0.0163989354 +0.0001705177 +0.0014319762 +0.0000296190 -8.5090770833 +0.0026576433 +72.6869155286 +0.0446387012 +0.1927201597 +0.7043502676 -0.7749381899
+7.8000000000 +0.0768359375 +0.0004845977 +0.0000953125 +0.0006184082 +0.0152971583 +0.0001594407 +0.0012508570 +0.0000262526 -8.3660875000 +0.0028276357 +70.3112410108 +0.0465893997 +0.1734165606 +0.7569726702 -0.7818243218
+8.0000000000 +0.0750128472 +0.0004655342 +0.0002333333 +0.0005978243 +0.0142958116 +0.0001485503 +0.0010870584 +0.0000227314 -8.2126159722 +0.0030205633 +67.8120132137 +0.0487569039 +0.1560399189 +0.8211422397 -0.7730214322
+8.2000000000 +0.0730638889 +0.0004478588 +0.0001934028 +0.0005779575 +0.0133614318 +0.0001397849 +0.0009601202 +0.0000206751 -8.0374013889 +0.0032472141 +65.0215970679 +0.0512077031 +0.1408934625 +0.9032680157 -0.7926618396
+8.4000000000 +0.0715465278 +0.0004308751 +0.0003236111 +0.0005600209 +0.0125450400 +0.0001310571 +0.0008444168 +0.0000182720 -7.8482333333 +0.0034789833 +62.0788994599 +0.0534885721 +0.1273051610 +0.9880265417 -0.7885104795
+8.6000000000 +0.0700895833 +0.0004134573 +0.0004138889 +0.0005419930 +0.0117504268 +0.0001227782 +0.0007410518 +0.0000160916 -7.6440701389 +0.0037595230 +58.9971688079 +0.0561151973 +0.1144946864 +1.1007560144 -0.7890399154
+8.8000000000 +0.0690734375 +0.0003977287 +0.0005074653 +0.0005267449 +0.0110986654 +0.0001156989 +0.0006586299 +0.0000150062 -7.4110833333 +0.0040605332 +55.5836733796 +0.0586928707 +0.1035413279 +1.2263749699 -0.7822913005
+9.0000000000 +0.0685796875 +0.0003817688 +0.0002578125 +0.0005131521 +0.0105330693 +0.0001085601 +0.0005823578 +0.0000131988 -7.1509458333 +0.0043815683 +51.9039519290 +0.0611076446 +0.0932783322 +1.3652010982 -0.7496804489
+9.2000000000 +0.0679046875 +0.0003676692 +0.0003383681 +0.0005004537 +0.0100182714 +0.0001023290 +0.0005192147 +0.0000117036 -6.8701868056 +0.0046860730 +48.0778379437 +0.0629775968 +0.0846348226 +1.4943933467 -0.7244085188
+9.4000000000 +0.0672281250 +0.0003514852 +0.0004663194 +0.0004863403 +0.0094612944 +0.0000945307 +0.0004469580 +0.0000103010 -6.5606298611 +0.0048998166 +44.0021922647 +0.0634555392 +0.0757022335 +1.5650435150 -0.6643486913
+9.6000000000 +0.0668003472 +0.0003356907 +0.0001524306 +0.0004735449 +0.0089698158 +0.0000875196 +0.0003868449 +0.0000087064 -6.2481645833 +0.0050244638 +40.0493701196 +0.0625954352 +0.0676129409 +1.5778272800 -0.6026866210
+9.8000000000 +0.0660965278 +0.0003202801 +0.0000496528 +0.0004602153 +0.0084719256 +0.0000811624 +0.0003352672 +0.0000077477 -5.9319354167 +0.0050692077 +36.2157324653 +0.0606472749 +0.0602915459 +1.5411698625 -0.5570606779
+10.0000000000 +0.0654406250 +0.0003039340 +0.0001777778 +0.0004465837 +0.0079775101 +0.0000737074 +0.0002809517 +0.0000063496 -5.6333652778 +0.0050053303 +32.7369376157 +0.0575185021 +0.0532085001 +1.4430718985 -0.4715520459
+10.2000000000 +0.0654000000 +0.0002934040 +0.0000736111 +0.0004393345 +0.0077205970 +0.0000694813 +0.0002527135 +0.0000059111 -5.3608208333 +0.0048806895 +29.6912452161 +0.0539012856 +0.0486132286 +1.3188168982 -0.4132058282
+10.4000000000 +0.0646480903 +0.0002818624 -0.0003227431 +0.0004288685 +0.0073572326 +0.0000634225 +0.0002150253 +0.0000044633 -5.1030236111 +0.0047036879 +26.9258371528 +0.0497926206 +0.0440010971 +1.1782373661 -0.3241566662
+10.6000000000 +0.0641614583 +0.0002753088 -0.0008625000 +0.0004227217 +0.0071484905 +0.0000613797 +0.0002017997 +0.0000044929 -4.8848638889 +0.0044897815 +24.6682207176 +0.0456896403 +0.0411866873 +1.0333826332 -0.3163477905
+10.8000000000 +0.0638484375 +0.0002676369 -0.0009081597 +0.0004165627 +0.0069418029 +0.0000577287 +0.0001814929 +0.0000038651 -4.6971041667 +0.0043132042 +22.8069367670 +0.0423211598 +0.0382023991 +0.9187027339 -0.2554336561
+11.0000000000 +0.0633522569 +0.0002614127 -0.0012779514 +0.0004106501 +0.0067469727 +0.0000549681 +0.0001663813 +0.0000034754 -4.5305270833 +0.0041637934 +21.2191626736 +0.0394018171 +0.0357835313 +0.8253068677 -0.2183313465
+11.2000000000 +0.0626852431 +0.0002547734 -0.0008987847 +0.0004038877 +0.0065258186 +0.0000521383 +0.0001513222 +0.0000030399 -4.3714875000 +0.0040037901 +19.7511163580 +0.0364220986 +0.0333820148 +0.7360868059 -0.1844354565
+11.4000000000 +0.0625185764 +0.0002513787 -0.0009036458 +0.0004011049 +0.0064362232 +0.0000500994 +0.0001418230 +0.0000027061 -4.2331777778 +0.0039099777 +18.5313111111 +0.0344977698 +0.0319282212 +0.6775811777 -0.1412039318
+11.6000000000 +0.0618359375 +0.0002473794 -0.0005234375 +0.0003959568 +0.0062715459 +0.0000488678 +0.0001348548 +0.0000026610 -4.1034812500 +0.0037814507 +17.4105331597 +0.0322310546 +0.0303872611 +0.6121014406 -0.1428676296
+11.8000000000 +0.0615222222 +0.0002448890 -0.0003402778 +0.0003931823 +0.0061838084 +0.0000478858 +0.0001299615 +0.0000025568 -3.9856458333 +0.0036646699 +16.4225649306 +0.0302842957 +0.0292737908 +0.5555564488 -0.1328734757
+12.0000000000 +0.0611805556 +0.0002414011 -0.0000506944 +0.0003896806 +0.0060740403 +0.0000465051 +0.0001234030 +0.0000023478 -3.8824604167 +0.0036144571 +15.5960708912 +0.0290557681 +0.0279717593 +0.5225720042 -0.1149334865
