# T, am1a, am1e, m1a, m1e, m2a, m2e, m4a, m4e, e1a, e1e, e2a, e2e, susc, spec, bind
+2.0000000000 +0.5044750000 +0.0024983876 -0.0792000000 +0.0035281015 +0.5041726562 +0.0024974652 +0.5036833618 +0.0024966760 -11.9943125000 +0.0003844282 +143.8694437500 +0.0088156427 +1.9974210450 +0.0236456094 +0.3394924683
+2.2000000000 +0.5041406250 +0.0024969613 -0.0785281250 +0.0035262718 +0.5035503906 +0.0024951704 +0.5025980042 +0.0024936614 -11.9890625000 +0.0005317805 +143.7489312500 +0.0121944888 +1.8137645153 +0.0373937887 +0.3392858155
+2.4000000000 +0.5033906250 +0.0024941251 -0.0785406250 +0.0035215759 +0.5022285156 +0.0024906845 +0.5003738586 +0.0024879043 -11.9788375000 +0.0007480541 +143.5149312500 +0.0171047489 +1.6588426286 +0.0621761072 +0.3387424820
+2.6000000000 +0.5019921875 +0.0024899095 -0.0784703125 +0.0035136325 +0.4999821289 +0.0024841802 +0.4968281864 +0.0024796462 -11.9628750000 +0.0010094458 +143.1511375000 +0.0229759103 +1.5260675237 +0.0964715607 +0.3375150616
+2.8000000000 +0.4998812500 +0.0024839838 -0.0772125000 +0.0035025937 +0.4966882812 +0.0024752087 +0.4917655640 +0.0024685242 -11.9398875000 +0.0012994493 +142.6284562500 +0.0294629802 +1.4103258123 +0.1378423211 +0.3355397088
+3.0000000000 +0.4974687500 +0.0024743274 -0.0760906250 +0.0034877543 +0.4923669922 +0.0024610154 +0.4846891304 +0.0024512555 -11.9062125000 +0.0016401041 +141.8654937500 +0.0370406366 +1.3060897865 +0.1912847197 +0.3335552293
+3.2000000000 +0.4935343750 +0.0024615321 -0.0732093750 +0.0034662018 +0.4859417969 +0.0024428023 +0.4748307510 +0.0024294420 -11.8589187500 +0.0020365651 +140.7998578125 +0.0457415953 +1.2118280878 +0.2592248334 +0.3297310955
+3.4000000000 +0.4880203125 +0.0024464516 -0.0702140625 +0.0034374367 +0.4775688477 +0.0024216231 +0.4626423450 +0.0024042623 -11.8026250000 +0.0024345462 +139.5390375000 +0.0543678927 +1.1266118694 +0.3281392517 +0.3238358407
+3.6000000000 +0.4812046875 +0.0024251166 -0.0669671875 +0.0033997094 +0.4668055664 +0.0023931054 +0.4469855793 +0.0023711471 -11.7261437500 +0.0029081967 +137.8407515625 +0.0644264545 +1.0455449562 +0.4176596504 +0.3162454881
+3.8000000000 +0.4739671875 +0.0024006750 -0.0621765625 +0.0033589752 +0.4551745117 +0.0023604679 +0.4300561916 +0.0023327008 -11.6355312500 +0.0033747860 +135.8411546875 +0.0742120932 +0.9706510185 +0.5047836208 +0.3080924334
+4.0000000000 +0.4627390625 +0.0023681470 -0.0582515625 +0.0032979501 +0.4384522461 +0.0023184053 +0.4072404919 +0.0022832058 -11.5193687500 +0.0038979908 +133.3036296875 +0.0849334073 +0.8972992245 +0.6077732890 +0.2938692891
+4.2000000000 +0.4516843750 +0.0023299436 -0.0529218750 +0.0032340514 +0.4211642578 +0.0022708070 +0.3836419075 +0.0022280269 -11.3885312500 +0.0043867646 +130.4683921875 +0.0948043473 +0.8272208884 +0.6981842678 +0.2790556016
+4.4000000000 +0.4359781250 +0.0022872002 -0.0470468750 +0.0031508527 +0.3993283203 +0.0022166843 +0.3560106865 +0.0021630483 -11.2394125000 +0.0048318615 +127.2582687500 +0.1035927251 +0.7609141630 +0.7717978552 +0.2558138947
+4.6000000000 +0.4209296875 +0.0022362696 -0.0427546875 +0.0030634536 +0.3772178711 +0.0021532451 +0.3277518932 +0.0020873827 -11.0703062500 +0.0052678102 +123.6616734375 +0.1117922654 +0.6957776323 +0.8393141540 +0.2322153329
+4.8000000000 +0.4040203125 +0.0021825407 -0.0385828125 +0.0029676723 +0.3537717773 +0.0020866810 +0.2993239803 +0.0020062961 -10.8983812500 +0.0056237433 +120.0397734375 +0.1181273017 +0.6351312148 +0.8785135883 +0.2027878848
+5.0000000000 +0.3857484375 +0.0021263070 -0.0350453125 +0.0028654011 +0.3296491211 +0.0020154720 +0.2711536312 +0.0019186383 -10.7259937500 +0.0059009340 +116.4397828125 +0.1226602645 +0.5787112450 +0.8914181680 +0.1682547570
+5.2000000000 +0.3681328125 +0.0020666306 -0.0308453125 +0.0027631903 +0.3063602539 +0.0019409901 +0.2445543156 +0.0018281554 -10.5522500000 +0.0061076436 +112.8421125000 +0.1257416245 +0.5256568808 +0.8829186021 +0.1314611791
+5.4000000000 +0.3502687500 +0.0020033997 -0.0272562500 +0.0026574881 +0.2832326172 +0.0018605890 +0.2186923775 +0.0017293489 -10.3721625000 +0.0062947239 +109.1666968750 +0.1279698279 +0.4756871703 +0.8696526467 +0.0912888428
+5.6000000000 +0.3331890625 +0.0019397567 -0.0238359375 +0.0025541781 +0.2615211914 +0.0017798293 +0.1951050327 +0.0016302482 -10.1979812500 +0.0064282555 +105.6517203125 +0.1289594177 +0.4300178287 +0.8433156822 +0.0491030700
+5.8000000000 +0.3160687500 +0.0018721708 -0.0192968750 +0.0024481014 +0.2401003906 +0.0016935595 +0.1723739532 +0.0015246365 -10.0262062500 +0.0065454167 +102.2385109375 +0.1292608290 +0.3867612025 +0.8150768942 +0.0032995509
+6.0000000000 +0.3016484375 +0.0018128968 -0.0168953125 +0.0023567462 +0.2224555664 +0.0016180538 +0.1542103992 +0.0014330764 -9.8715750000 +0.0066507650 +99.2173000000 +0.1291851938 +0.3505700975 +0.7863586753 -0.0387375992
+6.2000000000 +0.2878328125 +0.0017533675 -0.0138578125 +0.0022673089 +0.2058196289 +0.0015421461 +0.1374903019 +0.0013405091 -9.7263625000 +0.0067369040 +96.4175625000 +0.1287725340 +0.3173468412 +0.7556441284 -0.0818753586
+6.4000000000 +0.2761937500 +0.0016974261 -0.0125000000 +0.0021873326 +0.1915332031 +0.0014723458 +0.1233970490 +0.0012577657 -9.5727625000 +0.0068794122 +93.5308343750 +0.1288312808 +0.2881255390 +0.7394736303 -0.1212317198
+6.6000000000 +0.2649281250 +0.0016425792 -0.0104312500 +0.0021095068 +0.1781095703 +0.0014043190 +0.1106074898 +0.0011784964 -9.4193062500 +0.0070602697 +90.7172265625 +0.1293338498 +0.2616306882 +0.7323769812 -0.1622211371
+6.8000000000 +0.2549046875 +0.0015910245 -0.0104203125 +0.0020379044 +0.1662307617 +0.0013405195 +0.0995123669 +0.0011041143 -9.2714875000 +0.0072471236 +88.0613125000 +0.1295883030 +0.2382455577 +0.7269315008 -0.2004194161
+7.0000000000 +0.2457484375 +0.0015425254 -0.0102640625 +0.0019714355 +0.1555676758 +0.0012819376 +0.0899358631 +0.0010388792 -9.1278937500 +0.0074956462 +85.5658328125 +0.1307713395 +0.2175437286 +0.7338411433 -0.2387193610
+7.2000000000 +0.2381265625 +0.0014967766 -0.0091609375 +0.0019120274 +0.1463178711 +0.0012262178 +0.0815533260 +0.0009732542 -8.9746000000 +0.0077760728 +82.9621375000 +0.1321972010 +0.1991413585 +0.7465099815 -0.2697717947
+7.4000000000 +0.2307578125 +0.0014520842 -0.0086390625 +0.0018541607 +0.1375911133 +0.0011745908 +0.0741178532 +0.0009182170 -8.8229687500 +0.0080717083 +80.4508765625 +0.1337248485 +0.1823609627 +0.7614606279 -0.3050309378
+7.6000000000 +0.2250734375 +0.0014133817 -0.0076484375 +0.0018062770 +0.1305639648 +0.0011281616 +0.0679568920 +0.0008650955 -8.6788375000 +0.0083433145 +78.1066562500 +0.1348804177 +0.1682229738 +0.7713118833 -0.3288182800
+7.8000000000 +0.2192500000 +0.0013741292 -0.0063968750 +0.0017575472 +0.1235998047 +0.0010824372 +0.0621437248 +0.0008137438 -8.5244687500 +0.0087126162 +75.7029546875 +0.1371583696 +0.1549317788 +0.7985239231 -0.3559399519
+8.0000000000 +0.2141828125 +0.0013378289 -0.0039796875 +0.0017135481 +0.1174657227 +0.0010412514 +0.0571663715 +0.0007692922 -8.3678562500 +0.0090406965 +73.2903859375 +0.1389746987 +0.1431828910 +0.8173419292 -0.3810107626
+8.2000000000 +0.2104125000 +0.0013028872 -0.0053156250 +0.0016744086 +0.1121740234 +0.0010031295 +0.0528337593 +0.0007297771 -8.2044000000 +0.0094355321 +70.8733500000 +0.1411281565 +0.1324889820 +0.8473933706 -0.3996055757
+8.4000000000 +0.2065156250 +0.0012683413 -0.0049937500 +0.0016353238 +0.1069962891 +0.0009647571 +0.0486784584 +0.0006895202 -8.0297500000 +0.0098120174 +68.3279125000 +0.1435291323 +0.1225668299 +0.8732488520 -0.4173533374
+8.6000000000 +0.2029453125 +0.0012375594 -0.0051359375 +0.0016001761 +0.1024489258 +0.0009314204 +0.0451975391 +0.0006560347 -7.8588625000 +0.0102167130 +65.9369687500 +0.1458320759 +0.1139760482 +0.9032447715 -0.4354190869
+8.8000000000 +0.2001484375 +0.0012045191 -0.0050296875 +0.0015657965 +0.0980940430 +0.0008972270 +0.0418230923 +0.0006212924 -7.6770437500 +0.0105347426 +63.3762328125 +0.1473966577 +0.1055175381 +0.9171967093 -0.4488039336
+9.0000000000 +0.1956703125 +0.0011693362 -0.0042453125 +0.0015244896 +0.0929807617 +0.0008564326 +0.0379844906 +0.0005773026 -7.4852375000 +0.0109242143 +60.8023187500 +0.1493247826 +0.0972335832 +0.9429211494 -0.4645319556
+9.2000000000 +0.1927234375 +0.0011390203 -0.0035265625 +0.0014918493 +0.0890370117 +0.0008223969 +0.0349810558 +0.0005422566 -7.2843187500 +0.0112843109 +58.1547265625 +0.1507871695 +0.0902516319 +0.9628406259 -0.4708571892
+9.4000000000 +0.1902796875 +0.0011122167 -0.0042484375 +0.0014634664 +0.0856874023 +0.0007955226 +0.0326565807 +0.0005161331 -7.0891125000 +0.0115641886 +55.6047343750 +0.1514102267 +0.0842230517 +0.9686226052 -0.4825710022
+9.6000000000 +0.1871796875 +0.0010849579 -0.0038328125 +0.0014327150 +0.0821215820 +0.0007643124 +0.0301108936 +0.0004829866 -6.8923937500 +0.0119092276 +53.1782796875 +0.1524661066 +0.0784755777 +0.9849284865 -0.4882907258
+9.8000000000 +0.1845031250 +0.0010572250 -0.0043312500 +0.0014029579 +0.0787503906 +0.0007358235 +0.0278590729 +0.0004568165 -6.7011125000 +0.0121259574 +50.7864625000 +0.1522243159 +0.0729942653 +0.9798506893 -0.4974073872
+10.0000000000 +0.1831078125 +0.0010333684 -0.0041171875 +0.0013804486 +0.0762424805 +0.0007122992 +0.0261077190 +0.0004368942 -6.5050437500 +0.0123511967 +48.4176765625 +0.1522327434 +0.0683424152 +0.9763331797 -0.4971097588
+10.2000000000 +0.1815671875 +0.0010063259 -0.0035203125 +0.0013551930 +0.0734743164 +0.0006848630 +0.0241599705 +0.0004106225 -6.3106062500 +0.0124684323 +46.0422234375 +0.1509127808 +0.0635414476 +0.9563202145 -0.4917774438
+10.4000000000 +0.1795484375 +0.0009818837 -0.0024734375 +0.0013303698 +0.0708014648 +0.0006624418 +0.0225660107 +0.0003957972 -6.1159250000 +0.0126190229 +43.7741281250 +0.1500300516 +0.0593289591 +0.9422469703 -0.5005450833
+10.6000000000 +0.1779187500 +0.0009555425 -0.0021156250 +0.0013054986 +0.0681775391 +0.0006330378 +0.0206776527 +0.0003644465 -5.9274812500 +0.0127052113 +41.5919296875 +0.1484990707 +0.0551282377 +0.9194582725 -0.4828504082
+10.8000000000 +0.1766171875 +0.0009425855 -0.0024046875 +0.0012915741 +0.0667323242 +0.0006220396 +0.0199305355 +0.0003549000 -5.7512750000 +0.0128581670 +39.6904625000 +0.1473021986 +0.0526499160 +0.9071739883 -0.4918501791
+11.0000000000 +0.1774328125 +0.0009299004 -0.0021734375 +0.0012851680 +0.0660709961 +0.0006101923 +0.0192587612 +0.0003444527 -5.5718000000 +0.0128886467 +37.6896437500 +0.1452684496 +0.0503106809 +0.8786364972 -0.4705689269
+11.2000000000 +0.1756968750 +0.0009112462 -0.0009562500 +0.0012657336 +0.0640841797 +0.0005909163 +0.0180740669 +0.0003297147 -5.3890000000 +0.0128604842 +35.6570031250 +0.1424944747 +0.0474496969 +0.8438370057 -0.4670096559
+11.4000000000 +0.1748234375 +0.0008901280 -0.0005109375 +0.0012475585 +0.0622563477 +0.0005659272 +0.0166867970 +0.0003052343 -5.2236312500 +0.0128411600 +33.8821390625 +0.1399996574 +0.0444815626 +0.8120425517 -0.4351075502
+11.6000000000 +0.1735718750 +0.0008730832 +0.0005468750 +0.0012310348 +0.0606181641 +0.0005505743 +0.0157998436 +0.0002930640 -5.0649000000 +0.0127975833 +32.2043375000 +0.1375436013 +0.0420565080 +0.7789685482 -0.4332632838
+11.8000000000 +0.1719859375 +0.0008589408 +0.0006546875 +0.0012154207 +0.0590903320 +0.0005391110 +0.0151172962 +0.0002820297 -4.9153125000 +0.0128537962 +30.7691000000 +0.1357598438 +0.0400151449 +0.7594143094 -0.4431783585
+12.0000000000 +0.1715765625 +0.0008451357 -0.0008734375 +0.0012042418 +0.0580086914 +0.0005244723 +0.0143678547 +0.0002720533 -4.7654250000 +0.0127524411 +29.2142656250 +0.1328259666 +0.0380935661 +0.7227766883 -0.4232609552
