# T, am1a, am1e, m1a, m1e, m2a, m2e, m4a, m4e, e1a, e1e, e2a, e2e, susc, susce, spec, spece, bind, binde
+2.0000000000 +0.5253632031 +0.0290291282 -0.0632467969 +0.0416340964 +0.5249752222 +0.0290099544 +0.5242386524 +0.0289735913 -11.9944321875 +0.0001384231 +143.8678333203 +0.0032830717 +7.6973383728 +0.1381510027 +0.0228740507 +0.0006032362 +0.3354920864 +0.0564630721
+2.2000000000 +0.5253962500 +0.0288741189 -0.0627798438 +0.0412380239 +0.5245787061 +0.0288353770 +0.5230319006 +0.0287619495 -11.9882550000 +0.0002991796 +143.7213178906 +0.0070922994 +6.9876462287 +0.1234416149 +0.0404502548 +0.0010715325 +0.3364657423 +0.0558738076
+2.4000000000 +0.5252190234 +0.0287937702 -0.0624160547 +0.0410526575 +0.5236579279 +0.0287156279 +0.5207180543 +0.0285684242 -11.9776078125 +0.0005426865 +143.4690267578 +0.0128441439 +6.3869891538 +0.1117341429 +0.0659433629 +0.0017328257 +0.3372739429 +0.0555797300
+2.6000000000 +0.5252192969 +0.0285896125 -0.0619262500 +0.0406016184 +0.5224833691 +0.0284502169 +0.5173654871 +0.0281893023 -11.9610284375 +0.0008507509 +143.0767561328 +0.0201115052 +5.8696467669 +0.1003455972 +0.0998590519 +0.0022758039 +0.3391521653 +0.0547634536
+2.8000000000 +0.5246326172 +0.0282977639 -0.0611769922 +0.0397815297 +0.5201562408 +0.0280703161 +0.5118579255 +0.0276492958 -11.9367451562 +0.0013362918 +142.5034608887 +0.0315402476 +5.4150679631 +0.0898844640 +0.1433314829 +0.0029626796 +0.3410582492 +0.0537562451
+3.0000000000 +0.5233449609 +0.0280731566 -0.0600593359 +0.0386842571 +0.5164226202 +0.0277223693 +0.5037566760 +0.0270788303 -11.9028221875 +0.0018924218 +141.7049354297 +0.0445541451 +5.0059018860 +0.0811647567 +0.1971455278 +0.0036976110 +0.3425655893 +0.0530218159
+3.2000000000 +0.5212376953 +0.0273353336 -0.0579068359 +0.0371222177 +0.5109239655 +0.0268289227 +0.4923685655 +0.0259138145 -11.8564968750 +0.0024522823 +140.6188186719 +0.0575359752 +4.6352605162 +0.0708609551 +0.2640024257 +0.0040295181 +0.3450631840 +0.0510984116
+3.4000000000 +0.5177371484 +0.0263539566 -0.0559176953 +0.0348896171 +0.5029426666 +0.0256709486 +0.4769229042 +0.0244552913 -11.7954209375 +0.0031083720 +139.1944191797 +0.0725905718 +4.2907407340 +0.0610058660 +0.3452870151 +0.0047777531 +0.3472851681 +0.0486262644
+3.6000000000 +0.5113914063 +0.0250331705 -0.0545327344 +0.0321462010 +0.4908059155 +0.0241224359 +0.4557012268 +0.0225454894 -11.7160685938 +0.0038520766 +137.3566278418 +0.0894267675 +3.9647670912 +0.0515952426 +0.4455119180 +0.0052521022 +0.3475481736 +0.0455849645
+3.8000000000 +0.5011654688 +0.0231892916 -0.0529197656 +0.0289632620 +0.4732064368 +0.0220493231 +0.4274679988 +0.0201244617 -11.6137532813 +0.0046088466 +135.0087728027 +0.1061641918 +3.6490471954 +0.0426786423 +0.5730531205 +0.0056285006 +0.3446702336 +0.0418467338
+4.0000000000 +0.4851624609 +0.0208968025 -0.0502991016 +0.0254678377 +0.4481253632 +0.0195281002 +0.3907653632 +0.0173013193 -11.4837915625 +0.0056999096 +132.0596211133 +0.1297653227 +3.3340157778 +0.0358461634 +0.7273102906 +0.0074311751 +0.3352273498 +0.0381641677
+4.2000000000 +0.4616102344 +0.0183106597 -0.0467679687 +0.0214217157 +0.4138757471 +0.0167703535 +0.3448965531 +0.0143483223 -11.3176212500 +0.0061366056 +128.3396160156 +0.1383055972 +3.0085933106 +0.0314413055 +0.9095280831 +0.0085459260 +0.3152045164 +0.0349903333
+4.4000000000 +0.4300208594 +0.0152431979 -0.0396509375 +0.0177942252 +0.3706433069 +0.0136863280 +0.2918075116 +0.0113110499 -11.1158501563 +0.0057182209 +123.8911624707 +0.1272188157 +2.6676627866 +0.0287390451 +1.0866472529 +0.0081048334 +0.2811151713 +0.0312744816
+4.6000000000 +0.3914158984 +0.0123677672 -0.0307526172 +0.0146785798 +0.3205763080 +0.0108188472 +0.2353484422 +0.0085811581 -10.8821250000 +0.0052408371 +118.8190140820 +0.1145093131 +2.3073431065 +0.0274514306 +1.2040677585 +0.0086426176 +0.2278576238 +0.0287725886
+4.8000000000 +0.3493706250 +0.0097174953 -0.0220120313 +0.0121401555 +0.2691145532 +0.0082834229 +0.1822388235 +0.0063027142 -10.6376364062 +0.0047868130 +113.6008093262 +0.1016621072 +1.9481389663 +0.0261958208 +1.2257552189 +0.0080802426 +0.1543184833 +0.0263493302
+5.0000000000 +0.3073376562 +0.0073375948 -0.0153203906 +0.0100123949 +0.2206720740 +0.0060564706 +0.1365797347 +0.0044246735 -10.3983646875 +0.0049085532 +108.5812480664 +0.1031104427 +1.6086686214 +0.0229963161 +1.1648485202 +0.0069423742 +0.0601074827 +0.0234641304
+5.2000000000 +0.2692066016 +0.0054288215 -0.0104212109 +0.0079163939 +0.1788385382 +0.0043028346 +0.1001656474 +0.0029887915 -10.1793031250 +0.0052357198 +104.0599946680 +0.1082439729 +1.3054968967 +0.0185465451 +1.0449903662 +0.0065970337 -0.0472799266 +0.0204868886
+5.4000000000 +0.2367007813 +0.0042327024 -0.0071057031 +0.0062100020 +0.1449291162 +0.0032317261 +0.0729853656 +0.0021421967 -9.9823457813 +0.0050322559 +100.0651943848 +0.1029077272 +1.0515282806 +0.0153825560 +0.9167930915 +0.0067598364 -0.1604453086 +0.0184982731
+5.6000000000 +0.2104463672 +0.0033046690 -0.0050715234 +0.0050533611 +0.1188962921 +0.0023911888 +0.0537786414 +0.0014923621 -9.8118070313 +0.0044829176 +96.6668126855 +0.0907591565 +0.8514218318 +0.0119806403 +0.8062336766 +0.0074415583 -0.2694092969 +0.0165591139
+5.8000000000 +0.1894466016 +0.0026566777 -0.0032180078 +0.0042729210 +0.0990066302 +0.0018244136 +0.0402640588 +0.0010761527 -9.6601628125 +0.0037518126 +93.6990400781 +0.0751499560 +0.6956803977 +0.0094978158 +0.7232413853 +0.0062155807 -0.3698476329 +0.0152749935
+6.0000000000 +0.1726136719 +0.0021056912 -0.0020346875 +0.0035534775 +0.0836543591 +0.0013123739 +0.0305134006 +0.0007026475 -9.5225114063 +0.0029848511 +91.0498593262 +0.0586855447 +0.5740217606 +0.0067418242 +0.6605275567 +0.0048780555 -0.4539444225 +0.0146494135
+6.2000000000 +0.1594050391 +0.0018118165 -0.0013928516 +0.0030881381 +0.0721323590 +0.0010434333 +0.0238258549 +0.0005219783 -9.3961289063 +0.0024985910 +88.6604247949 +0.0485117732 +0.4819568076 +0.0053050150 +0.6212261269 +0.0040392329 -0.5267119675 +0.0148087007
+6.4000000000 +0.1489450781 +0.0015370410 -0.0013032031 +0.0026967064 +0.0632838379 +0.0008050077 +0.0190582002 +0.0003710722 -9.2730054688 +0.0018043211 +86.3733822949 +0.0347305570 +0.4107557664 +0.0039879395 +0.6011239308 +0.0027654449 -0.5865113819 +0.0143173182
+6.6000000000 +0.1401139453 +0.0013919714 -0.0008442578 +0.0022928013 +0.0560188531 +0.0006669077 +0.0153892587 +0.0002706869 -9.1543434375 +0.0012914007 +84.2068194141 +0.0246268930 +0.3526551237 +0.0030921817 +0.5947459544 +0.0024534667 -0.6351039886 +0.0144967911
+6.8000000000 +0.1327866797 +0.0012222603 -0.0006173828 +0.0019807494 +0.0502213837 +0.0005400260 +0.0126837540 +0.0001937304 -9.0372067188 +0.0012512634 +82.1018698730 +0.0227259794 +0.3065801615 +0.0023533766 +0.5961923031 +0.0015130446 -0.6769093311 +0.0144722045
+7.0000000000 +0.1265528516 +0.0010937812 -0.0005467578 +0.0016657008 +0.0453887531 +0.0004430225 +0.0105752087 +0.0001435926 -8.9152914063 +0.0012697634 +79.9503901270 +0.0229019214 +0.2684449393 +0.0018372303 +0.6112041085 +0.0013597224 -0.7117581237 +0.0144518125
+7.2000000000 +0.1210399219 +0.0010137481 -0.0003275000 +0.0014124761 +0.0412469775 +0.0003989968 +0.0089083789 +0.0001168891 -8.7883992187 +0.0012773061 +77.7498604590 +0.0220286359 +0.2363203378 +0.0016355030 +0.6344238466 +0.0013220286 -0.7461413883 +0.0145918394
+7.4000000000 +0.1166167969 +0.0010050067 -0.0001470312 +0.0012016629 +0.0378752698 +0.0003691946 +0.0076125771 +0.0000897796 -8.6565356250 +0.0015360294 +75.5066114844 +0.0261695621 +0.2098654450 +0.0013289600 +0.6673237267 +0.0010090624 -0.7700399705 +0.0158603759
+7.6000000000 +0.1130634766 +0.0009534722 +0.0000855078 +0.0011026061 +0.0351361017 +0.0003312884 +0.0066157841 +0.0000752082 -8.5187084375 +0.0013145006 +73.2120351953 +0.0223452490 +0.1881571441 +0.0011023263 +0.7131573109 +0.0015814496 -0.7873659769 +0.0150778497
+7.8000000000 +0.1100803125 +0.0008861335 +0.0002587500 +0.0009523757 +0.0327483044 +0.0002842322 +0.0057774502 +0.0000566783 -8.3728667188 +0.0017996689 +70.8314064551 +0.0284533024 +0.1692125286 +0.0008436626 +0.7642098378 +0.0021943203 -0.7968788772 +0.0156104211
+8.0000000000 +0.1074555859 +0.0008148140 +0.0001991016 +0.0007810139 +0.0306404755 +0.0002624282 +0.0050731306 +0.0000527758 -8.2150978125 +0.0022685653 +68.3116302344 +0.0358065873 +0.1526970664 +0.0007909070 +0.8237467015 +0.0024369949 -0.8021473830 +0.0147313426
+8.2000000000 +0.1051252344 +0.0008071395 +0.0003084375 +0.0006363666 +0.0287436023 +0.0002676368 +0.0044748661 +0.0000534843 -8.0416150000 +0.0020992485 +65.6049901367 +0.0324877146 +0.1380352987 +0.0008638163 +0.8922063153 +0.0018763142 -0.8063706044 +0.0159211515
+8.4000000000 +0.1031906641 +0.0008238184 +0.0001893359 +0.0005562733 +0.0270668573 +0.0002733731 +0.0039641630 +0.0000510655 -7.8550750000 +0.0012843717 +62.7728162891 +0.0195280690 +0.1250419610 +0.0008509834 +0.9710626189 +0.0017500510 -0.8047442044 +0.0168354859
+8.6000000000 +0.1012858594 +0.0007879416 +0.0001485938 +0.0004190924 +0.0254942444 +0.0002542832 +0.0035198147 +0.0000433486 -7.6527093750 +0.0021958570 +59.7868958594 +0.0310653724 +0.1133336599 +0.0007589122 +1.0582038839 +0.0027642497 -0.8063393640 +0.0167095012
+8.8000000000 +0.0998235156 +0.0007194681 +0.0002652344 +0.0003586616 +0.0240867908 +0.0002213147 +0.0031183620 +0.0000360059 -7.4330081250 +0.0025697664 +56.6283282617 +0.0371484371 +0.1026682193 +0.0006207413 +1.1393821805 +0.0019965712 -0.7927370066 +0.0169214215
+9.0000000000 +0.0983612891 +0.0006588515 +0.0001566797 +0.0003317557 +0.0227256171 +0.0002084280 +0.0027538158 +0.0000341637 -7.2005045312 +0.0020127935 +53.3868854590 +0.0271773764 +0.0927739237 +0.0006220973 +1.2164578300 +0.0023875453 -0.7781836500 +0.0153522350
+9.2000000000 +0.0971317969 +0.0005580436 +0.0002405469 +0.0003104645 +0.0215480847 +0.0001558262 +0.0024580825 +0.0000197097 -6.9471934375 +0.0029128090 +49.9658818359 +0.0384474760 +0.0842461539 +0.0003830569 +1.2871836169 +0.0026967872 -0.7655722881 +0.0141846054
+9.4000000000 +0.0962149219 +0.0004843932 +0.0002990625 +0.0002952257 +0.0205185437 +0.0001353502 +0.0021908280 +0.0000178166 -6.6869504687 +0.0027207410 +46.5547754395 +0.0353175111 +0.0766562461 +0.0003542959 +1.3322914214 +0.0027478546 -0.7353056079 +0.0138163794
+9.6000000000 +0.0955541016 +0.0005114530 +0.0002072266 +0.0002976765 +0.0195838055 +0.0001455497 +0.0019525067 +0.0000180824 -6.4208393750 +0.0033888161 +43.1728499609 +0.0417229053 +0.0696706892 +0.0003572186 +1.3510811393 +0.0024637973 -0.6976247546 +0.0121644512
+9.8000000000 +0.0947861719 +0.0004457319 +0.0001671094 +0.0002885707 +0.0186806152 +0.0001251745 +0.0017352039 +0.0000150508 -6.1502160937 +0.0038622235 +39.8432315137 +0.0474548262 +0.0633091271 +0.0002999250 +1.3447225964 +0.0023933680 -0.6579427410 +0.0107911250
+10.0000000000 +0.0943303125 +0.0004401400 -0.0000230469 +0.0001891014 +0.0179369067 +0.0001259353 +0.0015476856 +0.0000170640 -5.8834618750 +0.0029719747 +36.6652559375 +0.0349142098 +0.0578352746 +0.0003062469 +1.3120281450 +0.0025487466 -0.6036806294 +0.0109761905
+10.2000000000 +0.0939515625 +0.0003933519 -0.0000040625 +0.0001957357 +0.0172781714 +0.0001186760 +0.0013856790 +0.0000170386 -5.6254868750 +0.0040492848 +33.6916657031 +0.0445440759 +0.0530179014 +0.0003232825 +1.2582232404 +0.0024418987 -0.5469729307 +0.0082338027
+10.4000000000 +0.0933716406 +0.0003497754 +0.0000357813 +0.0002693393 +0.0166554517 +0.0001048255 +0.0012551754 +0.0000147703 -5.3843325000 +0.0038184213 +30.9963179492 +0.0417824999 +0.0488367074 +0.0002690458 +1.1864708138 +0.0022136573 -0.5080013190 +0.0081110622
+10.6000000000 +0.0929484766 +0.0002984412 -0.0001841797 +0.0002570530 +0.0160929608 +0.0000950139 +0.0011321337 +0.0000122931 -5.1548759375 +0.0034304256 +28.5148913867 +0.0371036248 +0.0449971372 +0.0002699214 +1.1061745974 +0.0022538259 -0.4569467228 +0.0067072474
+10.8000000000 +0.0923983203 +0.0002361450 -0.0001087891 +0.0001708052 +0.0156450433 +0.0000654089 +0.0010463950 +0.0000069428 -4.9419275000 +0.0027300343 +26.2860390234 +0.0286991781 +0.0421157694 +0.0001469836 +1.0223962015 +0.0020973178 -0.4250949008 +0.0062688762
+11.0000000000 +0.0919429297 +0.0002213659 -0.0000766797 +0.0002071546 +0.0151939801 +0.0000649587 +0.0009570365 +0.0000079758 -4.7459684375 +0.0029190368 +24.2964595898 +0.0292137362 +0.0392144742 +0.0001536270 +0.9373397540 +0.0016246942 -0.3817124396 +0.0046220323
+11.2000000000 +0.0916429297 +0.0002012273 -0.0001624609 +0.0001928839 +0.0148584686 +0.0000544158 +0.0008925768 +0.0000052596 -4.5662884375 +0.0033979211 +22.5276949219 +0.0304953236 +0.0369122122 +0.0001094935 +0.8554027392 +0.0016985123 -0.3476360310 +0.0033545225
+11.4000000000 +0.0910458203 +0.0002266531 -0.0002441797 +0.0001512902 +0.0144971881 +0.0000564142 +0.0008297372 +0.0000047830 -4.4024178125 +0.0025497326 +20.9750562109 +0.0250354121 +0.0348481852 +0.0000970715 +0.7848364931 +0.0021781455 -0.3160550015 +0.0047675980
+11.6000000000 +0.0903871484 +0.0002389867 -0.0000826953 +0.0001520815 +0.0141042914 +0.0000601880 +0.0007671538 +0.0000060364 -4.2528642188 +0.0024262204 +19.5918606934 +0.0221112093 +0.0327386683 +0.0001049191 +0.7157896622 +0.0014969286 -0.2854212800 +0.0055741817
+11.8000000000 +0.0901184766 +0.0002265017 -0.0002175391 +0.0001880809 +0.0138810052 +0.0000676413 +0.0007267852 +0.0000081829 -4.1141489062 +0.0022965761 +18.3566449316 +0.0202909141 +0.0312360808 +0.0001552399 +0.6574529003 +0.0012652865 -0.2569448028 +0.0054983621
+12.0000000000 +0.0896301172 +0.0001743064 -0.0002133203 +0.0001749184 +0.0136241705 +0.0000559503 +0.0006837060 +0.0000063110 -3.9888889063 +0.0021222282 +17.2719513574 +0.0174195607 +0.0298149803 +0.0001344664 +0.6047429389 +0.0008212677 -0.2275274380 +0.0032119913
