# T, am1a, am1e, m1a, m1e, m2a, m2e, m4a, m4e, e1a, e1e, e2a, e2e, susc, spec, bind
+2.0000000000 +0.4966156250 +0.0024985028 +0.0073406250 +0.0035223353 +0.4963277344 +0.0024976160 +0.4958646423 +0.0024968698 -11.9943375000 +0.0003836237 +143.8700187500 +0.0087970834 +1.9976052430 +0.0235467444 +0.3290273785
+2.2000000000 +0.4964625000 +0.0024966579 +0.0072125000 +0.0035204936 +0.4958070312 +0.0024946448 +0.4947547241 +0.0024929581 -11.9878625000 +0.0005614475 +143.7214562500 +0.0128695158 +1.8133237625 +0.0416824168 +0.3291223370
+2.4000000000 +0.4950781250 +0.0024940339 +0.0064281250 +0.0035137915 +0.4939105469 +0.0024905188 +0.4920549744 +0.0024876404 -11.9779000000 +0.0007590963 +143.4931375000 +0.0173844083 +1.6587213135 +0.0640252500 +0.3276494388
+2.6000000000 +0.4936093750 +0.0024894317 +0.0063781250 +0.0035053542 +0.4915410156 +0.0024835336 +0.4883301331 +0.0024788324 -11.9609875000 +0.0010269405 +143.1074062500 +0.0234067581 +1.5254818495 +0.0998444375 +0.3262903872
+2.8000000000 +0.4919328125 +0.0024825930 +0.0068890625 +0.0034945713 +0.4885286133 +0.0024731935 +0.4833276432 +0.0024658265 -11.9358625000 +0.0013342145 +142.5360187500 +0.0302779627 +1.4087469787 +0.1453165941 +0.3249431185
+3.0000000000 +0.4902000000 +0.0024734452 +0.0075656250 +0.0034819393 +0.4850132812 +0.0024596433 +0.4772316971 +0.0024491791 -11.9026625000 +0.0016697944 +141.7849031250 +0.0376905013 +1.3051586200 +0.1982729531 +0.3237601430
+3.2000000000 +0.4867359375 +0.0024606163 +0.0073796875 +0.0034606456 +0.4790971680 +0.0024411534 +0.4679032864 +0.0024267968 -11.8579125000 +0.0020320203 +140.7752531250 +0.0456675174 +1.2109264756 +0.2580691677 +0.3205028595
+3.4000000000 +0.4813484375 +0.0024434596 +0.0082765625 +0.0034294592 +0.4705161133 +0.0024172494 +0.4551092014 +0.0023985250 -11.7960812500 +0.0024691849 +139.3914078125 +0.0551203194 +1.1238578588 +0.3375431916 +0.3147558135
+3.6000000000 +0.4741343750 +0.0024231252 +0.0082906250 +0.0033896759 +0.4596648437 +0.0023899967 +0.4397751358 +0.0023664313 -11.7210812500 +0.0029233287 +137.7255796875 +0.0647816106 +1.0438286142 +0.4220173067 +0.3062119129
+3.8000000000 +0.4653390625 +0.0023989331 +0.0066796875 +0.0033417474 +0.4467356445 +0.0023577183 +0.4219261662 +0.0023280826 -11.6319625000 +0.0033826128 +135.7602343750 +0.0743782558 +0.9692429534 +0.5071277270 +0.2952842250
+4.0000000000 +0.4542484375 +0.0023684947 +0.0060765625 +0.0032813694 +0.4307323242 +0.0023178743 +0.4004319912 +0.0022804544 -11.5234687500 +0.0038530452 +133.3841703125 +0.0840724871 +0.8975627250 +0.5938382803 +0.2805633089
+4.2000000000 +0.4424015625 +0.0023313217 +0.0056421875 +0.0032136029 +0.4131215820 +0.0022699358 +0.3767737858 +0.0022230986 -11.3919375000 +0.0043318425 +130.5268343750 +0.0937643646 +0.8281997696 +0.6808112209 +0.2641256642
+4.4000000000 +0.4282875000 +0.0022873724 +0.0029687500 +0.0031333061 +0.3927130859 +0.0022139698 +0.3502900597 +0.0021554660 -11.2404062500 +0.0047960437 +127.2668140625 +0.1028630260 +0.7610287392 +0.7603978491 +0.2428955260
+4.6000000000 +0.4107968750 +0.0022366729 +0.0014031250 +0.0030366937 +0.3688623047 +0.0021497838 +0.3209222237 +0.0020774346 -11.0792937500 +0.0051922982 +123.8291484375 +0.1104024830 +0.6960286337 +0.8154241503 +0.2137693192
+4.8000000000 +0.3929625000 +0.0021816596 -0.0002125000 +0.0029360051 +0.3448050781 +0.0020804870 +0.2920275864 +0.0019927974 -10.9081937500 +0.0055513471 +120.2213890625 +0.1168357678 +0.6346185057 +0.8560403993 +0.1812424501
+5.0000000000 +0.3755531250 +0.0021225749 -0.0017218750 +0.0028339467 +0.3212531250 +0.0020062821 +0.2642102875 +0.0019020032 -10.7310687500 +0.0058442534 +116.5220484375 +0.1216883206 +0.5766815210 +0.8743756290 +0.1466371217
+5.2000000000 +0.3587703125 +0.0020627532 -0.0005171875 +0.0027336509 +0.2989141602 +0.0019307494 +0.2384614033 +0.0018099822 -10.5583625000 +0.0060680710 +112.9518781250 +0.1249957058 +0.5236862247 +0.8715144637 +0.1103813830
+5.4000000000 +0.3435578125 +0.0020039375 -0.0006390625 +0.0026394232 +0.2786625977 +0.0018556358 +0.2153882175 +0.0017172475 -10.3868312500 +0.0062427659 +109.4451484375 +0.1270692783 +0.4759425989 +0.8553552930 +0.0754224902
+5.6000000000 +0.3261500000 +0.0019393905 +0.0001593750 +0.0025338864 +0.2568232422 +0.0017742684 +0.1918793190 +0.0016185151 -10.2126500000 +0.0063845553 +105.9287218750 +0.1282810260 +0.4298554848 +0.8318887003 +0.0302980585
+5.8000000000 +0.3113687500 +0.0018793510 -0.0004343750 +0.0024404340 +0.2382289063 +0.0017008257 +0.1724653320 +0.0015318690 -10.0505000000 +0.0065183211 +102.7120906250 +0.1291003242 +0.3897335387 +0.8083426278 -0.0129584706
+6.0000000000 +0.2968718750 +0.0018185117 +0.0003656250 +0.0023474037 +0.2204123047 +0.0016250666 +0.1542152443 +0.0014425366 -9.8944125000 +0.0066224430 +99.6536687500 +0.1291095721 +0.3527450521 +0.7796755688 -0.0581186766
+6.2000000000 +0.2837625000 +0.0017607741 -0.0006343750 +0.0022612705 +0.2045341797 +0.0015517725 +0.1381541420 +0.0013526665 -9.7369500000 +0.0067714388 +96.6422906250 +0.1293235678 +0.3200336085 +0.7634111644 -0.1008062044
+6.4000000000 +0.2714218750 +0.0017028662 -0.0018656250 +0.0021774784 +0.1896599609 +0.0014792922 +0.1235031197 +0.0012671501 -9.5892937500 +0.0069186118 +93.8692421875 +0.1294473996 +0.2899753168 +0.7479248296 -0.1444724946
+6.6000000000 +0.2604234375 +0.0016477601 -0.0024140625 +0.0021001135 +0.1764249023 +0.0014103978 +0.1106946224 +0.0011851554 -9.4414625000 +0.0070570525 +91.1332937500 +0.1294239162 +0.2632837225 +0.7317096827 -0.1854561582
+6.8000000000 +0.2506968750 +0.0015962305 -0.0021125000 +0.0020295475 +0.1647669922 +0.0013490698 +0.0999477318 +0.0011157675 -9.2881937500 +0.0072656119 +88.3821078125 +0.1302665060 +0.2398072213 +0.7306452162 -0.2271884536
+7.0000000000 +0.2422843750 +0.0015489115 -0.0008406250 +0.0019663805 +0.1546667969 +0.0012910401 +0.0905931992 +0.0010497046 -9.1401187500 +0.0075116205 +85.7987484375 +0.1310609990 +0.2193487509 +0.7369723015 -0.2623510881
+7.2000000000 +0.2340937500 +0.0015001002 -0.0006531250 +0.0019027052 +0.1448119141 +0.0012339171 +0.0818725517 +0.0009870659 -8.9811125000 +0.0078268261 +83.1107500000 +0.1329419298 +0.2000267339 +0.7562865007 -0.3013930521
+7.4000000000 +0.2268515625 +0.0014550809 -0.0007765625 +0.0018449353 +0.1361520508 +0.0011808444 +0.0743131168 +0.0009294418 -8.8313625000 +0.0081346560 +80.6398687500 +0.1345053928 +0.1831144203 +0.7733835336 -0.3362750130
+7.6000000000 +0.2211328125 +0.0014153610 -0.0007734375 +0.0017960303 +0.1290295898 +0.0011336457 +0.0680547375 +0.0008773660 -8.6861875000 +0.0084055829 +78.2760062500 +0.1359431877 +0.1686944612 +0.7828678573 -0.3625689082
+7.8000000000 +0.2149984375 +0.0013732783 -0.0001984375 +0.0017439898 +0.1216600586 +0.0010858666 +0.0619654202 +0.0008245844 -8.5280812500 +0.0087567972 +75.7954296875 +0.1379318148 +0.1547399599 +0.8066429667 -0.3955072639
+8.0000000000 +0.2087906250 +0.0013304670 +0.0001312500 +0.0016911476 +0.1143992188 +0.0010362086 +0.0560363144 +0.0007677979 -8.3603687500 +0.0090924355 +73.2026609375 +0.1396267892 +0.1416113873 +0.8267238254 -0.4272570316
+8.2000000000 +0.2054890625 +0.0012988607 +0.0008546875 +0.0016560993 +0.1097073242 +0.0009992223 +0.0519735027 +0.0007258595 -8.1989187500 +0.0094449785 +70.7905734375 +0.1414135811 +0.1316713549 +0.8490909621 -0.4394264768
+8.4000000000 +0.2017843750 +0.0012647148 +0.0007937500 +0.0016178415 +0.1046970703 +0.0009635673 +0.0480999550 +0.0006902876 -8.0342937500 +0.0098055197 +68.3958046875 +0.1435645483 +0.1218669263 +0.8720926590 -0.4626969535
+8.6000000000 +0.1971390625 +0.0012285619 +0.0005796875 +0.0015751035 +0.0992383789 +0.0009202222 +0.0437206120 +0.0006431683 -7.8544187500 +0.0102363989 +65.8832484375 +0.1459231538 +0.1123247794 +0.9067289426 -0.4798089675
+8.8000000000 +0.1944375000 +0.0011977897 +0.0011875000 +0.0015426644 +0.0951939453 +0.0008880571 +0.0406077034 +0.0006113634 -7.6773375000 +0.0105771624 +63.4165656250 +0.1475652626 +0.1043418253 +0.9245980446 -0.4937176769
+9.0000000000 +0.1918265625 +0.0011650104 -0.0000421875 +0.0015090345 +0.0910874023 +0.0008520928 +0.0373394024 +0.0005757002 -7.4815687500 +0.0109616512 +60.7801828125 +0.1493721707 +0.0965155062 +0.9493949336 -0.5001319966
+9.2000000000 +0.1898218750 +0.0011333122 -0.0003468750 +0.0014782429 +0.0874082031 +0.0008164276 +0.0343023529 +0.0005390725 -7.2916937500 +0.0113056099 +58.2814703125 +0.1507143685 +0.0893493198 +0.9664787464 -0.4965742591
+9.4000000000 +0.1875453125 +0.0011085615 +0.0011953125 +0.0014519656 +0.0843295898 +0.0007939584 +0.0323262783 +0.0005204224 -7.0879000000 +0.0116828786 +55.6979125000 +0.1524523501 +0.0836703755 +0.9886077121 -0.5152157527
+9.6000000000 +0.1858328125 +0.0010827759 -0.0003640625 +0.0014267958 +0.0814299805 +0.0007675052 +0.0301934139 +0.0004955843 -6.9028375000 +0.0119006303 +53.3141656250 +0.1528033663 +0.0781602438 +0.9835069572 -0.5178271077
+9.8000000000 +0.1834906250 +0.0010586412 -0.0024281250 +0.0014008191 +0.0784976563 +0.0007423887 +0.0282075195 +0.0004719441 -6.6998687500 +0.0121561819 +50.7991515625 +0.1529459497 +0.0731899539 +0.9847414070 -0.5259147212
+10.0000000000 +0.1819906250 +0.0010371154 -0.0016968750 +0.0013796924 +0.0761449219 +0.0007236836 +0.0267467697 +0.0004576555 -6.5062500000 +0.0123493247 +48.4315218750 +0.1527582209 +0.0688389349 +0.9760372500 -0.5376878859
+10.2000000000 +0.1800359375 +0.0010094724 -0.0011140625 +0.0013525261 +0.0731743164 +0.0006957913 +0.0247195042 +0.0004330662 -6.3022937500 +0.0125366538 +46.0056140625 +0.1519406133 +0.0639394159 +0.9668139256 -0.5388672340
+10.4000000000 +0.1782359375 +0.0009842462 -0.0010640625 +0.0013277476 +0.0705176758 +0.0006682847 +0.0228369190 +0.0004035291 -6.1055375000 +0.0126885122 +43.7175218750 +0.1513445343 +0.0596148098 +0.9526529158 -0.5308064295
+10.6000000000 +0.1770500000 +0.0009635341 -0.0009406250 +0.0013084507 +0.0684826172 +0.0006448155 +0.0213213478 +0.0003757013 -5.9306812500 +0.0127729691 +41.6989296875 +0.1492338344 +0.0560542108 +0.9292915056 -0.5154189068
+10.8000000000 +0.1765578125 +0.0009436348 -0.0017796875 +0.0012921625 +0.0667905273 +0.0006264433 +0.0201582211 +0.0003632704 -5.7350562500 +0.0128652300 +39.5114359375 +0.1474871636 +0.0527672092 +0.9081708843 -0.5062643719
+11.0000000000 +0.1764156250 +0.0009273117 -0.0021906250 +0.0012797847 +0.0655187500 +0.0006089293 +0.0191245026 +0.0003480127 -5.5605750000 +0.0129227839 +37.5999281250 +0.1457538890 +0.0500309487 +0.8832970307 -0.4850384104
+11.2000000000 +0.1745578125 +0.0009054466 -0.0007109375 +0.0012576095 +0.0632637695 +0.0005854710 +0.0177133579 +0.0003243963 -5.3957750000 +0.0129251840 +35.7968031250 +0.1434500649 +0.0468476280 +0.8523488870 -0.4752632114
+11.4000000000 +0.1729843750 +0.0008859587 -0.0021125000 +0.0012381038 +0.0613205078 +0.0005670690 +0.0166228951 +0.0003109879 -5.2174437500 +0.0129261343 +33.9051171875 +0.1410466963 +0.0440658440 +0.8228252266 -0.4735806932
+11.6000000000 +0.1730296875 +0.0008737251 -0.0026015625 +0.0012295154 +0.0604750977 +0.0005561022 +0.0160272236 +0.0002981227 -5.0605312500 +0.0128941454 +32.2593359375 +0.1386519193 +0.0421183792 +0.7907680625 -0.4607768719
+11.8000000000 +0.1715406250 +0.0008563809 -0.0008906250 +0.0012120326 +0.0587617187 +0.0005324790 +0.0147942963 +0.0002709526 -4.9008687500 +0.0127895827 +30.5614515625 +0.1350454283 +0.0397769935 +0.7518456832 -0.4281837139
+12.0000000000 +0.1707250000 +0.0008372208 -0.0005593750 +0.0011956615 +0.0571845703 +0.0005152163 +0.0138879890 +0.0002573103 -4.7399875000 +0.0127218529 +28.9413031250 +0.1320197705 +0.0373833929 +0.7193135139 -0.4156646455
