# T, am1a, am1e, m1a, m1e, m2a, m2e, m4a, m4e, e1a, e1e, e2a, e2e, susc, spec, bind
+2.0000000000 +0.5667230000 +0.0024756571 +0.1645790000 +0.0036716612 +0.5663300800 +0.0024740696 +0.5655705840 +0.0024712394 -11.9944340000 +0.0001524910 +143.8673771200 +0.0036320515 +12.2577560636 +0.0232534910 +0.4122044419
+2.2000000000 +0.5652930000 +0.0024743734 +0.1657370000 +0.0036639745 +0.5644571200 +0.0024710039 +0.5628462502 +0.0024650364 -11.9881000000 +0.0002248283 +143.7165635200 +0.0053511937 +11.1318610978 +0.0417749998 +0.4111473807
+2.4000000000 +0.5636690000 +0.0024716353 +0.1669570000 +0.0036544745 +0.5620819850 +0.0024652478 +0.5590340181 +0.0024540054 -11.9775440000 +0.0003114245 +143.4654396800 +0.0074043571 +10.1816351433 +0.0673508342 +0.4101825066
+2.6000000000 +0.5625442500 +0.0024660013 +0.1704962500 +0.0036422299 +0.5597025275 +0.0024546249 +0.5542742620 +0.0024347939 -11.9602020000 +0.0004191885 +143.0534606400 +0.0099498571 +9.3556343958 +0.1039757274 +0.4102215205
+2.8000000000 +0.5589487500 +0.0024590093 +0.1707732500 +0.0036232902 +0.5542927725 +0.0024404110 +0.5454647034 +0.0024083496 -11.9346800000 +0.0005435039 +142.4484025600 +0.0128688180 +8.6381809776 +0.1507124690 +0.4082108933
+3.0000000000 +0.5532540000 +0.0024490561 +0.1712735000 +0.0035939895 +0.5460050250 +0.0024201509 +0.5324066974 +0.0023710798 -11.8982700000 +0.0006853081 +141.5876148800 +0.0161729781 +7.9971678828 +0.2087320785 +0.4047094668
+3.2000000000 +0.5437075000 +0.0024367335 +0.1770750000 +0.0035417831 +0.5331246550 +0.0023944192 +0.5135516273 +0.0023239140 -11.8507970000 +0.0008421821 +140.4697603600 +0.0197876220 +7.4220877951 +0.2770588355 +0.3977104611
+3.4000000000 +0.5311262500 +0.0024175573 +0.1830167500 +0.0034726909 +0.5158784275 +0.0023564584 +0.4882464082 +0.0022571535 -11.7854890000 +0.0010259838 +138.9398566800 +0.0239619923 +6.8759804136 +0.3642362531 +0.3884625363
+3.6000000000 +0.5178190000 +0.0023897290 +0.1882255000 +0.0033953640 +0.4965687000 +0.0023051230 +0.4591241531 +0.0021717564 -11.7030890000 +0.0012282367 +137.0226347600 +0.0284668382 +6.3453384233 +0.4656066209 +0.3793450795
+3.8000000000 +0.4975540000 +0.0023504142 +0.1934225000 +0.0032830078 +0.4685378600 +0.0022359681 +0.4195098639 +0.0020625246 -11.5978860000 +0.0014590505 +134.5961128000 +0.0334836099 +5.8152072917 +0.5897031233 +0.3630115718
+4.0000000000 +0.4794815000 +0.0022926623 +0.1992430000 +0.0031640826 +0.4401545250 +0.0021437317 +0.3775594300 +0.0019281811 -11.4665580000 +0.0017341582 +131.6022445600 +0.0392984924 +5.2563004039 +0.7518262040 +0.3503884692
+4.2000000000 +0.4555070000 +0.0022137743 +0.1891035000 +0.0030321542 +0.4035185000 +0.0020267606 +0.3271375279 +0.0017679286 -11.3019670000 +0.0020527755 +127.9030135600 +0.0458141863 +4.6674255465 +0.9555299939 +0.3302970502
+4.4000000000 +0.4256512500 +0.0021086953 +0.1636897500 +0.0028820500 +0.3590428225 +0.0018805853 +0.2703757930 +0.0015766652 -11.0949380000 +0.0023746219 +123.3232024000 +0.0520980826 +4.0423599062 +1.1650473976 +0.3008762548
+4.6000000000 +0.3845050000 +0.0019782842 +0.1254100000 +0.0026863580 +0.3043884350 +0.0017123386 +0.2099364626 +0.0013679143 -10.8502090000 +0.0026642810 +118.0109710800 +0.0573819222 +3.4031378255 +1.3418513059 +0.2447159299
+4.8000000000 +0.3318300000 +0.0018127256 +0.0828235000 +0.0024222426 +0.2415501100 +0.0015049083 +0.1489364094 +0.0011247422 -10.5818030000 +0.0027743775 +112.2824415600 +0.0586399154 +2.7383116896 +1.3363143629 +0.1491262110
+5.0000000000 +0.2807095000 +0.0016345369 +0.0508250000 +0.0021394104 +0.1856662550 +0.0012924365 +0.1012876466 +0.0009002853 -10.3299540000 +0.0027418528 +107.0086599200 +0.0568880103 +2.1373686322 +1.2028411116 +0.0205793174
+5.2000000000 +0.2363892500 +0.0014508367 +0.0268477500 +0.0018665219 +0.1400769575 +0.0010781065 +0.0661140997 +0.0006900462 -10.1019150000 +0.0026202520 +102.3233154800 +0.0533234539 +1.6191746151 +1.0156391006 -0.1231543233
+5.4000000000 +0.2009810000 +0.0012892707 +0.0116060000 +0.0016336112 +0.1068821250 +0.0008961729 +0.0435488234 +0.0005238588 -9.9115880000 +0.0025025125 +98.4900794400 +0.0499570575 +1.2312733822 +0.8590629571 -0.2707057982
+5.6000000000 +0.1747052500 +0.0011555953 +0.0050472500 +0.0014483824 +0.0839379425 +0.0007508543 +0.0295968675 +0.0003995471 -9.7545130000 +0.0023963076 +95.3802154800 +0.0470165676 +0.9538574665 +0.7324349899 -0.4002573305
+5.8000000000 +0.1547267500 +0.0010418323 +0.0011462500 +0.0012976482 +0.0673569475 +0.0006315523 +0.0204912904 +0.0003053381 -9.6131180000 +0.0023391024 +92.6308936800 +0.0451182733 +0.7485617299 +0.6505826340 -0.5055086613
+6.0000000000 +0.1398240000 +0.0009493788 -0.0016400000 +0.0011789918 +0.0556035550 +0.0005391052 +0.0147171331 +0.0002346023 -9.4856880000 +0.0023342462 +90.1962250400 +0.0442687513 +0.6008800671 +0.6054116852 -0.5867073886
+6.2000000000 +0.1282962500 +0.0008785723 -0.0023262500 +0.0010877740 +0.0473355025 +0.0004718104 +0.0111448520 +0.0001884735 -9.3702420000 +0.0023634656 +88.0248739200 +0.0441731317 +0.4979931409 +0.5812663409 -0.6579791524
+6.4000000000 +0.1196862500 +0.0008192685 -0.0022117500 +0.0010144942 +0.0411728325 +0.0004175678 +0.0086697175 +0.0001538072 -9.2554110000 +0.0024092027 +85.8948030800 +0.0443833338 +0.4195005322 +0.5668220241 -0.7047558844
+6.6000000000 +0.1116540000 +0.0007653797 -0.0012245000 +0.0009473299 +0.0358988600 +0.0003702725 +0.0067727966 +0.0001255782 -9.1444250000 +0.0024847709 +83.8674720400 +0.0451234421 +0.3550340043 +0.5669500904 -0.7518038004
+6.8000000000 +0.1060002500 +0.0007242861 -0.0010777500 +0.0008974757 +0.0322196675 +0.0003366824 +0.0055723093 +0.0001059307 -9.0282260000 +0.0025902186 +81.7772340000 +0.0463463550 +0.3085825662 +0.5803834189 -0.7892533927
+7.0000000000 +0.1013480000 +0.0006896313 -0.0007210000 +0.0008557825 +0.0292950700 +0.0003090196 +0.0046779267 +0.0000914331 -8.9093060000 +0.0027320694 +79.6743015200 +0.0481130048 +0.2717664699 +0.6093226905 -0.8169504170
+7.2000000000 +0.0973937500 +0.0006574185 +0.0001047500 +0.0008181304 +0.0267735075 +0.0002857191 +0.0039822368 +0.0000797696 -8.7868040000 +0.0028490543 +77.5326089600 +0.0493766504 +0.2401106245 +0.6263202654 -0.8518051210
+7.4000000000 +0.0930155000 +0.0006247716 -0.0001940000 +0.0007788682 +0.0242654650 +0.0002620533 +0.0033356910 +0.0000680620 -8.6569870000 +0.0030190904 +75.3080202000 +0.0513973287 +0.2109943481 +0.6658076732 -0.8883709909
+7.6000000000 +0.0897485000 +0.0005967491 -0.0001140000 +0.0007466452 +0.0222991750 +0.0002413696 +0.0028276236 +0.0000593998 -8.5160240000 +0.0031998932 +72.9322374400 +0.0534406086 +0.1874260756 +0.7090939602 -0.8954954761
+7.8000000000 +0.0875500000 +0.0005729672 +0.0001835000 +0.0007210518 +0.0207966600 +0.0002245942 +0.0024502030 +0.0000509611 -8.3693750000 +0.0034155749 +70.5130839600 +0.0559021666 +0.1683545833 +0.7670053737 -0.8883984064
+8.0000000000 +0.0852212500 +0.0005478879 -0.0001912500 +0.0006940798 +0.0192699075 +0.0002069140 +0.0020838657 +0.0000427814 -8.2050560000 +0.0036584400 +67.8583112800 +0.0585265328 +0.1500905756 +0.8365114326 -0.8706356559
+8.2000000000 +0.0831930000 +0.0005235659 -0.0002450000 +0.0006686902 +0.0178859250 +0.0001918529 +0.0017922082 +0.0000382147 -8.0361290000 +0.0039055274 +65.1894950800 +0.0610349310 +0.1337176799 +0.9073851507 -0.8674302539
+8.4000000000 +0.0817057500 +0.0005023625 -0.0005892500 +0.0006474991 +0.0167705525 +0.0001782887 +0.0015527260 +0.0000328451 -7.8445280000 +0.0041820939 +62.2362159200 +0.0637113993 +0.1201752728 +0.9914914643 -0.8402584488
+8.6000000000 +0.0809570000 +0.0004853859 -0.0004975000 +0.0006320160 +0.0159780150 +0.0001685853 +0.0013921366 +0.0000293675 -7.6313610000 +0.0044938208 +59.0454477200 +0.0665145766 +0.1095811529 +1.0921809190 -0.8176696167
+8.8000000000 +0.0801042500 +0.0004689510 -0.0004462500 +0.0006167068 +0.0152132925 +0.0001598435 +0.0012534414 +0.0000270354 -7.4064930000 +0.0048073892 +55.7805782000 +0.0690744520 +0.0999613822 +1.1937495364 -0.8052458422
+9.0000000000 +0.0790535000 +0.0004490973 -0.0001195000 +0.0005982678 +0.0143169900 +0.0001481832 +0.0010833065 +0.0000231905 -7.1566980000 +0.0051239139 +52.2685060000 +0.0711776011 +0.0896392682 +1.2965181936 -0.7616784549
+9.2000000000 +0.0779245000 +0.0004301874 +0.0002170000 +0.0005804013 +0.0134746750 +0.0001385720 +0.0009496553 +0.0000206706 -6.8956510000 +0.0054026620 +48.7175530000 +0.0726240119 +0.0804613837 +1.3794308674 -0.7434445017
+9.4000000000 +0.0785725000 +0.0004183396 -0.0001705000 +0.0005738887 +0.0131739600 +0.0001327908 +0.0008788887 +0.0000190564 -6.6029730000 +0.0056774607 +44.8885948400 +0.0735702545 +0.0744715132 +1.4591923962 -0.6880291560
+9.6000000000 +0.0780780000 +0.0004042626 -0.0004140000 +0.0005619861 +0.0126333050 +0.0001251853 +0.0007864551 +0.0000173027 -6.3186650000 +0.0058280108 +41.2841558000 +0.0729860364 +0.0680951137 +1.4742061825 -0.6425504135
+9.8000000000 +0.0777737500 +0.0003876484 -0.0003367500 +0.0005490786 +0.0120596075 +0.0001171161 +0.0006940815 +0.0000156211 -6.0215940000 +0.0059042338 +37.6539933600 +0.0713302413 +0.0613352175 +1.4518940641 -0.5908267960
+10.0000000000 +0.0773845000 +0.0003704143 -0.0002705000 +0.0005356435 +0.0114766300 +0.0001082685 +0.0006005958 +0.0000134505 -5.7337590000 +0.0059107917 +34.2734906000 +0.0687894611 +0.0548826916 +1.3974983299 -0.5199603712
+10.2000000000 +0.0772192500 +0.0003581290 -0.0004212500 +0.0005266139 +0.0110930675 +0.0001022759 +0.0005414703 +0.0000126125 -5.4609760000 +0.0058196588 +31.1769960000 +0.0653710273 +0.0502966170 +1.3021310337 -0.4667296105
+10.4000000000 +0.0763300000 +0.0003471522 -0.0003080000 +0.0005159157 +0.0106468550 +0.0000963713 +0.0004848528 +0.0000113678 -5.2173780000 +0.0056847116 +28.5136710400 +0.0616623984 +0.0463517894 +1.1951163509 -0.4257585443
+10.6000000000 +0.0754807500 +0.0003366810 -0.0002032500 +0.0005057536 +0.0102315075 +0.0000906648 +0.0004334876 +0.0000095894 -4.9859040000 +0.0055095274 +26.0734344000 +0.0574944586 +0.0427751309 +1.0806298530 -0.3803086740
+10.8000000000 +0.0751652500 +0.0003274176 -0.0002677500 +0.0004984435 +0.0099379075 +0.0000861242 +0.0003954569 +0.0000086739 -4.7849700000 +0.0053240410 +24.0297544000 +0.0535659208 +0.0397045620 +0.9720648998 -0.3347133034
+11.0000000000 +0.0747182500 +0.0003179204 -0.0002777500 +0.0004905526 +0.0096257525 +0.0000815462 +0.0003586467 +0.0000079704 -4.6005170000 +0.0051704547 +22.2341007600 +0.0503619141 +0.0367539602 +0.8837554485 -0.2902571038
+11.2000000000 +0.0747225000 +0.0003142584 -0.0008160000 +0.0004881885 +0.0095337850 +0.0000795680 +0.0003441357 +0.0000075218 -4.4323800000 +0.0049820874 +20.6388402400 +0.0467960459 +0.0352708303 +0.7914921680 -0.2620536083
+11.4000000000 +0.0742965000 +0.0003088177 -0.0003900000 +0.0004830774 +0.0093347050 +0.0000765755 +0.0003216889 +0.0000068030 -4.2843590000 +0.0048580601 +19.2997619600 +0.0442151396 +0.0334625885 +0.7264003687 -0.2305908346
+11.6000000000 +0.0737607500 +0.0003026468 -0.0005762500 +0.0004770776 +0.0091044525 +0.0000735638 +0.0002993562 +0.0000063822 -4.1442960000 +0.0046809023 +18.0516232000 +0.0411545350 +0.0315845195 +0.6513331335 -0.2038138537
+11.8000000000 +0.0732195000 +0.0002976308 +0.0003460000 +0.0004718141 +0.0089044600 +0.0000709788 +0.0002808089 +0.0000057480 -4.0282590000 +0.0045753162 +17.0642113200 +0.0388755668 +0.0300285154 +0.6013650883 -0.1805230209
+12.0000000000 +0.0732057500 +0.0002955098 +0.0004347500 +0.0004704236 +0.0088521225 +0.0000696115 +0.0002721907 +0.0000052606 -3.9093240000 +0.0044577625 +16.0776800000 +0.0367352965 +0.0291086722 +0.5519901827 -0.1578632275
