# T, am1a, am1e, m1a, m1e, m2a, m2e, m4a, m4e, e1a, e1e, e2a, e2e, susc, spec, bind
+2.0000000000 +0.5841770833 +0.0024615778 +0.1231395833 +0.0037698612 +0.5836374807 +0.0024594205 +0.5825826767 +0.0024554249 -11.9931013889 +0.0001392095 +143.8352560957 +0.0033234982 +17.4509723533 +0.0279061746 +0.4299014143
+2.2000000000 +0.5868128472 +0.0024562191 +0.1199121528 +0.0037791894 +0.5856698158 +0.0024516859 +0.5834396741 +0.0024433153 -11.9852902778 +0.0002035316 +143.6488400463 +0.0048559184 +15.7955235129 +0.0492992840 +0.4330183293
+2.4000000000 +0.5897706597 +0.0024483579 +0.1155307292 +0.0037889983 +0.5876076883 +0.0024398721 +0.5834018389 +0.0024242867 -11.9721861111 +0.0002789904 +143.3363537037 +0.0066489232 +14.3866954350 +0.0778356161 +0.4367883884
+2.6000000000 +0.5902532986 +0.0024401264 +0.1143564236 +0.0037864569 +0.5865676324 +0.0024258043 +0.5794426459 +0.0023997437 -11.9523916667 +0.0003653793 +142.8650066358 +0.0086914218 +13.1908805090 +0.1137532353 +0.4386250726
+2.8000000000 +0.5972531250 +0.0024212530 +0.1150652778 +0.0038012166 +0.5912099368 +0.0023984438 +0.5796304884 +0.0023575929 -11.9233472222 +0.0004650883 +142.1748612654 +0.0110340713 +12.0599301344 +0.1589194985 +0.4472273886
+3.0000000000 +0.6023970486 +0.0023989234 +0.1216175347 +0.0038022517 +0.5930755486 +0.0023648316 +0.5754357548 +0.0023051165 -11.8850888889 +0.0005758169 +141.2686005015 +0.0136117043 +11.0492805306 +0.2122016770 +0.4546748215
+3.2000000000 +0.6028116319 +0.0023759922 +0.1220897569 +0.0037890946 +0.5891954294 +0.0023273747 +0.5638181828 +0.0022443309 -11.8366041667 +0.0007009994 +140.1248542052 +0.0164958065 +10.1616104627 +0.2764125978 +0.4586238936
+3.4000000000 +0.6036951389 +0.0023442980 +0.1159652778 +0.0037776620 +0.5842771388 +0.0022770223 +0.5487729934 +0.0021653663 -11.7746069444 +0.0008369991 +138.6693913966 +0.0195882076 +9.3104181773 +0.3490717016 +0.4641617794
+3.6000000000 +0.5962053819 +0.0023139121 +0.1041102431 +0.0037376112 +0.5696284300 +0.0022236184 +0.5222556998 +0.0020784597 -11.6963555556 +0.0009941929 +136.8442700617 +0.0231040362 +8.5667029026 +0.4392975531 +0.4634890128
+3.8000000000 +0.5895657986 +0.0022682131 +0.0882776042 +0.0036931914 +0.5533794572 +0.0021499063 +0.4911127036 +0.0019677552 -11.5974652778 +0.0011819797 +134.5570839120 +0.0272194766 +7.7984195242 +0.5572824211 +0.4654185959
+4.0000000000 +0.5707567708 +0.0022169009 +0.0708987847 +0.0035962572 +0.5223492730 +0.0020649599 +0.4434111318 +0.0018421682 -11.4671625000 +0.0014245950 +131.5769946373 +0.0323946647 +7.0770953358 +0.7306095234 +0.4582943717
+4.2000000000 +0.5224027778 +0.0021704317 +0.0587184028 +0.0033833702 +0.4613356096 +0.0019787134 +0.3694428084 +0.0017088411 -11.2967402778 +0.0017214777 +127.7348803241 +0.0385003926 +6.4604896230 +0.9676687387 +0.4213819121
+4.4000000000 +0.4552725694 +0.0020738674 +0.0655868056 +0.0030618970 +0.3793101563 +0.0018374797 +0.2789294667 +0.0015191883 -11.0710583333 +0.0020982300 +122.7444353781 +0.0459718906 +5.6303032504 +1.3098552247 +0.3537743396
+4.6000000000 +0.3765940972 +0.0018914453 +0.0664180556 +0.0026481803 +0.2849257234 +0.0016059667 +0.1843478353 +0.0012468725 -10.7713972222 +0.0024277390 +116.2587547839 +0.0520809297 +4.4797338569 +1.6043931836 +0.2430739212
+4.8000000000 +0.3052076389 +0.0016613602 +0.0442034722 +0.0022450081 +0.2035564067 +0.0013202503 +0.1111576427 +0.0009326901 -10.4715048611 +0.0024167804 +109.8860471643 +0.0508305229 +3.3121411169 +1.4602069254 +0.1057714701
+5.0000000000 +0.2450826389 +0.0014407714 +0.0296003472 +0.0018856180 +0.1430983845 +0.0010509199 +0.0646544542 +0.0006552028 -10.2215368056 +0.0022309030 +104.6788918017 +0.0459564848 +2.3913470755 +1.1466842939 -0.0524651726
+5.2000000000 +0.2026090278 +0.0012553402 +0.0254211806 +0.0016080994 +0.1040855806 +0.0008383034 +0.0389439113 +0.0004586427 -10.0253166667 +0.0020500986 +100.6750904321 +0.0414042743 +1.7455891153 +0.8952931872 -0.1982216841
+5.4000000000 +0.1714690972 +0.0011062261 +0.0216135417 +0.0013953848 +0.0783510995 +0.0006805237 +0.0246633927 +0.0003299058 -9.8638041667 +0.0019491862 +97.4466057099 +0.0386475716 +1.3053186196 +0.7504843038 -0.3391874568
+5.6000000000 +0.1491503472 +0.0009878478 +0.0162927083 +0.0012350516 +0.0612795549 +0.0005607457 +0.0163326112 +0.0002397555 -9.7255506944 +0.0018909265 +94.7293604360 +0.0368722081 +1.0037244550 +0.6567434346 -0.4497835426
+5.8000000000 +0.1320340278 +0.0008907281 +0.0113982639 +0.0011072367 +0.0491688465 +0.0004693129 +0.0112277582 +0.0001769694 -9.5974784722 +0.0018899120 +92.2544637153 +0.0362657855 +0.7879248486 +0.6115748940 -0.5480741392
+6.0000000000 +0.1189553819 +0.0008135887 +0.0085654514 +0.0010069021 +0.0406274438 +0.0004025149 +0.0081313175 +0.0001376437 -9.4793555556 +0.0019110730 +90.0042697531 +0.0361802794 +0.6354494622 +0.5843520178 -0.6421040324
+6.2000000000 +0.1089053819 +0.0007494515 +0.0073963542 +0.0009256454 +0.0343274824 +0.0003490952 +0.0060530754 +0.0001084289 -9.3639319444 +0.0019562197 +87.8362932870 +0.0365212883 +0.5218165203 +0.5734220361 -0.7122647715
+6.4000000000 +0.1010762153 +0.0006965757 +0.0059595486 +0.0008600813 +0.0296251097 +0.0003071381 +0.0046509995 +0.0000862530 -9.2510006944 +0.0020102600 +85.7426596644 +0.0370342507 +0.4366959394 +0.5682860710 -0.7664652768
+6.6000000000 +0.0949189236 +0.0006526315 +0.0044800347 +0.0008066388 +0.0260467195 +0.0002741007 +0.0036836789 +0.0000715850 -9.1386972222 +0.0020835794 +83.6894390432 +0.0378627434 +0.3717189254 +0.5740566075 -0.8098994193
+6.8000000000 +0.0896800347 +0.0006145733 +0.0036762153 +0.0007605427 +0.0231505245 +0.0002461437 +0.0029594161 +0.0000584742 -9.0217270833 +0.0021732931 +81.5804876736 +0.0389301492 +0.3199344527 +0.5883574281 -0.8406156739
+7.0000000000 +0.0854131944 +0.0005808005 +0.0031996528 +0.0007207348 +0.0207885827 +0.0002222255 +0.0024075327 +0.0000488064 -8.9029743056 +0.0022733379 +79.4696740934 +0.0401241662 +0.2775737597 +0.6075113378 -0.8569541104
+7.2000000000 +0.0822786458 +0.0005536470 +0.0031793403 +0.0006895771 +0.0190307738 +0.0002036395 +0.0020209320 +0.0000413652 -8.7781444444 +0.0023905761 +77.2844140432 +0.0415639496 +0.2452199643 +0.6349837658 -0.8600197792
+7.4000000000 +0.0797486111 +0.0005313524 +0.0025208333 +0.0006642082 +0.0176532552 +0.0001903031 +0.0017602475 +0.0000370127 -8.6515270833 +0.0025210454 +75.1031476659 +0.0431321492 +0.2197637364 +0.6685291834 -0.8827943444
+7.6000000000 +0.0768369792 +0.0005056662 +0.0021824653 +0.0006349624 +0.0161318516 +0.0001748048 +0.0014825060 +0.0000320155 -8.5102159722 +0.0026736631 +72.7097148727 +0.0449178278 +0.1937923625 +0.7128672602 -0.8989203725
+7.8000000000 +0.0738821181 +0.0004824082 +0.0016012153 +0.0006075506 +0.0147672755 +0.0001616833 +0.0012637314 +0.0000281359 -8.3644013889 +0.0028308647 +70.2837623843 +0.0466833008 +0.1718530734 +0.7587024611 -0.9316692672
+8.0000000000 +0.0721857639 +0.0004624650 +0.0015625000 +0.0005865854 +0.0137657383 +0.0001503928 +0.0010942153 +0.0000244619 -8.2066875000 +0.0030290856 +67.7167341049 +0.0488852091 +0.1539891688 +0.8257823601 -0.9247862304
+8.2000000000 +0.0708376736 +0.0004448978 +0.0012532986 +0.0005686336 +0.0129353383 +0.0001407140 +0.0009593402 +0.0000214113 -8.0396840278 +0.0032159263 +65.0502065394 +0.0507742309 +0.1390366062 +0.8859453791 -0.9111546079
+8.4000000000 +0.0695404514 +0.0004279889 +0.0012602431 +0.0005513906 +0.0121628533 +0.0001325205 +0.0008504020 +0.0000194687 -7.8525166667 +0.0034605065 +62.1410222222 +0.0532352008 +0.1256053521 +0.9775596366 -0.9161614300
+8.6000000000 +0.0683763889 +0.0004099644 +0.0014864583 +0.0005337591 +0.0113981626 +0.0001229556 +0.0007346414 +0.0000162943 -7.6399347222 +0.0037483454 +58.9306062886 +0.0559508040 +0.1125683507 +1.0942203480 -0.8848832576
+8.8000000000 +0.0675284722 +0.0003936232 +0.0011527778 +0.0005185637 +0.0107576630 +0.0001144868 +0.0006400162 +0.0000141644 -7.4052062500 +0.0040506988 +55.4934060378 +0.0585817331 +0.1014147563 +1.2204417138 -0.8434606044
+9.0000000000 +0.0668713542 +0.0003764528 +0.0007060764 +0.0005034865 +0.0101404454 +0.0001060312 +0.0005525336 +0.0000122871 -7.1463256944 +0.0043690971 +51.8335313079 +0.0610363886 +0.0906986776 +1.3574406698 -0.7911147631
+9.2000000000 +0.0661734375 +0.0003616002 +0.0002397569 +0.0004901290 +0.0096091134 +0.0000997891 +0.0004906497 +0.0000111710 -6.8647125000 +0.0046732842 +47.9978611111 +0.0629256119 +0.0818638364 +1.4862477563 -0.7712654020
+9.4000000000 +0.0652407986 +0.0003424225 +0.0002157986 +0.0004729282 +0.0089464880 +0.0000912012 +0.0004127462 +0.0000094735 -6.5556243056 +0.0048653190 +43.9230631752 +0.0629437866 +0.0718487416 +1.5430834325 -0.7189238333
+9.6000000000 +0.0647892361 +0.0003272232 +0.0001697917 +0.0004604514 +0.0084806472 +0.0000838796 +0.0003533528 +0.0000081307 -6.2434395833 +0.0049998497 +39.9804777199 +0.0622693758 +0.0642450310 +1.5624060768 -0.6376807213
+9.8000000000 +0.0652093750 +0.0003137651 -0.0000090278 +0.0004524987 +0.0081902030 +0.0000781453 +0.0003113467 +0.0000069571 -5.9286986111 +0.0050390694 +36.1651560185 +0.0602667631 +0.0578636146 +1.5228986546 -0.5471543806
+10.0000000000 +0.0649961806 +0.0003017464 -0.0000923611 +0.0004434673 +0.0078665389 +0.0000729332 +0.0002746527 +0.0000062043 -5.6332326389 +0.0049930986 +32.7305512924 +0.0573744243 +0.0524453095 +1.4360275132 -0.4794325174
+10.2000000000 +0.0650637153 +0.0002913315 +0.0003140625 +0.0004366964 +0.0076282492 +0.0000683116 +0.0002448494 +0.0000054651 -5.3586402778 +0.0048403916 +29.6522012731 +0.0533896606 +0.0479288772 +1.2971289225 -0.4025810659
+10.4000000000 +0.0642171875 +0.0002821012 +0.0005935764 +0.0004273973 +0.0073070903 +0.0000642922 +0.0002187330 +0.0000049274 -5.1103437500 +0.0046667216 +26.9867448495 +0.0494104814 +0.0440756745 +1.1597906002 -0.3655391176
+10.6000000000 +0.0629968750 +0.0002713131 +0.0002447917 +0.0004157216 +0.0069130377 +0.0000599843 +0.0001917147 +0.0000044148 -4.8980145833 +0.0044847036 +24.7950495177 +0.0456973815 +0.0399998235 +1.0310464838 -0.3371996499
+10.8000000000 +0.0627904514 +0.0002650005 +0.0002574653 +0.0004108401 +0.0067516505 +0.0000566858 +0.0001741159 +0.0000037363 -4.7013979167 +0.0043088337 +22.8457842786 +0.0421792589 +0.0374534630 +0.9168418614 -0.2732018621
+11.0000000000 +0.0629517361 +0.0002605539 +0.0000809028 +0.0004086089 +0.0066784553 +0.0000546980 +0.0001642766 +0.0000035020 -4.5349500000 +0.0041597613 +21.2579160494 +0.0393928504 +0.0355488122 +0.8237092128 -0.2277290435
+11.2000000000 +0.0622286458 +0.0002542171 -0.0003248264 +0.0004017882 +0.0064574568 +0.0000524830 +0.0001518774 +0.0000033678 -4.3793750000 +0.0040022885 +19.8196579090 +0.0365912281 +0.0332363890 +0.7355347787 -0.2140843725
+11.4000000000 +0.0623701389 +0.0002530984 -0.0005642361 +0.0004016239 +0.0064523872 +0.0000520883 +0.0001501609 +0.0000033338 -4.2316548611 +0.0038650394 +18.5044440394 +0.0339856362 +0.0323665633 +0.6620954856 -0.2022498536
+11.6000000000 +0.0615671875 +0.0002482523 -0.0008984375 +0.0003954390 +0.0062556870 +0.0000498871 +0.0001386827 +0.0000029041 -4.1079687500 +0.0037812064 +17.4473081211 +0.0322609796 +0.0306020904 +0.6120223343 -0.1812750141
+11.8000000000 +0.0610159722 +0.0002438129 -0.0005347222 +0.0003905269 +0.0061007378 +0.0000474075 +0.0001271180 +0.0000024820 -3.9929965278 +0.0036997946 +16.4915604745 +0.0306082885 +0.0290170859 +0.5662571483 -0.1384686162
+12.0000000000 +0.0605552083 +0.0002391441 -0.0005163194 +0.0003858193 +0.0059545284 +0.0000455989 +0.0001186267 +0.0000022726 -3.8820479167 +0.0036168842 +15.5935700810 +0.0291605892 +0.0274511412 +0.5232740537 -0.1152356245
