# T, am1a, am1e, m1a, m1e, m2a, m2e, m4a, m4e, e1a, e1e, e2a, e2e, susc, spec, bind
+2.0000000000 +0.4904732500 +0.0024697418 +0.0248787500 +0.0034782540 +0.4845489875 +0.0024656245 +0.4779598785 +0.0024353477 -4.9227405000 +0.0005163037 +24.2440368100 +0.0050065116 +12.1992489267 +0.2665694913 +0.3214297638
+2.1000000000 +0.4885115000 +0.0024580626 +0.0250520000 +0.0034630144 +0.4803263650 +0.0024508767 +0.4709852813 +0.0024082342 -4.8914020000 +0.0006255421 +23.9414656400 +0.0060220704 +11.5087085413 +0.3549232287 +0.3195233469
+2.2000000000 +0.4867280000 +0.0024429562 +0.0222690000 +0.0034464824 +0.4756255450 +0.0024309374 +0.4625979181 +0.0023717922 -4.8506570000 +0.0007355445 +23.5505143600 +0.0070190026 +10.8509726825 +0.4471286847 +0.3183646961
+2.3000000000 +0.4834877500 +0.0024249069 +0.0233732500 +0.0034220646 +0.4689673525 +0.0024060684 +0.4514969844 +0.0023271262 -4.8017790000 +0.0008630431 +23.0868753000 +0.0081465458 +10.2263890478 +0.5632086039 +0.3156971021
+2.4000000000 +0.4795312500 +0.0024019663 +0.0249922500 +0.0033915457 +0.4607279125 +0.0023732771 +0.4375679691 +0.0022695727 -4.7393480000 +0.0010134791 +22.5025050600 +0.0094240732 +9.6157371989 +0.7132915779 +0.3128758380
+2.5000000000 +0.4776910000 +0.0023705939 +0.0263190000 +0.0033626054 +0.4529773000 +0.0023298410 +0.4223147918 +0.0021954140 -4.6581245000 +0.0011835190 +21.7541525500 +0.0108057391 +8.9915443408 +0.8964590799 +0.3139399025
+2.6000000000 +0.4745445000 +0.0023305291 +0.0274165000 +0.0033230086 +0.4424471150 +0.0022737799 +0.4025624426 +0.0021036565 -4.5542050000 +0.0013867170 +20.8177025400 +0.0123523851 +8.3559474046 +1.1378603250 +0.3145287179
+2.7000000000 +0.4706252500 +0.0022753288 +0.0317302500 +0.0032694272 +0.4285729675 +0.0021986617 +0.3770393269 +0.0019885964 -4.4232850000 +0.0016468304 +19.6739322000 +0.0141751520 +7.6698089468 +1.4880933988 +0.3157483578
+2.8000000000 +0.4656102500 +0.0021959668 +0.0357762500 +0.0031953238 +0.4096837075 +0.0020979127 +0.3438902449 +0.0018467018 -4.2491745000 +0.0019960993 +18.2148604300 +0.0163770321 +6.8889572355 +2.0328635019 +0.3170306476
+2.9000000000 +0.4512125000 +0.0020767730 +0.0291925000 +0.0030629233 +0.3761121700 +0.0019565383 +0.2945820548 +0.0016666568 -4.0067715000 +0.0024691956 +16.2980949300 +0.0189512991 +5.9489465463 +2.8998463352 +0.3058549039
+3.0000000000 +0.4206152500 +0.0018834967 +0.0269677500 +0.0028199837 +0.3188195825 +0.0017407144 +0.2228493963 +0.0014170264 -3.6493535000 +0.0030312591 +13.6853222300 +0.0213885110 +4.7300797989 +4.0837918004 +0.2691971543
+3.1000000000 +0.3737597500 +0.0016241078 +0.0193227500 +0.0024740252 +0.2452054025 +0.0014531518 +0.1445916970 +0.0011047394 -3.2049785000 +0.0033112810 +10.7104704700 +0.0212935243 +3.4035177994 +4.5638218995 +0.1983920219
+3.2000000000 +0.3174347500 +0.0013440504 +0.0085882500 +0.0020793624 +0.1730236825 +0.0011298744 +0.0810018451 +0.0007748359 -2.7801695000 +0.0031391772 +8.1235197900 +0.0183406174 +2.2580894373 +3.8493880983 +0.0980913447
+3.3000000000 +0.2674917500 +0.0010969161 +0.0026537500 +0.0017296950 +0.1196808375 +0.0008365423 +0.0423156267 +0.0005016216 -2.4474265000 +0.0027398161 +6.2901601700 +0.0144432632 +1.4584545813 +2.7572423976 +0.0152402630
+3.4000000000 +0.2312502500 +0.0009296961 +0.0003207500 +0.0014836608 +0.0880500725 +0.0006357162 +0.0239182179 +0.0003249350 -2.2183420000 +0.0023782546 +5.1472850200 +0.0114122322 +1.0168645404 +1.9571262200 -0.0283669882
+3.5000000000 +0.2051130000 +0.0008093999 -0.0006095000 +0.0013064848 +0.0682764700 +0.0004945040 +0.0144430435 +0.0002094820 -2.0501580000 +0.0021226765 +4.3833780400 +0.0093284707 +0.7487179209 +1.4712670615 -0.0327503355
+3.6000000000 +0.1859812500 +0.0007227829 -0.0003727500 +0.0011777679 +0.0554856275 +0.0004009037 +0.0095076050 +0.0001449920 -1.9192680000 +0.0019451741 +3.8349377400 +0.0079376572 +0.5804611708 +1.1678092915 -0.0294111552
+3.7000000000 +0.1701540000 +0.0006596020 +0.0010325000 +0.0010765025 +0.0463553750 +0.0003370181 +0.0066920695 +0.0001067480 -1.8113410000 +0.0018318159 +3.4151782000 +0.0070070867 +0.4703511158 +0.9804381426 -0.0380995256
+3.8000000000 +0.1600785000 +0.0006150182 +0.0025830000 +0.0010093110 +0.0407550200 +0.0002931858 +0.0050992879 +0.0000818770 -1.7211890000 +0.0017475446 +3.0846480600 +0.0063039666 +0.3981551010 +0.8459590463 -0.0233543802
+3.9000000000 +0.1505620000 +0.0005717149 +0.0026620000 +0.0009452004 +0.0357432350 +0.0002548042 +0.0038745863 +0.0000632947 -1.6409135000 +0.0016818443 +2.8057411300 +0.0057625270 +0.3352389527 +0.7438791290 -0.0109190317
+4.0000000000 +0.1423845000 +0.0005413485 +0.0023050000 +0.0008942925 +0.0319956750 +0.0002266137 +0.0030778736 +0.0000489754 -1.5717010000 +0.0016204974 +2.5752845000 +0.0052909978 +0.2930582290 +0.6565029162 -0.0021828506
+4.1000000000 +0.1354892500 +0.0005122585 +0.0008887500 +0.0008493070 +0.0288536875 +0.0002031837 +0.0024838795 +0.0000394068 -1.5078595000 +0.0015876571 +2.3744664700 +0.0049748837 +0.2560085521 +0.5997989189 +0.0054957980
+4.2000000000 +0.1286577500 +0.0004893382 +0.0009877500 +0.0008082375 +0.0261308925 +0.0001869382 +0.0020806594 +0.0000345127 -1.4503260000 +0.0015553224 +2.2002066200 +0.0046915736 +0.2280494254 +0.5485323907 -0.0157135823
+4.3000000000 +0.1245670000 +0.0004729809 +0.0009500000 +0.0007820561 +0.0244653750 +0.0001750080 +0.0018236668 +0.0000305416 -1.3974255000 +0.0015216102 +2.0454099300 +0.0044017093 +0.2081031979 +0.5008756190 -0.0155948163
+4.4000000000 +0.1207560000 +0.0004570492 +0.0006685000 +0.0007572536 +0.0229377700 +0.0001631119 +0.0015903606 +0.0000261438 -1.3496930000 +0.0015023767 +1.9119566200 +0.0042173030 +0.1899036015 +0.4663503396 -0.0075624548
+4.5000000000 +0.1171357500 +0.0004437328 +0.0004692500 +0.0007347877 +0.0215967375 +0.0001527902 +0.0014002127 +0.0000229217 -1.3049330000 +0.0014632128 +1.7884898000 +0.0039597731 +0.1750211905 +0.4229119284 -0.0006828572
+4.6000000000 +0.1138950000 +0.0004301927 -0.0003580000 +0.0007136976 +0.0203747000 +0.0001430495 +0.0012336551 +0.0000192710 -1.2617120000 +0.0014533287 +1.6764037400 +0.0037930858 +0.1609267168 +0.3992749010 +0.0094188170
+4.7000000000 +0.1107925000 +0.0004182318 +0.0003950000 +0.0006941098 +0.0192716900 +0.0001361114 +0.0011124509 +0.0000179486 -1.2245210000 +0.0014332228 +1.5816167800 +0.0036391868 +0.1488662116 +0.3719560913 +0.0015645257
+4.8000000000 +0.1079677500 +0.0004114393 -0.0003742500 +0.0006787523 +0.0184283275 +0.0001311619 +0.0010277410 +0.0000168675 -1.1867230000 +0.0014213068 +1.4891160000 +0.0034996722 +0.1410685929 +0.3507140680 -0.0087663681
+4.9000000000 +0.1060180000 +0.0004021727 -0.0000790000 +0.0006653857 +0.0177095300 +0.0001258594 +0.0009472509 +0.0000156069 -1.1540210000 +0.0014031811 +1.4105211600 +0.0033588510 +0.1320349730 +0.3280162081 -0.0067687150
+5.0000000000 +0.1045077500 +0.0003940198 +0.0004402500 +0.0006544413 +0.0171319325 +0.0001205740 +0.0008750271 +0.0000142153 -1.1216820000 +0.0013897900 +1.3354311600 +0.0032285647 +0.1242012538 +0.3090426035 +0.0062262194
