# T, am1a, am1e, m1a, m1e, m2a, m2e, m4a, m4e, e1a, e1e, e2a, e2e, susc, susce, spec, spece, bind, binde
+2.0000000000 +0.4896698438 +0.0026659651 +0.0096505469 +0.0040265518 +0.4835421802 +0.0026688541 +0.4769248388 +0.0026430391 -4.9220264844 +0.0001859144 +24.2429873413 +0.0017973533 +7.7982256192 +0.0031550682 +0.2662765245 +0.0007019506 +0.3198647418 +0.0038556584
+2.1000000000 +0.4898833203 +0.0025833702 +0.0095004297 +0.0039002979 +0.4814127582 +0.0025874066 +0.4720440809 +0.0025531881 -4.8912500781 +0.0002627759 +23.9482521948 +0.0025222976 +7.3557440805 +0.0029081745 +0.3471989486 +0.0009990557 +0.3208686823 +0.0037379372
+2.2000000000 +0.4886952734 +0.0024950811 +0.0095824609 +0.0035392106 +0.4772833685 +0.0024877708 +0.4644353747 +0.0024375442 -4.8517920312 +0.0002009108 +23.5734827002 +0.0018416100 +6.9352158241 +0.0024377670 +0.4442496799 +0.0020176641 +0.3202159032 +0.0036159086
+2.3000000000 +0.4875205078 +0.0025971927 +0.0095441016 +0.0033654692 +0.4724311810 +0.0025738879 +0.4551739555 +0.0024777030 -4.8021746875 +0.0003203818 +23.1069260303 +0.0030317235 +6.5304342649 +0.0022279360 +0.5570452877 +0.0012897639 +0.3199965801 +0.0037919769
+2.4000000000 +0.4863008984 +0.0025760142 +0.0091655859 +0.0033591275 +0.4665513593 +0.0025368475 +0.4436794888 +0.0024123388 -4.7384607031 +0.0004014091 +22.5168983716 +0.0037578665 +6.1332383184 +0.0020618576 +0.7098547248 +0.0018665079 +0.3203581618 +0.0037680478
+2.5000000000 +0.4840104297 +0.0026807121 +0.0079895703 +0.0032587085 +0.4584810797 +0.0026273268 +0.4286080776 +0.0024744893 -4.6592875781 +0.0004899687 +21.7961776831 +0.0043763245 +5.7380639103 +0.0016644400 +0.8930769586 +0.0026250404 +0.3201089488 +0.0039381597
+2.6000000000 +0.4799803906 +0.0027428952 +0.0077391406 +0.0036004578 +0.4467505957 +0.0026733512 +0.4081089674 +0.0024619382 -4.5561256250 +0.0005142761 +20.8800997363 +0.0045150456 +5.3241645681 +0.0022704614 +1.1532911787 +0.0025160817 +0.3181630093 +0.0041256421
+2.7000000000 +0.4745284766 +0.0026289839 +0.0075058984 +0.0031689812 +0.4313123920 +0.0025287192 +0.3819705626 +0.0022491362 -4.4247835156 +0.0006269185 +19.7502653394 +0.0052383365 +4.8845274391 +0.0022655881 +1.5060828439 +0.0036927616 +0.3153396392 +0.0040625449
+2.8000000000 +0.4666208594 +0.0024034755 +0.0065283594 +0.0031568789 +0.4101107166 +0.0022853785 +0.3479899030 +0.0019740346 -4.2514995312 +0.0011709570 +18.3224093896 +0.0089832945 +4.3958382446 +0.0029306742 +2.0175299104 +0.0091209585 +0.3101159250 +0.0038610983
+2.9000000000 +0.4523277344 +0.0021492505 +0.0041200000 +0.0029092346 +0.3780626770 +0.0019624146 +0.3016887504 +0.0015850224 -4.0157862500 +0.0015238160 +16.4846520264 +0.0112618371 +3.8271140401 +0.0033148088 +2.7250576021 +0.0086161658 +0.2962340088 +0.0037293888
+3.0000000000 +0.4302953125 +0.0017415719 +0.0032909375 +0.0027826607 +0.3342114465 +0.0014963489 +0.2447661715 +0.0011153067 -3.7047071094 +0.0022109487 +14.2175085181 +0.0157602907 +3.1792439434 +0.0033518967 +3.5029679564 +0.0089313067 +0.2694073651 +0.0033566933
+3.1000000000 +0.3976733984 +0.0011664285 +0.0021872266 +0.0025843534 +0.2787686383 +0.0009360160 +0.1812671985 +0.0006434450 -3.3282870312 +0.0022441131 +11.6691684521 +0.0148326955 +2.4900315030 +0.0035757858 +3.9400526407 +0.0074960771 +0.2223949756 +0.0027574730
+3.2000000000 +0.3572054297 +0.0007728634 +0.0012279297 +0.0020914438 +0.2205291095 +0.0006504446 +0.1230211727 +0.0004550777 -2.9427532031 +0.0026757945 +9.2562228394 +0.0158552469 +1.8585483464 +0.0040850862 +3.7272176631 +0.0080709650 +0.1567625207 +0.0022166618
+3.3000000000 +0.3165331641 +0.0004957021 +0.0003184766 +0.0016134937 +0.1698386896 +0.0004560812 +0.0788076871 +0.0003224975 -2.6017083594 +0.0021750848 +7.2864555493 +0.0122388795 +1.3506518966 +0.0037621975 +3.0414507380 +0.0087547391 +0.0892918814 +0.0019555135
+3.4000000000 +0.2814685547 +0.0004727876 +0.0002356641 +0.0008945079 +0.1320819342 +0.0003800846 +0.0504871826 +0.0002425887 -2.3348544531 +0.0015298720 +5.8729660718 +0.0078239109 +0.9949205016 +0.0026564621 +2.3329957061 +0.0053187085 +0.0353518614 +0.0020569442
+3.5000000000 +0.2529228125 +0.0003811225 -0.0004554688 +0.0007198937 +0.1050899011 +0.0002851761 +0.0330538683 +0.0001891509 -2.1302795312 +0.0012507470 +4.8771227344 +0.0058643200 +0.7518811336 +0.0022510599 +1.7711867268 +0.0050467474 +0.0024142129 +0.0020879996
+3.6000000000 +0.2305861719 +0.0004102920 -0.0005630469 +0.0005885859 +0.0862596936 +0.0002700672 +0.0225395499 +0.0001329427 -1.9720389844 +0.0013024833 +4.1678737280 +0.0053036970 +0.5882316009 +0.0018033672 +1.3773778148 +0.0033790273 -0.0096920089 +0.0024642202
+3.7000000000 +0.2134347266 +0.0003524101 -0.0008387109 +0.0005205771 +0.0732711871 +0.0002182458 +0.0163317906 +0.0000901193 -1.8485532031 +0.0007596107 +3.6572418921 +0.0033027261 +0.4794043278 +0.0014072960 +1.1223944005 +0.0032689435 -0.0139871419 +0.0025663557
+3.8000000000 +0.1991886719 +0.0003235298 -0.0005880469 +0.0004813153 +0.0635167273 +0.0001720307 +0.0123076206 +0.0000546228 -1.7451074219 +0.0007384141 +3.2579800464 +0.0027263875 +0.4015082708 +0.0008723892 +0.9421592463 +0.0018941181 -0.0168932818 +0.0021329848
+3.9000000000 +0.1876786719 +0.0003017553 -0.0005507031 +0.0004021803 +0.0561036023 +0.0001689245 +0.0095669244 +0.0000507736 -1.6583305469 +0.0005237450 +2.9414990991 +0.0018322280 +0.3426364366 +0.0010817442 +0.8055170160 +0.0015313411 -0.0131025036 +0.0016562981
+4.0000000000 +0.1778460156 +0.0002409658 -0.0007400000 +0.0003486398 +0.0501996997 +0.0001103486 +0.0076351934 +0.0000277086 -1.5830916406 +0.0005424616 +2.6827621265 +0.0017931674 +0.2971186206 +0.0006366318 +0.7063201648 +0.0018286315 -0.0099510822 +0.0023332498
+4.1000000000 +0.1697721875 +0.0001567383 -0.0002778125 +0.0002985591 +0.0455805969 +0.0000755631 +0.0062641560 +0.0000208518 -1.5159935938 +0.0004008722 +2.4636852148 +0.0014698935 +0.2615844778 +0.0004538270 +0.6298994658 +0.0021209855 -0.0050382827 +0.0025019608
+4.2000000000 +0.1627007422 +0.0001722196 -0.0002637109 +0.0003380148 +0.0418508466 +0.0000870408 +0.0052846094 +0.0000262354 -1.4562358594 +0.0004888079 +2.2762409839 +0.0013474804 +0.2343469479 +0.0006343550 +0.5645921684 +0.0016134662 -0.0056928307 +0.0028259553
+4.3000000000 +0.1565087500 +0.0002845119 -0.0005146875 +0.0002355330 +0.0387003577 +0.0001084703 +0.0045106343 +0.0000217009 -1.4019851563 +0.0005957229 +2.1144235645 +0.0018655489 +0.2114166976 +0.0004538524 +0.5152454724 +0.0011030850 -0.0039060806 +0.0032531488
+4.4000000000 +0.1512682812 +0.0002195590 -0.0001450000 +0.0001822471 +0.0361890979 +0.0000903815 +0.0039629802 +0.0000211039 -1.3532297656 +0.0004726483 +1.9741100708 +0.0013115663 +0.1935494244 +0.0004716400 +0.4723207876 +0.0006936495 -0.0086092233 +0.0023897304
+4.5000000000 +0.1469751562 +0.0001795959 -0.0004817969 +0.0002456409 +0.0340868579 +0.0000846193 +0.0035019088 +0.0000194215 -1.3083185938 +0.0003101115 +1.8498246484 +0.0007018895 +0.1775621519 +0.0006055438 +0.4365468255 +0.0010343279 -0.0045628533 +0.0018633082
+4.6000000000 +0.1428448047 +0.0002006000 -0.0000987891 +0.0002861795 +0.0321485052 +0.0000878647 +0.0031004676 +0.0000177517 -1.2652874219 +0.0005482544 +1.7341196411 +0.0015851162 +0.1633873338 +0.0004620659 +0.4027655965 +0.0010344626 +0.0001080956 +0.0018343735
+4.7000000000 +0.1391983594 +0.0001215222 +0.0000709375 +0.0002520702 +0.0305258289 +0.0000529454 +0.0027964416 +0.0000120498 -1.2270669531 +0.0003380847 +1.6354821851 +0.0007341019 +0.1518229505 +0.0003174052 +0.3760260305 +0.0010138095 -0.0002907230 +0.0013042546
+4.8000000000 +0.1360015625 +0.0001098865 +0.0000707813 +0.0002460018 +0.0291380640 +0.0000593456 +0.0025428467 +0.0000150085 -1.1905589063 +0.0005335977 +1.5437046240 +0.0013834287 +0.1418869095 +0.0004280659 +0.3507535209 +0.0009534407 +0.0017516184 +0.0029322296
+4.9000000000 +0.1330089844 +0.0001505988 +0.0001296094 +0.0002649115 +0.0278841492 +0.0000650489 +0.0023355395 +0.0000134713 -1.1566626562 +0.0005393655 +1.4617707715 +0.0011950475 +0.1331269544 +0.0003943134 +0.3302606900 +0.0005183330 -0.0011978186 +0.0027946218
+5.0000000000 +0.1302613281 +0.0001738500 +0.0003335938 +0.0002036915 +0.0267066003 +0.0000778715 +0.0021347024 +0.0000149154 -1.1253510937 +0.0005868814 +1.3872808545 +0.0014085739 +0.1246500416 +0.0004623230 +0.3094075545 +0.0006236156 +0.0024795154 +0.0022599033
