# T, am1a, am1e, m1a, m1e, m2a, m2e, m4a, m4e, e1a, e1e, e2a, e2e, susc, spec, bind
+2.0000000000 +0.4912437500 +0.0024691222 +0.0030125000 +0.0034827214 +0.4851830078 +0.0024692605 +0.4792924568 +0.0024547155 -4.9223500000 +0.0012911297 +24.2962101563 +0.0115513829 +1.9509006872 +0.2667225350 +0.3213151194
+2.1000000000 +0.4909968750 +0.0024572219 +0.0031406250 +0.0034734192 +0.4825955078 +0.0024579673 +0.4745625542 +0.0024390869 -4.8899500000 +0.0015649226 +24.0095703125 +0.0138260715 +1.8401339166 +0.3554079274 +0.3207875123
+2.2000000000 +0.4902906250 +0.0024418724 +0.0024968750 +0.0034600878 +0.4788945312 +0.0024420292 +0.4678802429 +0.0024171823 -4.8506093750 +0.0018463331 +23.6647691406 +0.0161018160 +1.7346155221 +0.4507696919 +0.3199611931
+2.3000000000 +0.4886796875 +0.0024212382 +0.0030859375 +0.0034398186 +0.4733036133 +0.0024213912 +0.4585417271 +0.0023899529 -4.7986062500 +0.0021813257 +23.2169492187 +0.0187043504 +1.6312749656 +0.5756590585 +0.3176959208
+2.4000000000 +0.4877937500 +0.0023963077 +0.0035187500 +0.0034191446 +0.4676343750 +0.0023966062 +0.4484307587 +0.0023583263 -4.7354843750 +0.0025316273 +22.6811777344 +0.0213320704 +1.5312775497 +0.7121263014 +0.3164641718
+2.5000000000 +0.4854343750 +0.0023654679 +0.0033312500 +0.0033891480 +0.4594640625 +0.0023663002 +0.4350822876 +0.0023211664 -4.6567062500 +0.0029517349 +22.0334226562 +0.0242581188 +1.4324321924 +0.8921844671 +0.3130153201
+2.6000000000 +0.4816171875 +0.0023281274 +0.0026328125 +0.0033494599 +0.4487622070 +0.0023282306 +0.4182138233 +0.0022742018 -4.5602250000 +0.0033708000 +21.2501437500 +0.0270953591 +1.3341974876 +1.0757199985 +0.3077793061
+2.7000000000 +0.4773812500 +0.0022822403 +0.0038437500 +0.0033023587 +0.4362376953 +0.0022836777 +0.3989106773 +0.0022220282 -4.4405125000 +0.0038683092 +20.3167039063 +0.0301374011 +1.2346360738 +1.3136957884 +0.3012721953
+2.8000000000 +0.4708625000 +0.0022232955 +0.0038625000 +0.0032381256 +0.4194332031 +0.0022256540 +0.3740656326 +0.0021560374 -4.2847281250 +0.0044163200 +19.1390503906 +0.0332487189 +1.1298383384 +1.5921536438 +0.2912371590
+2.9000000000 +0.4649375000 +0.0021611330 +0.0039375000 +0.0031740007 +0.4029867187 +0.0021616930 +0.3493149582 +0.0020802868 -4.1185500000 +0.0048708090 +17.9114453125 +0.0355472873 +1.0307301509 +1.8054529560 +0.2830077493
+3.0000000000 +0.4571796875 +0.0020854342 +0.0037578125 +0.0030941905 +0.3829747070 +0.0020856162 +0.3206614201 +0.0019937906 -3.9132781250 +0.0053612069 +16.4634472656 +0.0377150982 +0.9277943486 +2.0439139236 +0.2712387509
+3.1000000000 +0.4480687500 +0.0020083069 +0.0036781250 +0.0030086705 +0.3620974609 +0.0020039841 +0.2917526680 +0.0018980578 -3.7093781250 +0.0057137603 +15.0653683594 +0.0389154552 +0.8326805482 +2.1742056777 +0.2582755034
+3.2000000000 +0.4355750000 +0.0019248326 +0.0028125000 +0.0029065310 +0.3379248047 +0.0019139298 +0.2607182579 +0.0017943640 -3.4847562500 +0.0060301287 +13.5980242188 +0.0395957445 +0.7409961203 +2.2726532763 +0.2389555066
+3.3000000000 +0.4229234375 +0.0018377931 +0.0006546875 +0.0028016207 +0.3139635742 +0.0018170456 +0.2306393078 +0.0016793154 -3.2575906250 +0.0062188831 +12.1588769531 +0.0394298533 +0.6550271042 +2.2728819439 +0.2200737419
+3.4000000000 +0.4095031250 +0.0017521552 +0.0020750000 +0.0026948582 +0.2904947266 +0.0017174376 +0.2023708687 +0.0015615235 -3.0355781250 +0.0063032811 +10.8039886719 +0.0385683337 +0.5778913750 +2.1996596801 +0.2006256009
+3.5000000000 +0.3961906250 +0.0016707501 -0.0002906250 +0.0025914434 +0.2686232422 +0.0016216808 +0.1773523918 +0.0014460091 -2.8191906250 +0.0063006257 +9.5357511719 +0.0370771898 +0.5104284839 +2.0740119403 +0.1807270387
+3.6000000000 +0.3797312500 +0.0015902342 -0.0020437500 +0.0024766178 +0.2453496094 +0.0015196959 +0.1525754517 +0.0013252527 -2.6189093750 +0.0062140796 +8.4032777344 +0.0353512821 +0.4495723873 +1.9069029875 +0.1551245947
+3.7000000000 +0.3653078125 +0.0015134432 -0.0033953125 +0.0023720175 +0.2250702148 +0.0014251461 +0.1318982525 +0.0012138955 -2.4373437500 +0.0061126118 +7.4352054688 +0.0334394016 +0.3961963977 +1.7467475975 +0.1320759237
+3.8000000000 +0.3521156250 +0.0014391731 -0.0044312500 +0.0022738434 +0.2068341797 +0.0013285130 +0.1133782494 +0.0010958468 -2.2579781250 +0.0059013257 +6.4914910156 +0.0309328161 +0.3488369108 +1.5435188949 +0.1165868173
+3.9000000000 +0.3396984375 +0.0013773700 -0.0053921875 +0.0021866177 +0.1912809570 +0.0012493602 +0.0990244373 +0.0010067689 -2.1227750000 +0.0057267322 +5.8179921875 +0.0290118743 +0.3113268865 +1.3799537009 +0.0978522784
+4.0000000000 +0.3292937500 +0.0013191239 -0.0045531250 +0.0021096040 +0.1780378906 +0.0011727347 +0.0867097534 +0.0009191816 -1.9823968750 +0.0055430574 +5.1589167969 +0.0270219812 +0.2784140673 +1.2290194269 +0.0881533306
+4.1000000000 +0.3183625000 +0.0012731337 -0.0027968750 +0.0020382691 +0.1661894531 +0.0011105373 +0.0769506592 +0.0008488807 -1.8678968750 +0.0053613870 +4.6388175781 +0.0251787230 +0.2530137433 +1.0943760547 +0.0712813384
+4.2000000000 +0.3094109375 +0.0012283330 -0.0007484375 +0.0019753901 +0.1560872070 +0.0010475444 +0.0682571842 +0.0007745154 -1.7706093750 +0.0051845131 +4.2102246094 +0.0234324666 +0.2299126811 +0.9752082091 +0.0661169464
+4.3000000000 +0.3005953125 +0.0011876293 -0.0007546875 +0.0019155646 +0.1467760742 +0.0009920147 +0.0609069393 +0.0007142521 -1.6788843750 +0.0049969189 +3.8174207031 +0.0217747571 +0.2099294226 +0.8642664865 +0.0576006321
+4.4000000000 +0.2934500000 +0.0011509697 +0.0003593750 +0.0018648192 +0.1391021484 +0.0009477687 +0.0552800285 +0.0006696798 -1.6023843750 +0.0048473632 +3.5075128906 +0.0204231117 +0.1926881670 +0.7767580210 +0.0476878433
+4.5000000000 +0.2857734375 +0.0011202792 +0.0021296875 +0.0018156469 +0.1318674805 +0.0009052846 +0.0501706371 +0.0006239020 -1.5229937500 +0.0047068751 +3.2056968750 +0.0191231342 +0.1784925258 +0.7001970666 +0.0382704845
+4.6000000000 +0.2795343750 +0.0010867183 -0.0004031250 +0.0017704348 +0.1253777344 +0.0008554396 +0.0449906525 +0.0005650421 -1.4599656250 +0.0045390105 +2.9556042969 +0.0177967568 +0.1643070176 +0.6231415279 +0.0459740205
+4.7000000000 +0.2752203125 +0.0010620929 +0.0002484375 +0.0017383024 +0.1208678711 +0.0008247663 +0.0418186230 +0.0005340620 -1.4011937500 +0.0044256373 +2.7467945312 +0.0167068731 +0.1536056193 +0.5674608284 +0.0458278688
+4.8000000000 +0.2677625000 +0.0010376261 -0.0010093750 +0.0016938304 +0.1147634766 +0.0007903084 +0.0381541512 +0.0004995337 -1.3382906250 +0.0043162158 +2.5362105469 +0.0157263256 +0.1435557339 +0.5174921874 +0.0343646652
+4.9000000000 +0.2614296875 +0.0010110127 -0.0010640625 +0.0016524997 +0.1092313477 +0.0007500720 +0.0344358067 +0.0004515027 -1.2891875000 +0.0041892962 +2.3640125000 +0.0146076943 +0.1335048691 +0.4678104722 +0.0379571365
+5.0000000000 +0.2568218750 +0.0009901486 -0.0015843750 +0.0016215019 +0.1051732422 +0.0007250488 +0.0320892418 +0.0004311394 -1.2446906250 +0.0041310761 +2.2318863281 +0.0140326763 +0.1254904535 +0.4368842087 +0.0329973225
