# T, am1a, am1e, m1a, m1e, m2a, m2e, m4a, m4e, e1a, e1e, e2a, e2e, susc, spec, bind
+2.0000000000 +0.4851375000 +0.0024697386 +0.0191111111 +0.0034604101 +0.4793427445 +0.0024639716 +0.4726157148 +0.0024316894 -4.9227732639 +0.0004280117 +24.2410243683 +0.0041705054 +17.5668732429 +0.2637993815 +0.3143624614
+2.1000000000 +0.4859527778 +0.0024588499 +0.0181951389 +0.0034556358 +0.4779878086 +0.0024487265 +0.4683228131 +0.0024028136 -4.8912024306 +0.0005196949 +23.9346645303 +0.0050263671 +16.5831570111 +0.3527612611 +0.3167330418
+2.2000000000 +0.4872887153 +0.0024451553 +0.0193904514 +0.0034504553 +0.4766016626 +0.0024295917 +0.4632657823 +0.0023669734 -4.8509798611 +0.0006159388 +23.5471808353 +0.0059069921 +15.6535442529 +0.4514942191 +0.3201738549
+2.3000000000 +0.4858619792 +0.0024280507 +0.0210887153 +0.0034330538 +0.4718790738 +0.0024047181 +0.4539766271 +0.0023211644 -4.8021333333 +0.0007146955 +23.0809161362 +0.0067835112 +14.7642079951 +0.5561716923 +0.3204040180
+2.4000000000 +0.4853354167 +0.0024055276 +0.0240024306 +0.0034148092 +0.4670129919 +0.0023719497 +0.4431469436 +0.0022623683 -4.7382427083 +0.0008437811 +22.4794226225 +0.0078907375 +13.8877515136 +0.7119664856 +0.3227194890
+2.5000000000 +0.4858821181 +0.0023765558 +0.0218758681 +0.0033967763 +0.4620021328 +0.0023290265 +0.4304205574 +0.0021870749 -4.6590416667 +0.0009843041 +21.7454234375 +0.0090379022 +13.0130323268 +0.8928964401 +0.3278227803
+2.6000000000 +0.4828086806 +0.0023378703 +0.0207506944 +0.0033589400 +0.4517297188 +0.0022725755 +0.4106437191 +0.0020921500 -4.5578829861 +0.0011523931 +20.8274177132 +0.0103367436 +12.1084890550 +1.1315587756 +0.3292099635
+2.7000000000 +0.4747112847 +0.0022838173 +0.0210022569 +0.0032921975 +0.4339836625 +0.0021958664 +0.3812149891 +0.0019696480 -4.4269385417 +0.0013671318 +19.6725468220 +0.0118753553 +11.1270857935 +1.4767796595 +0.3253136053
+2.8000000000 +0.4612524306 +0.0022028247 +0.0248229167 +0.0031868287 +0.4068512635 +0.0020881523 +0.3399431483 +0.0018119274 -4.2513840278 +0.0016643962 +18.1850747396 +0.0137932051 +9.9821550245 +2.0352597785 +0.3154365631
+2.9000000000 +0.4402840278 +0.0020755542 +0.0216611111 +0.0030236478 +0.3661670428 +0.0019306803 +0.2831793557 +0.0016052247 -4.0033756944 +0.0020944975 +16.2024937500 +0.0161964143 +8.5564312241 +3.0045967984 +0.2959851349
+3.0000000000 +0.4018203125 +0.0018506226 +0.0121053819 +0.0027308661 +0.2984517277 +0.0016795810 +0.2019131288 +0.0013189359 -3.6264888889 +0.0026838638 +13.4395466532 +0.0188766548 +6.5756238784 +4.6099998709 +0.2443945021
+3.1000000000 +0.3419031250 +0.0015166556 +0.0035326389 +0.0022852518 +0.2089075135 +0.0013110832 +0.1123999147 +0.0009390885 -3.1175142361 +0.0029487064 +10.0666897907 +0.0186686840 +4.2740020623 +5.2114930366 +0.1415072993
+3.2000000000 +0.2742430556 +0.0011611374 -0.0001986111 +0.0017967945 +0.1291388551 +0.0009003490 +0.0491019767 +0.0005477541 -2.6546440972 +0.0025698503 +7.3113004967 +0.0144575351 +2.4268320725 +3.7148233191 +0.0185597678
+3.3000000000 +0.2264522569 +0.0009179083 -0.0033296875 +0.0014574958 +0.0849828523 +0.0006152604 +0.0223638989 +0.0002999847 -2.3636927083 +0.0021149940 +5.7659712047 +0.0106265171 +1.4706426594 +2.3659898875 -0.0321995357
+3.4000000000 +0.1940303819 +0.0007634248 -0.0032980903 +0.0012343987 +0.0609604878 +0.0004450733 +0.0116397890 +0.0001761705 -2.1641072917 +0.0018388584 +4.8186163725 +0.0083705115 +0.9873613559 +1.6848498600 -0.0440636788
+3.5000000000 +0.1717925347 +0.0006677074 -0.0012467014 +0.0010879390 +0.0473460033 +0.0003446078 +0.0069918247 +0.0001107062 -2.0177072917 +0.0016828141 +4.1844172405 +0.0070790587 +0.7337140803 +1.3315536083 -0.0396870359
+3.6000000000 +0.1557987847 +0.0005979037 +0.0000015625 +0.0009819981 +0.0385728142 +0.0002781195 +0.0045818803 +0.0000745837 -1.9004305556 +0.0015671774 +3.7098780961 +0.0061584737 +0.5719821147 +1.0915755508 -0.0265020905
+3.7000000000 +0.1426909722 +0.0005438565 +0.0001055556 +0.0008971051 +0.0321919102 +0.0002304273 +0.0031601882 +0.0000514339 -1.7987649306 +0.0014886227 +3.3241951726 +0.0055228469 +0.4604573832 +0.9323699930 -0.0164784937
+3.8000000000 +0.1330272569 +0.0005059120 +0.0007557292 +0.0008356668 +0.0279341278 +0.0001992478 +0.0023683029 +0.0000377937 -1.7109434028 +0.0014242570 +3.0084676456 +0.0050064982 +0.3879616455 +0.8091555271 -0.0116860578
+3.9000000000 +0.1252852431 +0.0004746655 +0.0005501736 +0.0007859450 +0.0247086866 +0.0001747304 +0.0018317474 +0.0000290997 -1.6343802083 +0.0013774446 +2.7470928096 +0.0046242444 +0.3327616415 +0.7185244423 -0.0001036365
+4.0000000000 +0.1184152778 +0.0004497728 +0.0007434028 +0.0007435296 +0.0221140022 +0.0001562012 +0.0014649813 +0.0000229420 -1.5661437500 +0.0013395836 +2.5245856192 +0.0043031741 +0.2913056715 +0.6460143619 +0.0014354610
+4.1000000000 +0.1124748264 +0.0004273396 -0.0001390625 +0.0007063167 +0.0199553518 +0.0001412413 +0.0011961806 +0.0000192412 -1.5043232639 +0.0013019863 +2.3307952112 +0.0040148631 +0.2565576082 +0.5808547870 -0.0012827072
+4.2000000000 +0.1079465278 +0.0004083078 +0.0002267361 +0.0006767757 +0.0183210648 +0.0001294383 +0.0010058325 +0.0000163412 -1.4449656250 +0.0012831353 +2.1537831067 +0.0038000646 +0.2286381242 +0.5376118306 +0.0011437636
+4.3000000000 +0.1042986111 +0.0003939536 +0.0007951389 +0.0006535585 +0.0170861786 +0.0001211663 +0.0008791884 +0.0000146345 -1.3977513889 +0.0012644352 +2.0176608025 +0.0036300070 +0.2078950888 +0.4980566498 -0.0038545895
+4.4000000000 +0.1008574653 +0.0003853395 +0.0003744792 +0.0006346564 +0.0161116910 +0.0001160205 +0.0007980164 +0.0000140985 -1.3473364583 +0.0012466308 +1.8774790654 +0.0034501485 +0.1943824162 +0.4623733892 -0.0247273546
+4.5000000000 +0.0980746528 +0.0003716979 +0.0002107639 +0.0006153244 +0.0151450111 +0.0001083674 +0.0006991108 +0.0000119731 -1.3019218750 +0.0012293946 +1.7554570071 +0.0032816856 +0.1768439544 +0.4299124518 -0.0159810153
+4.6000000000 +0.0954289931 +0.0003606909 -0.0001543403 +0.0005981343 +0.0143106084 +0.0001010564 +0.0006132890 +0.0000099558 -1.2627333333 +0.0012073567 +1.6528038773 +0.0031246563 +0.1629051855 +0.3968057889 +0.0017766838
+4.7000000000 +0.0925675347 +0.0003490963 +0.0002213542 +0.0005797290 +0.0134434763 +0.0000944355 +0.0005374493 +0.0000088971 -1.2225607639 +0.0011899566 +1.5512946904 +0.0029852197 +0.1493533635 +0.3692232293 +0.0087275171
+4.8000000000 +0.0902987847 +0.0003419677 +0.0005845486 +0.0005663746 +0.0128315478 +0.0000902300 +0.0004903068 +0.0000077553 -1.1877034722 +0.0011782269 +1.4661682870 +0.0028675701 +0.1403303181 +0.3470546819 +0.0073672560
+4.9000000000 +0.0888883681 +0.0003349040 +0.0003807292 +0.0005564940 +0.0123875687 +0.0000866157 +0.0004535427 +0.0000070977 -1.1567472222 +0.0011684017 +1.3926706404 +0.0027755662 +0.1318460105 +0.3275025665 +0.0147990872
+5.0000000000 +0.0872121528 +0.0003278465 +0.0002388889 +0.0005455556 +0.0119052927 +0.0000830028 +0.0004173149 +0.0000066510 -1.1248142361 +0.0011499808 +1.3181053000 +0.0026570607 +0.1238207943 +0.3046938290 +0.0185629408
