# T, am1a, am1e, m1a, m1e, m2a, m2e, m4a, m4e, e1a, e1e, e2a, e2e, susc, spec, bind
+2.0000000000 +0.5054673611 +0.0024704806 -0.0078461806 +0.0035340015 +0.4996282263 +0.0024649667 +0.4926707938 +0.0024330078 -4.9218062500 +0.0004321214 +24.2316459201 +0.0042095803 +17.5774300650 +0.2688896739 +0.3421276533
+2.1000000000 +0.5013772569 +0.0024596757 -0.0097751736 +0.0035117082 +0.4933793391 +0.0024504007 +0.4836017232 +0.0024054657 -4.8913493056 +0.0005150654 +23.9359097222 +0.0049842140 +16.5942984200 +0.3465042701 +0.3377763797
+2.2000000000 +0.4976883681 +0.0024458660 -0.0134161458 +0.0034885675 +0.4869841254 +0.0024310753 +0.4735586194 +0.0023692811 -4.8521493056 +0.0006076476 +23.5581223090 +0.0058302890 +15.6626452627 +0.4394209279 +0.3343853346
+2.3000000000 +0.4978345486 +0.0024282270 -0.0158918403 +0.0034764858 +0.4836906961 +0.0024056352 +0.4654399258 +0.0023226681 -4.8014534722 +0.0007195372 +23.0746647955 +0.0068237768 +14.7663521744 +0.5637327684 +0.3368574233
+2.4000000000 +0.4941868056 +0.0024060394 -0.0164534722 +0.0034478649 +0.4757816237 +0.0023733335 +0.4516766210 +0.0022646864 -4.7395440972 +0.0008340033 +22.4911007089 +0.0078068862 +13.8936614977 +0.6955614851 +0.3348937500
+2.5000000000 +0.4909612847 +0.0023763796 -0.0175293403 +0.0034154901 +0.4669301902 +0.0023295067 +0.4350878694 +0.0021881027 -4.6592444444 +0.0009839147 +21.7472823206 +0.0090350898 +13.0111031320 +0.8921900741 +0.3348006590
+2.6000000000 +0.4846802083 +0.0023378906 -0.0171763889 +0.0033661891 +0.4535442009 +0.0022734122 +0.4124384558 +0.0020939517 -4.5577944444 +0.0011653426 +20.8278111304 +0.0104470339 +12.1086995016 +1.1571322920 +0.3316581434
+2.7000000000 +0.4776265625 +0.0022843008 -0.0214119792 +0.0033029906 +0.4368483423 +0.0021972852 +0.3839589599 +0.0019728933 -4.4287965278 +0.0013732762 +19.6896741898 +0.0119287376 +11.1317978160 +1.4900840565 +0.3293403657
+2.8000000000 +0.4680765625 +0.0022045146 -0.0182824653 +0.0032138637 +0.4134910554 +0.0020882112 +0.3453998953 +0.0018126579 -4.2552968750 +0.0016626560 +18.2181284963 +0.0137863794 +9.9974770482 +2.0310061583 +0.3266068285
+2.9000000000 +0.4534494792 +0.0020761159 -0.0129723958 +0.0030735095 +0.3780267204 +0.0019303856 +0.2919597392 +0.0016073919 -4.0069902778 +0.0021192631 +16.2356221354 +0.0163975780 +8.5610626898 +3.0760702838 +0.3189849413
+3.0000000000 +0.4190576389 +0.0018483250 -0.0112329861 +0.0027934537 +0.3122615138 +0.0016784976 +0.2102014188 +0.0013188925 -3.6197864583 +0.0026905820 +13.3924232591 +0.0189427797 +6.5593060359 +4.6331080821 +0.2814161261
+3.1000000000 +0.3567373264 +0.0015194448 -0.0037265625 +0.0023430543 +0.2196100176 +0.0013180917 +0.1177231936 +0.0009411533 -3.1155822917 +0.0029128284 +10.0462357976 +0.0183963790 +4.2897366610 +5.0854443846 +0.1863521392
+3.2000000000 +0.2847779514 +0.0011812613 +0.0025550347 +0.0018500479 +0.1369136104 +0.0009218183 +0.0527352939 +0.0005564535 -2.6667868056 +0.0025657197 +7.3750685667 +0.0144432496 +2.5116807956 +3.7028911002 +0.0622504374
+3.3000000000 +0.2332453125 +0.0009374078 -0.0002480903 +0.0014962675 +0.0895527139 +0.0006365257 +0.0242262852 +0.0003148428 -2.3701114583 +0.0021304719 +5.7989847463 +0.0107196192 +1.5337892979 +2.4007460683 -0.0069503756
+3.4000000000 +0.1981583333 +0.0007773502 +0.0003392361 +0.0012593405 +0.0634376567 +0.0004557453 +0.0123324871 +0.0001781662 -2.1658059028 +0.0018416536 +4.8263827305 +0.0083856095 +1.0237100469 +1.6899760527 -0.0214924260
+3.5000000000 +0.1745277778 +0.0006780144 -0.0000038194 +0.0011050801 +0.0488480855 +0.0003543860 +0.0074097124 +0.0001153350 -2.0164309028 +0.0016740669 +4.1780935909 +0.0070316672 +0.7565406270 +1.3177469997 -0.0351064278
+3.6000000000 +0.1574944444 +0.0006053121 +0.0006475694 +0.0009932295 +0.0394606120 +0.0002842944 +0.0047900711 +0.0000762054 -1.8977277778 +0.0015578530 +3.6984469618 +0.0061162921 +0.5862444779 +1.0786249251 -0.0253994215
+3.7000000000 +0.1439409722 +0.0005528171 +0.0000138889 +0.0009075141 +0.0329432750 +0.0002395469 +0.0033805685 +0.0000573969 -1.7994895833 +0.0014846841 +3.3263342303 +0.0055175362 +0.4757554312 +0.9274427795 -0.0383289109
+3.8000000000 +0.1344717014 +0.0005142750 +0.0004710069 +0.0008464863 +0.0286617875 +0.0002054506 +0.0025098958 +0.0000408701 -1.7133739583 +0.0014331701 +3.0178093798 +0.0050546813 +0.4008940672 +0.8193147131 -0.0184222936
+3.9000000000 +0.1266723958 +0.0004819669 +0.0000866319 +0.0007958890 +0.0253375808 +0.0001815139 +0.0019598851 +0.0000320463 -1.6346864583 +0.0013904019 +2.7495285156 +0.0046724460 +0.3430775967 +0.7321060219 -0.0176045951
+4.0000000000 +0.1200526042 +0.0004543984 +0.0001727431 +0.0007528565 +0.0226717436 +0.0001623075 +0.0015677569 +0.0000262936 -1.5666197917 +0.0013462015 +2.5267879099 +0.0043235965 +0.2973281695 +0.6524130445 -0.0166878078
+4.1000000000 +0.1138616319 +0.0004333894 +0.0005338542 +0.0007154935 +0.0204775258 +0.0001456157 +0.0012674869 +0.0000202236 -1.5045555556 +0.0013169437 +2.3330610532 +0.0040633266 +0.2638731362 +0.5942774076 -0.0075514928
+4.2000000000 +0.1088873264 +0.0004140216 +0.0000460069 +0.0006839774 +0.0187130052 +0.0001335261 +0.0010633453 +0.0000171610 -1.4455920139 +0.0012807810 +2.1553522714 +0.0037934674 +0.2350818964 +0.5356408228 -0.0121991955
+4.3000000000 +0.1045828125 +0.0003972159 +0.0002946181 +0.0006566715 +0.0172487835 +0.0001231858 +0.0009045103 +0.0000150736 -1.3949114583 +0.0012596737 +2.0092490885 +0.0035995080 +0.2113524451 +0.4943126080 -0.0133869526
+4.4000000000 +0.1011211806 +0.0003840742 +0.0000267361 +0.0006349412 +0.0161260127 +0.0001146122 +0.0007854865 +0.0000132990 -1.3489965278 +0.0012392777 +1.8812239969 +0.0034318920 +0.1931079133 +0.4569349460 -0.0068469777
+4.5000000000 +0.0976690972 +0.0003710434 +0.0001170139 +0.0006133141 +0.0150461806 +0.0001072484 +0.0006864766 +0.0000112294 -1.3042017361 +0.0012217386 +1.7606479794 +0.0032650338 +0.1762216961 +0.4245746552 -0.0107690122
+4.6000000000 +0.0955126736 +0.0003612416 +0.0006144097 +0.0005987928 +0.0143424901 +0.0001020365 +0.0006221651 +0.0000102924 -1.2624166667 +0.0012044428 +1.6517231385 +0.0031116257 +0.1634030388 +0.3948927668 -0.0081735481
+4.7000000000 +0.0934902778 +0.0003524726 +0.0004184028 +0.0005854429 +0.0137099103 +0.0000975388 +0.0005685147 +0.0000098975 -1.2250770833 +0.0011905714 +1.5575122685 +0.0029850088 +0.1522563553 +0.3696048353 -0.0082105236
+4.8000000000 +0.0906730903 +0.0003437010 +0.0005355903 +0.0005689142 +0.0129468232 +0.0000919737 +0.0005059865 +0.0000083242 -1.1895791667 +0.0011859407 +1.4713568094 +0.0028960290 +0.1417564157 +0.3516138478 -0.0062159906
+4.9000000000 +0.0890071181 +0.0003383977 +0.0005164931 +0.0005590733 +0.0125027862 +0.0000893201 +0.0004754430 +0.0000080428 -1.1558826389 +0.0011723559 +1.3910414062 +0.0027794205 +0.1346111751 +0.3297230036 -0.0138263286
+5.0000000000 +0.0869598958 +0.0003295323 +0.0003321181 +0.0005455633 +0.0119056846 +0.0000844616 +0.0004270959 +0.0000071705 -1.1224638889 +0.0011564164 +1.3134171393 +0.0026620613 +0.1250974390 +0.3081136747 -0.0043738120
