# T, am1a, am1e, m1a, m1e, m2a, m2e, m4a, m4e, e1a, e1e, e2a, e2e, susc, spec, bind
+2.0000000000 +0.4839326389 +0.0024673286 -0.0101673611 +0.0034554154 +0.4776992091 +0.0024657049 +0.4713845691 +0.0024411871 -4.9216750000 +0.0008663004 +24.2529038580 +0.0081715704 +4.3831513822 +0.2701714716 +0.3114348116
+2.1000000000 +0.4842993056 +0.0024552448 -0.0078381944 +0.0034482367 +0.4756749035 +0.0024515529 +0.4666710755 +0.0024173752 -4.8910500000 +0.0010370504 +23.9653890432 +0.0097010778 +4.1336414775 +0.3511750262 +0.3125056212
+2.2000000000 +0.4812486111 +0.0024393850 -0.0085430556 +0.0034261903 +0.4696241898 +0.0024335553 +0.4574345339 +0.0023878453 -4.8518722222 +0.0012187734 +23.6000804012 +0.0112960652 +3.8949375947 +0.4419397224 +0.3086359771
+2.3000000000 +0.4804729167 +0.0024196675 -0.0087993056 +0.0034094297 +0.4650458526 +0.0024105115 +0.4486902780 +0.0023504225 -4.8022708333 +0.0014278900 +23.1433599537 +0.0130705581 +3.6656081057 +0.5550042897 +0.3084336496
+2.4000000000 +0.4797041667 +0.0023938303 -0.0096472222 +0.0033883623 +0.4593330247 +0.0023816107 +0.4378696153 +0.0023058888 -4.7373472222 +0.0016888850 +22.5565520062 +0.0151635891 +3.4382540576 +0.7130831392 +0.3082196641
+2.5000000000 +0.4764125000 +0.0023611454 -0.0098486111 +0.0033536256 +0.4499691744 +0.0023430071 +0.4220595429 +0.0022487973 -4.6564916667 +0.0019839869 +21.8403628086 +0.0174217313 +3.2112043809 +0.9069014414 +0.3051565891
+2.6000000000 +0.4735506944 +0.0023200608 -0.0088909722 +0.0033146587 +0.4395575424 +0.0022963087 +0.4041321848 +0.0021826432 -4.5547611111 +0.0023366816 +20.9642520062 +0.0199220579 +2.9811777539 +1.1630941076 +0.3027785964
+2.7000000000 +0.4689791667 +0.0022645337 -0.0062541667 +0.0032597042 +0.4250659722 +0.0022346269 +0.3804233721 +0.0020997034 -4.4209722222 +0.0027439720 +19.8461706790 +0.0225541219 +2.7349935127 +1.4872853795 +0.2981678536
+2.8000000000 +0.4608534722 +0.0021945399 -0.0051395833 +0.0031819794 +0.4050261381 +0.0021550431 +0.3498146112 +0.0019968732 -4.2547944444 +0.0032076244 +18.5148299383 +0.0252793005 +2.4768027676 +1.8897895735 +0.2891948128
+2.9000000000 +0.4523486111 +0.0021047397 -0.0035513889 +0.0030895138 +0.3818164352 +0.0020565759 +0.3149639610 +0.0018769660 -4.0420041667 +0.0037346303 +16.8956962191 +0.0279871380 +2.1996889971 +2.3881506882 +0.2798377180
+3.0000000000 +0.4393305556 +0.0019919754 -0.0037666667 +0.0029652816 +0.3517299769 +0.0019356372 +0.2735816362 +0.0017356243 -3.7819069444 +0.0042208532 +15.0154442130 +0.0299527516 +1.9046236777 +2.8504963061 +0.2628651892
+3.1000000000 +0.4165298611 +0.0018568084 -0.0053409722 +0.0027900631 +0.3114066165 +0.0017844441 +0.2243437069 +0.0015575489 -3.4761819444 +0.0045963785 +12.9289087191 +0.0308098949 +1.6015295766 +3.1657066698 +0.2288533699
+3.2000000000 +0.3930222222 +0.0017104188 -0.0037569444 +0.0026051567 +0.2714877701 +0.0016196162 +0.1786318762 +0.0013722876 -3.1544777778 +0.0047720550 +10.8616304012 +0.0301661324 +1.3164896576 +3.2023840456 +0.1921380297
+3.3000000000 +0.3655923611 +0.0015577582 -0.0035243056 +0.0024016129 +0.2307222029 +0.0014372972 +0.1358656611 +0.0011661862 -2.8420722222 +0.0047156466 +8.9668674383 +0.0280876968 +1.0588846738 +2.9404724692 +0.1492348881
+3.4000000000 +0.3392312500 +0.0014192816 -0.0024395833 +0.0022115962 +0.1956522569 +0.0012672437 +0.1025160670 +0.0009749770 -2.5731597222 +0.0045367886 +7.4444489969 +0.0254146275 +0.8531408750 +2.5639039334 +0.1073094086
+3.5000000000 +0.3166291667 +0.0013024844 -0.0015277778 +0.0020500629 +0.1681126543 +0.0011211687 +0.0785426358 +0.0008174452 -2.3433236111 +0.0042861650 +6.2260139661 +0.0226099221 +0.6979744300 +2.1595545394 +0.0736322953
+3.6000000000 +0.2937361111 +0.0011913583 -0.0015611111 +0.0018911098 +0.1430542824 +0.0009775214 +0.0586864490 +0.0006662825 -2.1434638889 +0.0039875464 +5.2304584877 +0.0196136441 +0.5677337944 +1.7667251241 +0.0440947417
+3.7000000000 +0.2739645833 +0.0011003921 -0.0002951389 +0.0017570645 +0.1234911073 +0.0008610639 +0.0449072980 +0.0005507310 -1.9796513889 +0.0037208602 +4.4728116512 +0.0172165741 +0.4712547340 +1.4562829123 +0.0184231635
+3.8000000000 +0.2580965278 +0.0010226087 +0.0011062500 +0.0016465246 +0.1084429591 +0.0007639671 +0.0351057055 +0.0004569974 -1.8454222222 +0.0034583947 +3.8840029321 +0.0150339131 +0.3962760769 +1.1927362284 +0.0049297751
+3.9000000000 +0.2449402778 +0.0009615402 +0.0009916667 +0.0015570577 +0.0969781250 +0.0006839270 +0.0281150032 +0.0003804078 -1.7380805556 +0.0032459705 +3.4423770062 +0.0132482637 +0.3413758645 +0.9975218664 +0.0035183268
+4.0000000000 +0.2338381944 +0.0009089915 +0.0004020833 +0.0014809689 +0.0877309221 +0.0006183531 +0.0229911370 +0.0003196681 -1.6496902778 +0.0030735963 +3.0993577932 +0.0118302394 +0.2974555880 +0.8502295064 +0.0042878491
+4.1000000000 +0.2239729167 +0.0008639648 +0.0001215278 +0.0014144015 +0.0800212770 +0.0005618721 +0.0190314156 +0.0002702415 -1.5655833333 +0.0029341811 +2.7954279321 +0.0106735068 +0.2621626209 +0.7375112020 +0.0093074840
+4.2000000000 +0.2142576389 +0.0008257194 +0.0003256944 +0.0013525784 +0.0731788387 +0.0005171782 +0.0160540759 +0.0002344679 -1.4916138889 +0.0028323482 +2.5457998457 +0.0097763615 +0.2337643107 +0.6548731677 +0.0007065768
+4.3000000000 +0.2073909722 +0.0007958939 +0.0015270833 +0.0013071588 +0.0683489005 +0.0004830219 +0.0140039788 +0.0002086644 -1.4353388889 +0.0027555778 +2.3639260802 +0.0091126403 +0.2121311311 +0.5913586130 +0.0007661783
+4.4000000000 +0.2002312500 +0.0007684181 +0.0017604167 +0.0012620233 +0.0637112076 +0.0004485859 +0.0121082905 +0.0001791786 -1.3809208333 +0.0026590350 +2.1897610340 +0.0083862481 +0.1932435334 +0.5259025153 +0.0056714592
+4.5000000000 +0.1947458333 +0.0007392860 +0.0014902778 +0.0012225534 +0.0597876929 +0.0004202273 +0.0106382089 +0.0001607197 -1.3313708333 +0.0025870258 +2.0402564043 +0.0078536564 +0.1748940264 +0.4759255262 +0.0079725979
+4.6000000000 +0.1890090278 +0.0007194744 +0.0008284722 +0.0011877443 +0.0564301505 +0.0003980333 +0.0095215835 +0.0001470975 -1.2826222222 +0.0025438158 +1.9039597222 +0.0074622835 +0.1620449052 +0.4403704377 +0.0032975832
+4.7000000000 +0.1841902778 +0.0007020167 +0.0011916667 +0.0011579911 +0.0536391590 +0.0003758441 +0.0085275102 +0.0001286617 -1.2402097222 +0.0024783662 +1.7838121142 +0.0070023036 +0.1509939615 +0.4004033738 +0.0120451991
+4.8000000000 +0.1813458333 +0.0006900701 +0.0015055556 +0.0011394288 +0.0519341821 +0.0003666884 +0.0080755733 +0.0001249818 -1.2070791667 +0.0024641618 +1.6999238426 +0.0067529020 +0.1428590312 +0.3795058250 +0.0019655896
+4.9000000000 +0.1765520833 +0.0006732592 +0.0010493056 +0.0011101875 +0.0493017554 +0.0003482378 +0.0072814446 +0.0001130092 -1.1691138889 +0.0024057899 +1.5983402778 +0.0063629261 +0.1332082085 +0.3471248535 +0.0014460586
+5.0000000000 +0.1731409722 +0.0006612016 +0.0008770833 +0.0010893178 +0.0474652971 +0.0003361585 +0.0067730560 +0.0001055107 -1.1402569444 +0.0023772162 +1.5262321759 +0.0061598714 +0.1259100058 +0.3255066383 -0.0020998682
