# T, am1a, am1e, m1a, m1e, m2a, m2e, m4a, m4e, e1a, e1e, e2a, e2e, susc, spec, bind
+2.0000000000 +0.4980648437 +0.0024695027 +0.0287140625 +0.0035042183 +0.4920063232 +0.0024666013 +0.4854351052 +0.0024385293 -4.9231406250 +0.0006414317 +24.2537709961 +0.0061718770 +7.8060075092 +0.2633181211 +0.3315505711
+2.1000000000 +0.4989937500 +0.0024576745 +0.0261445312 +0.0034997064 +0.4906013184 +0.0024523003 +0.4812407291 +0.0024129088 -4.8919070312 +0.0007734559 +23.9546837646 +0.0073850708 +7.3632474155 +0.3472741915 +0.3335252514
+2.2000000000 +0.4982476563 +0.0024425892 +0.0229726563 +0.0034870212 +0.4869004150 +0.0024333699 +0.4739235750 +0.0023792997 -4.8529734375 +0.0009105057 +23.5845120117 +0.0086189499 +6.9425363805 +0.4384902696 +0.3336433001
+2.3000000000 +0.4961363281 +0.0024229213 +0.0182917969 +0.0034664051 +0.4809731628 +0.0024083302 +0.4633373479 +0.0023359309 -4.8021789062 +0.0010715674 +23.1068525146 +0.0100180682 +6.5341747967 +0.5556780887 +0.3323722730
+2.4000000000 +0.4944191406 +0.0023979935 +0.0137980469 +0.0034433807 +0.4744652039 +0.0023768021 +0.4510847660 +0.0022834383 -4.7389914063 +0.0012710189 +22.5226591064 +0.0116784408 +6.1337311264 +0.7179950882 +0.3320742757
+2.5000000000 +0.4892750000 +0.0023678741 +0.0110289062 +0.0034041941 +0.4636631348 +0.0023373691 +0.4335152832 +0.0022192352 -4.6596601563 +0.0014790609 +21.7999376221 +0.0133318642 +5.7413915940 +0.8960496673 +0.3278317047
+2.6000000000 +0.4864683594 +0.0023264804 +0.0105050781 +0.0033654180 +0.4531518982 +0.0022833191 +0.4138884923 +0.0021351374 -4.5574773437 +0.0017470088 +20.8926813232 +0.0153140976 +5.3292414405 +1.1558019829 +0.3281466457
+2.7000000000 +0.4828332031 +0.0022707732 +0.0108886719 +0.0033138564 +0.4393843323 +0.0022141648 +0.3891596152 +0.0020347851 -4.4253078125 +0.0020688505 +19.7545549316 +0.0175167976 +4.8890413093 +1.5030404062 +0.3280802954
+2.8000000000 +0.4748355469 +0.0021940173 +0.0091871094 +0.0032323864 +0.4180172791 +0.0021215077 +0.3547702345 +0.0019097942 -4.2537812500 +0.0024777196 +18.3402187012 +0.0200178822 +4.4011081709 +2.0046022720 +0.3232356827
+2.9000000000 +0.4582488281 +0.0020828401 +0.0068105469 +0.0030962660 +0.3835209045 +0.0019939202 +0.3061169954 +0.0017503596 -4.0159656250 +0.0029979000 +16.4874760742 +0.0227834118 +3.8296036648 +2.7357616022 +0.3062737864
+3.0000000000 +0.4357667969 +0.0019359336 +0.0103628906 +0.0029141846 +0.3398062561 +0.0018323602 +0.2497700494 +0.0015617265 -3.7112523438 +0.0035030179 +14.2642393311 +0.0248715311 +3.1981558367 +3.4904559791 +0.2789649702
+3.1000000000 +0.4015398438 +0.0017393691 +0.0101882813 +0.0026558739 +0.2822504395 +0.0016162196 +0.1841519383 +0.0013188675 -3.3330546875 +0.0038424956 +11.6998444336 +0.0252829898 +2.4983988301 +3.9331755004 +0.2294766820
+3.2000000000 +0.3595937500 +0.0015262839 +0.0082757812 +0.0023580759 +0.2224893677 +0.0013678659 +0.1243438001 +0.0010488687 -2.9442476562 +0.0038570492 +9.2636674072 +0.0234627883 +1.8636340527 +3.7192071618 +0.1626937025
+3.3000000000 +0.3162789062 +0.0013174009 +0.0046921875 +0.0020581067 +0.1694541504 +0.0011126335 +0.0782328383 +0.0007761761 -2.6014710937 +0.0035919536 +7.2837370850 +0.0200546552 +1.3463622565 +3.0330077993 +0.0918378213
+3.4000000000 +0.2819707031 +0.0011464605 +0.0021957031 +0.0018171236 +0.1320823425 +0.0009038269 +0.0501218660 +0.0005715790 -2.3284078125 +0.0032286450 +5.8384488770 +0.0165533329 +0.9896445197 +2.3084619274 +0.0423287474
+3.5000000000 +0.2535136719 +0.0010127923 +0.0010167969 +0.0016224833 +0.1052991150 +0.0007384975 +0.0329030469 +0.0004169729 -2.1279585937 +0.0029006589 +4.8647606689 +0.0136828996 +0.7502616350 +1.7583171512 +0.0108425656
+3.6000000000 +0.2305773437 +0.0009067761 -0.0004312500 +0.0014667604 +0.0860556274 +0.0006107956 +0.0223284237 +0.0003057641 -1.9712031250 +0.0026250451 +4.1612762207 +0.0114443932 +0.5847060621 +1.3611578306 -0.0050282280
+3.7000000000 +0.2129660156 +0.0008279665 -0.0013574219 +0.0013488312 +0.0727756653 +0.0005177209 +0.0160176949 +0.0002324527 -1.8480890625 +0.0024388118 +3.6533453125 +0.0099060931 +0.4743116363 +1.1122261718 -0.0081064483
+3.8000000000 +0.2002558594 +0.0007717048 -0.0005636719 +0.0012641521 +0.0639235413 +0.0004564260 +0.0124192074 +0.0001879236 -1.7437023438 +0.0023006610 +3.2522195068 +0.0087788583 +0.4011980134 +0.9383784742 -0.0130968672
+3.9000000000 +0.1884347656 +0.0007246248 -0.0009121094 +0.0011885924 +0.0565109070 +0.0004040039 +0.0097222496 +0.0001518200 -1.6591437500 +0.0021826505 +2.9433165039 +0.0078469542 +0.3446686537 +0.8018241504 -0.0148011676
+4.0000000000 +0.1778546875 +0.0006818213 -0.0005484375 +0.0011205713 +0.0502275024 +0.0003573329 +0.0076302741 +0.0001181069 -1.5845828125 +0.0020834746 +2.6845373535 +0.0070936754 +0.2975234012 +0.6945386554 -0.0081745239
+4.1000000000 +0.1702824219 +0.0006481084 +0.0008019531 +0.0010700145 +0.0457978821 +0.0003236555 +0.0062875615 +0.0000972292 -1.5168328125 +0.0020250127 +2.4648088379 +0.0065711908 +0.2622716703 +0.6244932562 +0.0007590990
+4.2000000000 +0.1634156250 +0.0006213157 +0.0010679687 +0.0010264606 +0.0421459961 +0.0002988483 +0.0053486961 +0.0000831013 -1.4597882813 +0.0019679794 +2.2858995361 +0.0061300828 +0.2352964510 +0.5620597190 -0.0037233381
+4.3000000000 +0.1578238281 +0.0005997631 +0.0006847656 +0.0009911675 +0.0392969910 +0.0002773233 +0.0046205830 +0.0000711075 -1.4024406250 +0.0019277783 +2.1154928711 +0.0057547702 +0.2141563571 +0.5145377244 +0.0026285626
+4.4000000000 +0.1528738281 +0.0005803504 +0.0006636719 +0.0009597165 +0.0368426697 +0.0002613707 +0.0040899674 +0.0000659267 -1.3557921875 +0.0018882899 +1.9807979980 +0.0054621007 +0.1959601797 +0.4714893962 -0.0043761916
+4.5000000000 +0.1482953125 +0.0005627398 +0.0005445312 +0.0009308363 +0.0346585449 +0.0002452235 +0.0036065983 +0.0000560387 -1.3093453125 +0.0018614911 +1.8529911133 +0.0051802849 +0.1801535319 +0.4380632997 -0.0008197462
+4.6000000000 +0.1439734375 +0.0005466773 +0.0001117188 +0.0009039162 +0.0326825928 +0.0002314243 +0.0032104394 +0.0000503178 -1.2687242188 +0.0018303580 +1.7436695557 +0.0049160569 +0.1663198896 +0.4053184497 -0.0018673346
+4.7000000000 +0.1397265625 +0.0005318912 +0.0003242188 +0.0008780623 +0.0308398437 +0.0002186344 +0.0028631366 +0.0000449221 -1.2271210937 +0.0017941176 +1.6345804932 +0.0046526495 +0.1540947266 +0.3730319658 -0.0034517237
+4.8000000000 +0.1363195312 +0.0005178207 -0.0005601562 +0.0008559823 +0.0293085449 +0.0002067953 +0.0025695621 +0.0000410927 -1.1897789062 +0.0017740039 +1.5414574463 +0.0044645847 +0.1430070710 +0.3496766681 +0.0028755803
+4.9000000000 +0.1332660156 +0.0005072512 +0.0005089844 +0.0008374325 +0.0280519836 +0.0002004964 +0.0023948657 +0.0000396219 -1.1588929688 +0.0017543446 +1.4661419189 +0.0042964025 +0.1344281172 +0.3281539517 -0.0144549178
+5.0000000000 +0.1301769531 +0.0004938245 -0.0000246094 +0.0008170150 +0.0267005432 +0.0001887164 +0.0021374747 +0.0000337122 -1.1276007812 +0.0017342940 +1.3917945557 +0.0041560041 +0.1248576523 +0.3079962465 +0.0005995540
