# T, am1a, am1e, m1a, m1e, m2a, m2e, m4a, m4e, e1a, e1e, e2a, e2e, susc, spec, bind
+2.0000000000 +0.5141975000 +0.0024688423 +0.0024740000 +0.0035644082 +0.5082063550 +0.0024644966 +0.5012234392 +0.0024339927 -4.9225900000 +0.0005120286 +24.2423792400 +0.0049671449 +12.1903642997 +0.2621732973 +0.3531107495
+2.1000000000 +0.5125210000 +0.0024572670 +0.0024775000 +0.0035503453 +0.5042042200 +0.0024495510 +0.4942338908 +0.0024063088 -4.8917835000 +0.0006182487 +23.9448350700 +0.0059539813 +11.5012592647 +0.3466952181 +0.3519652193
+2.2000000000 +0.5103722500 +0.0024428567 -0.0001492500 +0.0035326398 +0.4991817825 +0.0024305395 +0.4854833328 +0.0023714898 -4.8518265000 +0.0007361512 +23.5618971300 +0.0070262348 +10.8500885877 +0.4478666092 +0.3505651128
+2.3000000000 +0.5086417500 +0.0024246460 -0.0004717500 +0.0035138033 +0.4938727675 +0.0024050051 +0.4752722988 +0.0023258460 -4.8022055000 +0.0008619197 +23.0908938900 +0.0081382218 +10.2241885938 +0.5617433981 +0.3504821536
+2.4000000000 +0.5084422500 +0.0024007731 +0.0026937500 +0.0034966224 +0.4890619725 +0.0023722087 +0.4642765869 +0.0022686918 -4.7381400000 +0.0010125024 +22.4909771000 +0.0094153995 +9.6061854548 +0.7119173679 +0.3529650528
+2.5000000000 +0.5022637500 +0.0023716719 -0.0010062500 +0.0034542039 +0.4772619875 +0.0023315346 +0.4452211450 +0.0021992115 -4.6581745000 +0.0011862126 +21.7548736900 +0.0108320048 +8.9997245174 +0.9005442807 +0.3484603706
+2.6000000000 +0.4977577500 +0.0023315479 -0.0001397500 +0.0034103056 +0.4652073975 +0.0022764811 +0.4237125785 +0.0021097327 -4.5556280000 +0.0013944957 +20.8315312000 +0.0124101842 +8.3632546083 +1.1506616214 +0.3473852608
+2.7000000000 +0.4913805000 +0.0022777917 +0.0011295000 +0.0033503243 +0.4489881900 +0.0022044174 +0.3959686413 +0.0019994531 -4.4271650000 +0.0016549866 +19.7093491600 +0.0142446933 +7.6864220081 +1.5028699969 +0.3452587498
+2.8000000000 +0.4772632500 +0.0021978941 -0.0010202500 +0.0032442592 +0.4210097425 +0.0021010231 +0.3538211329 +0.0018524297 -4.2488455000 +0.0020048848 +18.2134706100 +0.0164685709 +6.9010547393 +2.0507975399 +0.3346070084
+2.9000000000 +0.4583362500 +0.0020741757 +0.0011612500 +0.0030909504 +0.3821603175 +0.0019546114 +0.2988667308 +0.0016665464 -4.0008035000 +0.0024814926 +16.2527408700 +0.0190621705 +5.9340758426 +2.9288017169 +0.3178731571
+3.0000000000 +0.4245697500 +0.0018867439 +0.0053892500 +0.0028399935 +0.3226515725 +0.0017441619 +0.2257880702 +0.0014203309 -3.6535815000 +0.0030205911 +13.7136165900 +0.0213241026 +4.7464033295 +4.0550979206 +0.2770435031
+3.1000000000 +0.3754092500 +0.0016294234 +0.0049647500 +0.0024854993 +0.2471329275 +0.0014572848 +0.1460218443 +0.0011073838 -3.2142760000 +0.0033242402 +10.7735931200 +0.0213812535 +3.4258329843 +4.5996141085 +0.2030421604
+3.2000000000 +0.3200437500 +0.0013530304 +0.0036847500 +0.0020954837 +0.1756556575 +0.0011387627 +0.0827261305 +0.0007820041 -2.7850275000 +0.0031491854 +8.1530729300 +0.0184131050 +2.2883642371 +3.8739722094 +0.1062888589
+3.3000000000 +0.2683550000 +0.0011074017 +0.0034285000 +0.0017396565 +0.1210679450 +0.0008447479 +0.0432014103 +0.0005008570 -2.4528985000 +0.0027439071 +6.3178720900 +0.0145144527 +1.4864708780 +2.7654824490 +0.0175321934
+3.4000000000 +0.2316477500 +0.0009295343 +0.0030367500 +0.0014850321 +0.0882220375 +0.0006338009 +0.0238512711 +0.0003182779 -2.2180720000 +0.0023814760 +5.1467005200 +0.0114059035 +1.0165105124 +1.9624318583 -0.0214946752
+3.5000000000 +0.2060165000 +0.0008107751 +0.0022840000 +0.0013108378 +0.0687370500 +0.0004988768 +0.0146799052 +0.0002166804 -2.0493270000 +0.0021231466 +4.3800512200 +0.0093081478 +0.7512643351 +1.4719189149 -0.0356671871
+3.6000000000 +0.1862522500 +0.0007210194 +0.0019812500 +0.0011777175 +0.0554846625 +0.0004011542 +0.0095155368 +0.0001492698 -1.9157000000 +0.0019355647 +3.8197629200 +0.0078495136 +0.5776322742 +1.1562996142 -0.0303057873
+3.7000000000 +0.1703425000 +0.0006568380 +0.0007545000 +0.0010755632 +0.0462740150 +0.0003353459 +0.0066395601 +0.0001083098 -1.8086255000 +0.0018356738 +3.4059141300 +0.0069887459 +0.4664175052 +0.9845721749 -0.0335790135
+3.8000000000 +0.1590677500 +0.0006079999 +0.0000947500 +0.0010011130 +0.0400891025 +0.0002884322 +0.0049348605 +0.0000804442 -1.7174730000 +0.0017519357 +3.0724846600 +0.0063030143 +0.3891198266 +0.8502157498 -0.0235309052
+3.9000000000 +0.1503017500 +0.0005708111 +0.0000222500 +0.0009437111 +0.0356236275 +0.0002537303 +0.0038442056 +0.0000629416 -1.6370285000 +0.0016691137 +2.7912999300 +0.0056973090 +0.3341797807 +0.7326602248 -0.0097388698
+4.0000000000 +0.1424737500 +0.0005433056 +0.0000172500 +0.0008959075 +0.0321060075 +0.0002284328 +0.0031180566 +0.0000495507 -1.5665170000 +0.0016174239 +2.5586179200 +0.0052536554 +0.2951809515 +0.6540150544 -0.0083008539
+4.1000000000 +0.1365980000 +0.0005214870 +0.0000400000 +0.0008593160 +0.0295369600 +0.0002111841 +0.0026563810 +0.0000434854 -1.5075385000 +0.0015860801 +2.3732983300 +0.0049745711 +0.2653157658 +0.5986079775 -0.0149333280
+4.2000000000 +0.1308197500 +0.0004969173 -0.0003847500 +0.0008214428 +0.0269908775 +0.0001922126 +0.0022063344 +0.0000360203 -1.4481880000 +0.0015584322 +2.1943969200 +0.0046847963 +0.2351683455 +0.5507280990 -0.0095226528
+4.3000000000 +0.1255832500 +0.0004763688 +0.0003912500 +0.0007881638 +0.0248482425 +0.0001756562 +0.0018516385 +0.0000292747 -1.3954400000 +0.0015220462 +2.0399177800 +0.0043866528 +0.2110951121 +0.5011627171 +0.0003600793
+4.4000000000 +0.1217440000 +0.0004625327 -0.0007040000 +0.0007645025 +0.0233790600 +0.0001653114 +0.0016396944 +0.0000260167 -1.3477645000 +0.0015003623 +1.9065126300 +0.0041906024 +0.1944876924 +0.4651006330 +0.0000286280
+4.5000000000 +0.1178112500 +0.0004464515 +0.0001872500 +0.0007391247 +0.0218522475 +0.0001544131 +0.0014312574 +0.0000226187 -1.3017155000 +0.0014654449 +1.7803643900 +0.0039497683 +0.1771723750 +0.4242031954 +0.0009107993
+4.6000000000 +0.1141087500 +0.0004307410 +0.0004307500 +0.0007148799 +0.0204423175 +0.0001431174 +0.0012371914 +0.0000196978 -1.2614740000 +0.0014470260 +1.6750720200 +0.0037742710 +0.1613371886 +0.3958193163 +0.0131403454
+4.7000000000 +0.1109610000 +0.0004210176 +0.0000310000 +0.0006964656 +0.0194025750 +0.0001369416 +0.0011265805 +0.0000180116 -1.2257640000 +0.0014277857 +1.5840402600 +0.0036246051 +0.1508559889 +0.3691393223 +0.0024785803
+4.8000000000 +0.1082440000 +0.0004099167 +0.0006550000 +0.0006789256 +0.0184380300 +0.0001296755 +0.0010125908 +0.0000160476 -1.1878750000 +0.0014090256 +1.4904611400 +0.0034741809 +0.1400263847 +0.3446793593 +0.0071498808
+4.9000000000 +0.1060397500 +0.0004041319 +0.0003597500 +0.0006666559 +0.0177773325 +0.0001265245 +0.0009563714 +0.0000152904 -1.1560130000 +0.0014008059 +1.4148563400 +0.0033503733 +0.1333245698 +0.3269066382 -0.0087235166
+5.0000000000 +0.1031597500 +0.0003926463 +0.0005437500 +0.0006482376 +0.0168087775 +0.0001199320 +0.0008578827 +0.0000140626 -1.1237180000 +0.0013828787 +1.3392362800 +0.0032187011 +0.1233368696 +0.3059765459 -0.0121255651
