# T, am1a, am1e, m1a, m1e, m2a, m2e, m4a, m4e, e1a, e1e, e2a, e2e, susc, spec, bind
+2.0000000000 +0.5732531250 +0.0024420318 +0.0863256944 +0.0037406810 +0.5671599103 +0.0024363820 +0.5591086609 +0.0024044941 -4.9209496528 +0.0004352961 +24.2233247926 +0.0042389810 +17.1749350785 +0.2728550688 +0.4206194459
+2.1000000000 +0.5697006944 +0.0024333920 +0.0857343750 +0.0037217750 +0.5614147497 +0.0024242475 +0.5502655623 +0.0023800719 -4.8912576389 +0.0005154507 +23.9350288677 +0.0049869963 +16.2415452658 +0.3470229450 +0.4180529884
+2.2000000000 +0.5667833333 +0.0024209267 +0.0817458333 +0.0037047146 +0.5556787881 +0.0024063496 +0.5403996583 +0.0023460553 -4.8520510417 +0.0006087133 +23.5572205874 +0.0058425277 +15.3448652391 +0.4409635970 +0.4166272036
+2.3000000000 +0.5633977431 +0.0024041117 +0.0821814236 +0.0036805345 +0.5486071482 +0.0023819428 +0.5279158694 +0.0023007888 -4.8011649306 +0.0007181970 +23.0718169705 +0.0068155580 +14.4745125694 +0.5616348457 +0.4153169033
+2.4000000000 +0.5588255208 +0.0023827777 +0.0829855903 +0.0036486455 +0.5393911543 +0.0023506520 +0.5119654116 +0.0022440020 -4.7380260417 +0.0008436144 +22.4773581838 +0.0078856188 +13.6263114923 +0.7116853082 +0.4134409683
+2.5000000000 +0.5547562500 +0.0023535966 +0.0840246528 +0.0036134161 +0.5293311777 +0.0023076581 +0.4932029388 +0.0021698518 -4.6573579861 +0.0009961722 +21.7306777730 +0.0091407406 +12.7628168111 +0.9145581043 +0.4132549268
+2.6000000000 +0.5449713542 +0.0023184727 +0.0803161458 +0.0035551221 +0.5120064007 +0.0022556155 +0.4656626080 +0.0020809580 -4.5569111111 +0.0011669356 +20.8199084201 +0.0104588756 +11.9083914743 +1.1602980122 +0.4078941786
+2.7000000000 +0.5357607639 +0.0022660407 +0.0734878472 +0.0034894009 +0.4924372179 +0.0021805335 +0.4326834632 +0.0019624991 -4.4264493056 +0.0013860924 +19.6703035397 +0.0120261071 +10.9545398272 +1.5180263721 +0.4052323971
+2.8000000000 +0.5170239583 +0.0021912764 +0.0686225694 +0.0033714700 +0.4593814646 +0.0020793681 +0.3839821914 +0.0018121555 -4.2528465278 +0.0016637561 +18.1974269579 +0.0138017902 +9.8777669715 +2.0336945348 +0.3934831204
+2.9000000000 +0.4948343750 +0.0020683576 +0.0641538194 +0.0032088529 +0.4159851828 +0.0019303151 +0.3220883247 +0.0016167657 -4.0075868056 +0.0020912490 +16.2356848958 +0.0161855318 +8.4971978860 +2.9952837592 +0.3795625492
+3.0000000000 +0.4506416667 +0.0018587156 +0.0456600694 +0.0029119839 +0.3412708599 +0.0016990511 +0.2319367854 +0.0013485924 -3.6302715278 +0.0026827918 +13.4667662423 +0.0188747349 +6.6332615098 +4.6063180302 +0.3361805615
+3.1000000000 +0.3745532986 +0.0015370844 +0.0298633681 +0.0024181785 +0.2347953137 +0.0013447369 +0.1274615314 +0.0009702968 -3.1192517361 +0.0029378652 +10.0749734616 +0.0185651538 +4.3899161902 +5.1732422317 +0.2293112345
+3.2000000000 +0.2932123264 +0.0012002049 +0.0155921875 +0.0018930796 +0.1435931387 +0.0009467188 +0.0564700459 +0.0005807171 -2.6709236111 +0.0025817554 +7.4004513792 +0.0145812555 +2.5928851679 +3.7493218526 +0.0870867530
+3.3000000000 +0.2353673611 +0.0009457878 +0.0067597222 +0.0015094095 +0.0911783806 +0.0006473500 +0.0250759773 +0.0003236223 -2.3660482639 +0.0021299519 +5.7796521943 +0.0107336267 +1.5613346582 +2.3995743101 -0.0054323704
+3.4000000000 +0.1981482639 +0.0007803113 +0.0038517361 +0.0012609850 +0.0636181665 +0.0004625870 +0.0126067391 +0.0001872229 -2.1642118056 +0.0018535697 +4.8212415702 +0.0084629838 +1.0315241785 +1.7119162328 -0.0382912987
+3.5000000000 +0.1735262153 +0.0006757077 +0.0017237847 +0.0010996774 +0.0483745841 +0.0003520608 +0.0072979714 +0.0001153142 -2.0163614583 +0.0016796538 +4.1785630064 +0.0070896949 +0.7514017372 +1.3265571023 -0.0395524770
+3.6000000000 +0.1563552083 +0.0006004117 +0.0008340278 +0.0009857234 +0.0388667197 +0.0002792139 +0.0046290388 +0.0000732022 -1.8974937500 +0.0015625951 +3.6981506752 +0.0061342063 +0.5767907417 +1.0852015985 -0.0214421757
+3.7000000000 +0.1437684028 +0.0005506574 +0.0000951389 +0.0009055149 +0.0327982952 +0.0002363028 +0.0033092888 +0.0000540715 -1.7982173611 +0.0014914881 +3.3225671489 +0.0055404644 +0.4720452946 +0.9359628810 -0.0254414514
+3.8000000000 +0.1332381944 +0.0005104211 -0.0010809028 +0.0008392323 +0.0281736039 +0.0002026385 +0.0024362466 +0.0000403442 -1.7126677083 +0.0014259523 +3.0145642795 +0.0050160418 +0.3949081548 +0.8110829951 -0.0230931555
+3.9000000000 +0.1252296875 +0.0004795586 -0.0013414931 +0.0007886655 +0.0248815309 +0.0001788504 +0.0018985892 +0.0000315635 -1.6382402778 +0.0013800315 +2.7600106867 +0.0046356272 +0.3396574627 +0.7212258366 -0.0222463123
+4.0000000000 +0.1195666667 +0.0004530433 -0.0014354167 +0.0007500676 +0.0225061174 +0.0001603527 +0.0015350452 +0.0000254915 -1.5676315972 +0.0013505739 +2.5304308208 +0.0043462285 +0.2955574657 +0.6566579657 -0.0101799489
+4.1000000000 +0.1139479167 +0.0004315711 -0.0011402778 +0.0007147197 +0.0204342713 +0.0001445237 +0.0012530432 +0.0000202249 -1.5041444444 +0.0013166355 +2.3317916763 +0.0040516032 +0.2616635802 +0.5939992852 -0.0002912952
+4.2000000000 +0.1092559028 +0.0004147559 -0.0013451389 +0.0006858560 +0.0188177493 +0.0001338705 +0.0010709598 +0.0000176741 -1.4469847222 +0.0012760034 +2.1588921779 +0.0037677003 +0.2359164697 +0.5316521756 -0.0081300889
+4.3000000000 +0.1052960069 +0.0003995935 -0.0003741319 +0.0006609483 +0.0174742465 +0.0001241454 +0.0009218323 +0.0000150994 -1.3970909722 +0.0012600943 +2.0153766879 +0.0036006172 +0.2138901455 +0.4946427509 -0.0063145374
+4.4000000000 +0.1020779514 +0.0003856561 -0.0002907986 +0.0006397079 +0.0163691346 +0.0001170224 +0.0008157185 +0.0000140897 -1.3481600694 +0.0012412653 +1.8791651572 +0.0034286799 +0.1947019561 +0.4584018672 -0.0147699738
+4.5000000000 +0.0985142361 +0.0003742280 -0.0001506944 +0.0006186052 +0.0153069179 +0.0001095022 +0.0007139312 +0.0000121801 -1.3043784722 +0.0012248071 +1.7614092978 +0.0032775270 +0.1792596225 +0.4267100376 -0.0156862962
+4.6000000000 +0.0952262153 +0.0003627352 -0.0001689236 +0.0005985624 +0.0143311065 +0.0001024701 +0.0006253852 +0.0000100833 -1.2640381944 +0.0012047103 +1.6558456308 +0.0031186074 +0.1647571133 +0.3950681769 -0.0150020297
+4.7000000000 +0.0929336806 +0.0003528370 -0.0009840278 +0.0005834265 +0.0136164280 +0.0000968088 +0.0005602852 +0.0000091312 -1.2248958333 +0.0011968569 +1.5576684606 +0.0030036751 +0.1525713386 +0.3735177352 -0.0073062070
+4.8000000000 +0.0906338542 +0.0003411489 -0.0012651042 +0.0005671904 +0.0128697977 +0.0000906131 +0.0004940609 +0.0000080407 -1.1880215278 +0.0011816206 +1.4672442419 +0.0028737132 +0.1396590652 +0.3490568215 +0.0057037041
+4.9000000000 +0.0885057292 +0.0003354182 -0.0002671875 +0.0005552794 +0.0123334792 +0.0000877212 +0.0004599151 +0.0000078397 -1.1544722222 +0.0011648235 +1.3870786651 +0.0027603710 +0.1322512198 +0.3254996946 -0.0078251167
+5.0000000000 +0.0863673611 +0.0003262518 -0.0005152778 +0.0005412177 +0.0117169295 +0.0000827939 +0.0004114797 +0.0000067436 -1.1243048611 +0.0011571512 +1.3176213735 +0.0026752052 +0.1226191228 +0.3085053278 +0.0009217636
