# T, am1a, am1e, m1a, m1e, m2a, m2e, m4a, m4e, e1a, e1e, e2a, e2e, susc, spec, bind
+2.0000000000 +0.4769540000 +0.0024670059 +0.0121065000 +0.0034306824 +0.4709298450 +0.0024624590 +0.4643230923 +0.0024311733 -4.9214320000 +0.0005180774 +24.2312291000 +0.0050247352 +12.1722363442 +0.2684042342 +0.3021106045
+2.1000000000 +0.4781387500 +0.0024561021 +0.0119522500 +0.0034269932 +0.4699141625 +0.0024481993 +0.4605665153 +0.0024044933 -4.8911915000 +0.0006191728 +23.9390892900 +0.0059614253 +11.4903570595 +0.3477324335 +0.3047611428
+2.2000000000 +0.4793007500 +0.0024418660 +0.0101932500 +0.0034210148 +0.4682375975 +0.0024289974 +0.4552475844 +0.0023689501 -4.8515410000 +0.0007324252 +23.5589079400 +0.0069851826 +10.8412903886 +0.4433443245 +0.3078601893
+2.3000000000 +0.4768997500 +0.0024236303 +0.0102352500 +0.0033995881 +0.4623927275 +0.0024043605 +0.4450450190 +0.0023250372 -4.8016465000 +0.0008684048 +23.0859741900 +0.0081899813 +10.2156241717 +0.5702283370 +0.3061578163
+2.4000000000 +0.4719090000 +0.0024003073 +0.0077865000 +0.0033656221 +0.4531571150 +0.0023724430 +0.4304908059 +0.0022692177 -4.7376935000 +0.0010174472 +22.4871476500 +0.0094571708 +9.6024587800 +0.7188880217 +0.3012126742
+2.5000000000 +0.4695420000 +0.0023702411 +0.0078840000 +0.0033359003 +0.4451914000 +0.0023312087 +0.4155767366 +0.0021990062 -4.6582475000 +0.0011837552 +21.7553208300 +0.0108032256 +8.9888684094 +0.8968169398 +0.3010655595
+2.6000000000 +0.4641977500 +0.0023286223 +0.0096172500 +0.0032874243 +0.4323788275 +0.0022746007 +0.3939037815 +0.0021067871 -4.5542175000 +0.0013944774 +20.8186797300 +0.0123972098 +8.3422798613 +1.1506315486 +0.2976718813
+2.7000000000 +0.4570320000 +0.0022716925 +0.0126235000 +0.0032215772 +0.4153017300 +0.0021955295 +0.3652895215 +0.0019855725 -4.4235840000 +0.0016544314 +19.6775811400 +0.0142271636 +7.6453141102 +1.5018619333 +0.2940263701
+2.8000000000 +0.4504700000 +0.0021912506 +0.0153205000 +0.0031414633 +0.3949863900 +0.0020924538 +0.3311487596 +0.0018405599 -4.2470470000 +0.0020238305 +18.2012438200 +0.0165585419 +6.8593988964 +2.0897397932 +0.2924818017
+2.9000000000 +0.4356405000 +0.0020657550 +0.0155835000 +0.0030009730 +0.3604763950 +0.0019429305 +0.2809423895 +0.0016503499 -3.9967535000 +0.0025082303 +16.2256873100 +0.0191936945 +5.8859913710 +2.9922564832 +0.2793201909
+3.0000000000 +0.4093452500 +0.0018716074 +0.0101007500 +0.0027729861 +0.3076801025 +0.0017239388 +0.2135456494 +0.0013976867 -3.6413465000 +0.0030511574 +13.6317867900 +0.0214806744 +4.6705522934 +4.1375828549 +0.2480817082
+3.1000000000 +0.3638050000 +0.0016070732 +0.0052655000 +0.0024271059 +0.2356614550 +0.0014286601 +0.1371791130 +0.0010782703 -3.1966700000 +0.0033345836 +10.6634770000 +0.0213959700 +3.3324960315 +4.6282821134 +0.1766402625
+3.2000000000 +0.3114067500 +0.0013270045 +0.0024287500 +0.0020457633 +0.1674117975 +0.0011048151 +0.0768513682 +0.0007477016 -2.7727105000 +0.0031434113 +8.0831648900 +0.0183224313 +2.2011760486 +3.8597790351 +0.0859746724
+3.3000000000 +0.2657587500 +0.0010930053 +0.0004222500 +0.0017205665 +0.1184141375 +0.0008294284 +0.0415399671 +0.0004895206 -2.4387745000 +0.0027254191 +6.2447374300 +0.0143453893 +1.4480734636 +2.7283413053 +0.0124984609
+3.4000000000 +0.2298697500 +0.0009198459 -0.0005942500 +0.0014721108 +0.0866847625 +0.0006246601 +0.0231222573 +0.0003138102 -2.2069970000 +0.0023631111 +5.0942075200 +0.0112776207 +0.9954311922 +1.9322816781 -0.0257073022
+3.5000000000 +0.2039200000 +0.0008015706 -0.0024045000 +0.0012969021 +0.0672839850 +0.0004874769 +0.0140324845 +0.0002065873 -2.0372340000 +0.0020996824 +4.3266690200 +0.0091476044 +0.7343033886 +1.4395644836 -0.0332131026
+3.6000000000 +0.1848805000 +0.0007185068 -0.0015750000 +0.0011707732 +0.0548308800 +0.0003963643 +0.0092906118 +0.0001425906 -1.9068690000 +0.0019301764 +3.7851726200 +0.0077958526 +0.5736133533 +1.1498706546 -0.0300839670
+3.7000000000 +0.1693010000 +0.0006539629 -0.0014625000 +0.0010696657 +0.0457695250 +0.0003314499 +0.0064892102 +0.0001037154 -1.8032155000 +0.0018115983 +3.3828616700 +0.0068782836 +0.4623431459 +0.9589154898 -0.0325658930
+3.8000000000 +0.1580257500 +0.0006038966 -0.0015522500 +0.0009944518 +0.0395597825 +0.0002830283 +0.0047691770 +0.0000763381 -1.7130575000 +0.0017304074 +3.0543383900 +0.0061875752 +0.3838853904 +0.8294486959 -0.0158144705
+3.9000000000 +0.1492872500 +0.0005679387 -0.0009537500 +0.0009379225 +0.0351888575 +0.0002502130 +0.0037425181 +0.0000598857 -1.6376190000 +0.0016727510 +2.7937198200 +0.0057115089 +0.3308249869 +0.7358568760 -0.0074704722
+4.0000000000 +0.1417640000 +0.0005404142 -0.0001580000 +0.0008913319 +0.0317789300 +0.0002267550 +0.0030666144 +0.0000494020 -1.5660465000 +0.0016293056 +2.5586871100 +0.0053123988 +0.2920474576 +0.6636591865 -0.0121837855
+4.1000000000 +0.1359880000 +0.0005145546 +0.0000875000 +0.0008526926 +0.0290833950 +0.0002067014 +0.0025548627 +0.0000418780 -1.5049885000 +0.0015837410 +2.3653198100 +0.0049490504 +0.2583087526 +0.5968436934 -0.0068299127
+4.2000000000 +0.1302775000 +0.0004954074 +0.0000920000 +0.0008183727 +0.0267893650 +0.0001914012 +0.0021830462 +0.0000373502 -1.4486925000 +0.0015488498 +2.1946673900 +0.0046482337 +0.2337413808 +0.5439763631 -0.0139506635
+4.3000000000 +0.1256950000 +0.0004775206 +0.0002275000 +0.0007893069 +0.0249202700 +0.0001763693 +0.0018652647 +0.0000308123 -1.3949855000 +0.0015140519 +2.0376786700 +0.0043866073 +0.2121171390 +0.4959119783 -0.0011835850
+4.4000000000 +0.1216282500 +0.0004611182 -0.0008067500 +0.0007631838 +0.0232986325 +0.0001636879 +0.0016145756 +0.0000250158 -1.3453880000 +0.0014885818 +1.8987039000 +0.0041482003 +0.1933000296 +0.4578255654 +0.0085375386
+4.5000000000 +0.1177410000 +0.0004452875 -0.0006995000 +0.0007381343 +0.0217941800 +0.0001534548 +0.0014169215 +0.0000222798 -1.3036645000 +0.0014657727 +1.7854807100 +0.0039608291 +0.1762497093 +0.4243929948 +0.0056403949
+4.6000000000 +0.1147600000 +0.0004303970 +0.0005075000 +0.0007172737 +0.0205795200 +0.0001442651 +0.0012560137 +0.0000196995 -1.2627695000 +0.0014446700 +1.6780696700 +0.0037709073 +0.1610796174 +0.3945314739 +0.0114409304
+4.7000000000 +0.1117492500 +0.0004216179 +0.0000492500 +0.0006999707 +0.0195983625 +0.0001378295 +0.0011439751 +0.0000178782 -1.2237405000 +0.0014282120 +1.5791323900 +0.0036220122 +0.1512865452 +0.3693597947 +0.0072137702
+4.8000000000 +0.1092917500 +0.0004095290 -0.0003572500 +0.0006828821 +0.0186532475 +0.0001304329 +0.0010284538 +0.0000162983 -1.1887905000 +0.0014082446 +1.4925489700 +0.0034699219 +0.1397616850 +0.3442973833 +0.0147314357
+4.9000000000 +0.1064977500 +0.0004023822 +0.0000787500 +0.0006674246 +0.0178182275 +0.0001252490 +0.0009449816 +0.0000155465 -1.1541820000 +0.0013981204 +1.4103257200 +0.0033453447 +0.1321725866 +0.3256544393 +0.0078597133
+5.0000000000 +0.1035075000 +0.0003947775 +0.0003160000 +0.0006509162 +0.0169477750 +0.0001209758 +0.0008726329 +0.0000145909 -1.1245210000 +0.0013898772 +1.3418178200 +0.0032517969 +0.1246794489 +0.3090813622 -0.0127096004
