# T, am1a, am1e, m1a, m1e, m2a, m2e, m4a, m4e, e1a, e1e, e2a, e2e, susc, spec, bind
+2.0000000000 +0.5116041667 +0.0024683763 +0.0283500000 +0.0035519374 +0.5054540895 +0.0024667900 +0.4988859612 +0.0024430224 -4.9224763889 +0.0008584081 +24.2602483796 +0.0081052299 +4.3868747908 +0.2652712241 +0.3490965119
+2.1000000000 +0.5115673611 +0.0024558084 +0.0286034722 +0.0035430312 +0.5029409529 +0.0024521486 +0.4934709185 +0.0024185587 -4.8917180556 +0.0010282593 +23.9711982253 +0.0096257507 +4.1355392225 +0.3452464511 +0.3497111488
+2.2000000000 +0.5086118056 +0.0024410239 +0.0277159722 +0.0035222922 +0.4970298804 +0.0024356355 +0.4843315056 +0.0023915912 -4.8535097222 +0.0012161252 +23.6157150463 +0.0112652752 +3.9001730997 +0.4400213250 +0.3464836324
+2.3000000000 +0.5068451389 +0.0024208584 +0.0273937500 +0.0035020130 +0.4913142168 +0.0024126394 +0.4742228233 +0.0023546708 -4.8021861111 +0.0014377481 +23.1436762346 +0.0131435500 +3.6692173879 +0.5626942150 +0.3451489402
+2.4000000000 +0.5075506944 +0.0023951458 +0.0251715278 +0.0034872734 +0.4870766397 +0.0023828519 +0.4643629733 +0.0023090096 -4.7392013889 +0.0016888311 +22.5741158179 +0.0151740552 +3.4420339834 +0.7130375841 +0.3475582765
+2.5000000000 +0.5036555556 +0.0023626593 +0.0265986111 +0.0034505355 +0.4769552855 +0.0023458545 +0.4476076685 +0.0022542463 -4.6573458333 +0.0019816787 +21.8479522376 +0.0174279680 +3.2153236827 +0.9047924720 +0.3441252195
+2.6000000000 +0.5001652778 +0.0023212978 +0.0233083333 +0.0034101281 +0.4657022377 +0.0022989418 +0.4282839136 +0.0021878107 -4.5549055556 +0.0023244858 +20.9632939815 +0.0198480388 +2.9843575277 +1.1509847651 +0.3417454671
+2.7000000000 +0.4964500000 +0.0022680256 +0.0213625000 +0.0033606691 +0.4522202160 +0.0022381882 +0.4048825763 +0.0021068634 -4.4244486111 +0.0027381250 +19.8756386574 +0.0225368491 +2.7434348473 +1.4809538027 +0.3400547814
+2.8000000000 +0.4864215278 +0.0022008643 +0.0203159722 +0.0032785107 +0.4303580440 +0.0021645141 +0.3726128890 +0.0020125803 -4.2623694444 +0.0031921982 +18.5753984568 +0.0252051263 +2.4910989595 +1.8716564197 +0.3293795869
+2.9000000000 +0.4720493056 +0.0021110530 +0.0166229167 +0.0031655016 +0.4010923418 +0.0020667160 +0.3317276702 +0.0018942609 -4.0474500000 +0.0037367070 +16.9403706790 +0.0280534526 +2.2129050407 +2.3908074143 +0.3126598648
+3.0000000000 +0.4564569444 +0.0019999498 +0.0143125000 +0.0030337273 +0.3683449074 +0.0019494872 +0.2876979863 +0.0017568703 -3.7895486111 +0.0042187361 +15.0725880401 +0.0300104623 +1.9199035833 +2.8476374566 +0.2931842347
+3.1000000000 +0.4334381944 +0.0018696288 +0.0112812500 +0.0028616511 +0.3276891397 +0.0018042872 +0.2375982618 +0.0015837119 -3.4875180556 +0.0045740263 +12.9996508488 +0.0307060653 +1.6237216017 +3.1349918620 +0.2624390618
+3.2000000000 +0.4046215278 +0.0017224358 +0.0070659722 +0.0026567841 +0.2823899884 +0.0016371139 +0.1869497769 +0.0013920133 -3.1608847222 +0.0047702007 +10.9013847994 +0.0301977940 +1.3350533365 +3.1998957617 +0.2185429650
+3.3000000000 +0.3753166667 +0.0015735552 +0.0047166667 +0.0024488946 +0.2399056327 +0.0014589578 +0.1426970274 +0.0011865373 -2.8554583333 +0.0047178215 +9.0439558642 +0.0281563421 +1.0804694448 +2.9431853580 +0.1735572354
+3.4000000000 +0.3468444444 +0.0014319304 +0.0034083333 +0.0022489244 +0.2023180556 +0.0012840731 +0.1068863429 +0.0009910260 -2.5725236111 +0.0045276307 +7.4378553241 +0.0253291965 +0.8684151556 +2.5535634426 +0.1295743537
+3.5000000000 +0.3202666667 +0.0013071789 +0.0031013889 +0.0020670618 +0.1709194059 +0.0011253941 +0.0798739172 +0.0008188502 -2.3382083333 +0.0042663099 +6.1952742284 +0.0223753885 +0.7030148717 +2.1395931967 +0.0886168809
+3.6000000000 +0.2988687500 +0.0012018831 +0.0030659722 +0.0019176421 +0.1471034529 +0.0009952925 +0.0612637144 +0.0006859581 -2.1432125000 +0.0039925470 +5.2309770833 +0.0196744755 +0.5778092321 +1.7711590644 +0.0562948273
+3.7000000000 +0.2797361111 +0.0011168690 +0.0038263889 +0.0017897870 +0.1281481481 +0.0008859076 +0.0478152365 +0.0005770531 -1.9877888889 +0.0037188105 +4.5044867284 +0.0172319207 +0.4854731963 +1.4546789056 +0.0294444791
+3.8000000000 +0.2623479167 +0.0010380639 +0.0033618056 +0.0016727088 +0.1119294946 +0.0007809814 +0.0369254907 +0.0004699035 -1.8636847222 +0.0034761489 +3.9566652006 +0.0151853774 +0.4083448284 +1.2050138812 +0.0175376070
+3.9000000000 +0.2469715278 +0.0009711893 +0.0006118056 +0.0015710101 +0.0987232832 +0.0006930480 +0.0289589105 +0.0003838150 -1.7469208333 +0.0032743123 +3.4805772377 +0.0134418484 +0.3482616706 +1.0150173721 +0.0095745659
+4.0000000000 +0.2359409722 +0.0009149232 +0.0013256944 +0.0014928979 +0.0891515239 +0.0006244958 +0.0235477946 +0.0003228798 -1.6528472222 +0.0030706116 +3.1090501543 +0.0118457927 +0.3013504339 +0.8485789822 +0.0124219203
+4.1000000000 +0.2251270833 +0.0008753592 +0.0021673611 +0.0014259002 +0.0813323495 +0.0005743154 +0.0198084778 +0.0002791866 -1.5730472222 +0.0029506338 +2.8227271605 +0.0107764378 +0.2691232322 +0.7458052051 +0.0018329920
+4.2000000000 +0.2161395833 +0.0008336866 +0.0023548611 +0.0013648453 +0.0745176505 +0.0005294999 +0.0167676857 +0.0002461643 -1.5007291667 +0.0028438809 +2.5756943673 +0.0098735634 +0.2382971227 +0.6602170114 -0.0065458524
+4.3000000000 +0.2091562500 +0.0008052007 +0.0011118056 +0.0013198393 +0.0696802662 +0.0004928250 +0.0145703998 +0.0002113319 -1.4414638889 +0.0027528187 +2.3809385802 +0.0091652790 +0.2171212685 +0.5901749996 -0.0003007893
+4.4000000000 +0.2029319444 +0.0007794159 +0.0014000000 +0.0012794431 +0.0654809414 +0.0004652831 +0.0129472890 +0.0001953506 -1.3847138889 +0.0026946406 +2.2078760802 +0.0086167937 +0.1988146414 +0.5400809371 -0.0065323964
+4.5000000000 +0.1972652778 +0.0007564210 +0.0006972222 +0.0012429804 +0.0618005015 +0.0004391800 +0.0115344643 +0.0001769995 -1.3346805556 +0.0026206815 +2.0560910494 +0.0080156792 +0.1830952938 +0.4883890916 -0.0066817063
+4.6000000000 +0.1914895833 +0.0007323483 +0.0003368056 +0.0012054202 +0.0581216242 +0.0004130990 +0.0102041530 +0.0001594661 -1.2882097222 +0.0025640802 +1.9224645833 +0.0076305757 +0.1678958899 +0.4474144904 -0.0068858135
+4.7000000000 +0.1855444444 +0.0007063984 +0.0002180556 +0.0011660472 +0.0543866898 +0.0003845527 +0.0088731431 +0.0001376566 -1.2440819444 +0.0024957619 +1.7968929784 +0.0070807175 +0.1528847154 +0.4060439738 +0.0000668297
+4.8000000000 +0.1802340278 +0.0006877997 -0.0003229167 +0.0011336549 +0.0514070409 +0.0003639038 +0.0079397218 +0.0001264254 -1.2045833333 +0.0024501330 +1.6911470679 +0.0067307624 +0.1419205209 +0.3751969702 -0.0014720227
+4.9000000000 +0.1775347222 +0.0006768960 -0.0002000000 +0.0011163116 +0.0498461034 +0.0003540778 +0.0074994787 +0.0001177311 -1.1704736111 +0.0024364988 +1.6074695216 +0.0064958982 +0.1346512100 +0.3560432196 -0.0061144605
+5.0000000000 +0.1734798611 +0.0006576035 +0.0013868056 +0.0010884741 +0.0473929591 +0.0003338506 +0.0067043413 +0.0001057438 -1.1344013889 +0.0023730015 +1.5121119599 +0.0061052573 +0.1245434176 +0.3243534462 +0.0050363675
