# T, am1a, am1e, m1a, m1e, m2a, m2e, m4a, m4e, e1a, e1e, e2a, e2e, susc, spec, bind
+2.0000000000 +0.4846827500 +0.0024685267 -0.0215732500 +0.0034575892 +0.4786623325 +0.0024638695 +0.4719437469 +0.0024325788 -4.9212250000 +0.0005175886 +24.2291714200 +0.0050207834 +12.1872482176 +0.2678979842 +0.3133894441
+2.1000000000 +0.4847432500 +0.0024574598 -0.0204102500 +0.0034500862 +0.4765403725 +0.0024497500 +0.4671417276 +0.0024063938 -4.8919685000 +0.0006143628 +23.9464534700 +0.0059197844 +11.5030644800 +0.3423506802 +0.3143096968
+2.2000000000 +0.4830052500 +0.0024426507 -0.0196317500 +0.0034335490 +0.4719557675 +0.0024300370 +0.4589454348 +0.0023702873 -4.8514865000 +0.0007326392 +23.5583916700 +0.0069931586 +10.8482589078 +0.4436035187 +0.3131890603
+2.3000000000 +0.4800947500 +0.0024242672 -0.0156092500 +0.0034107557 +0.4655738225 +0.0024050932 +0.4481379204 +0.0023256641 -4.8012860000 +0.0008669493 +23.0824113000 +0.0081767611 +10.2209936314 +0.5683184536 +0.3108506789
+2.4000000000 +0.4776180000 +0.0023999212 -0.0169865000 +0.0033845800 +0.4585038250 +0.0023709778 +0.4350871805 +0.0022658818 -4.7360090000 +0.0010218629 +22.4715494000 +0.0094981864 +9.5993696282 +0.7251415262 +0.3101270660
+2.5000000000 +0.4737547500 +0.0023695802 -0.0160092500 +0.0033495660 +0.4490399825 +0.0023289155 +0.4185908016 +0.0021946019 -4.6570355000 +0.0011915595 +21.7447722100 +0.0108569719 +8.9838567741 +0.9086809877 +0.3080122580
+2.6000000000 +0.4724702500 +0.0023295814 -0.0153672500 +0.0033168885 +0.4403061125 +0.0022722663 +0.4003972414 +0.0021020212 -4.5553785000 +0.0013963119 +20.8294607500 +0.0124247905 +8.3491528987 +1.1536608244 +0.3115690404
+2.7000000000 +0.4699602500 +0.0022759759 -0.0172587500 +0.0032701966 +0.4280652975 +0.0022000891 +0.3768555731 +0.0019923147 -4.4257265000 +0.0016659251 +19.6980673100 +0.0143285795 +7.6741726267 +1.5228018819 +0.3144586681
+2.8000000000 +0.4600057500 +0.0021983782 -0.0199497500 +0.0031801020 +0.4049199525 +0.0020999513 +0.3403519918 +0.0018493732 -4.2542750000 +0.0020053605 +18.2597146000 +0.0164574409 +6.9040950881 +2.0517707190 +0.3080596015
+2.9000000000 +0.4471007500 +0.0020791624 -0.0228032500 +0.0030508021 +0.3728157325 +0.0019554020 +0.2919354447 +0.0016637024 -4.0135030000 +0.0024614275 +16.3505513400 +0.0189419158 +5.9626431672 +2.8816291200 +0.2998725418
+3.0000000000 +0.4181877500 +0.0018973749 -0.0235027500 +0.0028210365 +0.3188822475 +0.0017506600 +0.2242783009 +0.0014239148 -3.6779970000 +0.0029780172 +13.8824053800 +0.0211039924 +4.8000417750 +3.9415938666 +0.2648003054
+3.1000000000 +0.3719282500 +0.0016309029 -0.0152582500 +0.0024723045 +0.2447243975 +0.0014582328 +0.1449477412 +0.0011078446 -3.2296780000 +0.0033132075 +10.8699137400 +0.0214051788 +3.4320572372 +4.5691337806 +0.1932561541
+3.2000000000 +0.3178525000 +0.0013504903 -0.0087115000 +0.0020851096 +0.1739831700 +0.0011344445 +0.0817487209 +0.0007785950 -2.7962425000 +0.0031746603 +8.2221108300 +0.0185990836 +2.2797799451 +3.9369014765 +0.0997870998
+3.3000000000 +0.2689562500 +0.0011073284 -0.0025237500 +0.0017419683 +0.1213845125 +0.0008441265 +0.0432361835 +0.0005008629 -2.4578195000 +0.0027574729 +6.3450229700 +0.0145824348 +1.4862741844 +2.7928950911 +0.0218633325
+3.4000000000 +0.2336772500 +0.0009346774 -0.0008802500 +0.0014962383 +0.0895499325 +0.0006384703 +0.0243249622 +0.0003215472 -2.2224225000 +0.0023829654 +5.1663027300 +0.0114304789 +1.0277904510 +1.9648872102 -0.0111146275
+3.5000000000 +0.2070575000 +0.0008105336 -0.0007005000 +0.0013148280 +0.0691513950 +0.0004965410 +0.0146440360 +0.0002119117 -2.0495790000 +0.0021299764 +4.3822460600 +0.0093590312 +0.7508167627 +1.4814039409 -0.0207928999
+3.6000000000 +0.1869497500 +0.0007234187 -0.0001017500 +0.0011819854 +0.0558835925 +0.0004016316 +0.0095752945 +0.0001458709 -1.9177570000 +0.0019433541 +3.8288569200 +0.0079149887 +0.5814828743 +1.1656250691 -0.0220267193
+3.7000000000 +0.1720462500 +0.0006588680 +0.0014647500 +0.0010835364 +0.0469641925 +0.0003355359 +0.0067090093 +0.0001031752 -1.8111270000 +0.0018189494 +3.4125240800 +0.0069253122 +0.4693048746 +0.9667134395 -0.0139193705
+3.8000000000 +0.1604032500 +0.0006144456 +0.0009022500 +0.0010103233 +0.0408309375 +0.0002932319 +0.0051065638 +0.0000810216 -1.7205470000 +0.0017466276 +3.0823103000 +0.0063088336 +0.3974140760 +0.8450714736 -0.0210071916
+3.9000000000 +0.1504642500 +0.0005757764 +0.0012137500 +0.0009473483 +0.0359002275 +0.0002581808 +0.0039551188 +0.0000630279 -1.6434335000 +0.0016908668 +2.8152348900 +0.0058027156 +0.3400188967 +0.7518817954 -0.0229251909
+4.0000000000 +0.1425832500 +0.0005432701 +0.0020057500 +0.0008962652 +0.0321356775 +0.0002304876 +0.0031576828 +0.0000524138 -1.5700905000 +0.0016291730 +2.5713523700 +0.0053264894 +0.2951423580 +0.6635511988 -0.0192302865
+4.1000000000 +0.1354147500 +0.0005188958 +0.0020897500 +0.0008529786 +0.0291072675 +0.0002084743 +0.0025856940 +0.0000419036 -1.5069030000 +0.0015873469 +2.3715434600 +0.0049716828 +0.2626856825 +0.5995645960 -0.0173092603
+4.2000000000 +0.1300982500 +0.0004918975 +0.0018367500 +0.0008154862 +0.0266040825 +0.0001885480 +0.0021297905 +0.0000352504 -1.4486975000 +0.0015442048 +2.1941071900 +0.0046489212 +0.2304411392 +0.5407185005 -0.0030418698
+4.3000000000 +0.1252495000 +0.0004739554 +0.0020340000 +0.0007853128 +0.0246727850 +0.0001740056 +0.0018198647 +0.0000289932 -1.3960790000 +0.0015093570 +2.0401629200 +0.0043584819 +0.2089615756 +0.4928412426 +0.0034903480
+4.4000000000 +0.1211577500 +0.0004572184 +0.0017762500 +0.0007589136 +0.0230411475 +0.0001626690 +0.0015893430 +0.0000258262 -1.3483310000 +0.0014871783 +1.9064644600 +0.0041517759 +0.1900442526 +0.4569626779 +0.0020973469
+4.5000000000 +0.1170820000 +0.0004427937 +0.0006370000 +0.0007340034 +0.0215508450 +0.0001517099 +0.0013850741 +0.0000217452 -1.3030455000 +0.0014692481 +1.7842751700 +0.0039573652 +0.1742811172 +0.4264078762 +0.0059158236
+4.6000000000 +0.1148345000 +0.0004320666 +0.0005145000 +0.0007185743 +0.0206542250 +0.0001449473 +0.0012669862 +0.0000200364 -1.2638810000 +0.0014392729 +1.6802554400 +0.0037613858 +0.1623317959 +0.3915891202 +0.0100054456
+4.7000000000 +0.1113772500 +0.0004213014 +0.0006747500 +0.0006982878 +0.0195046875 +0.0001379524 +0.0011416670 +0.0000189799 -1.2254340000 +0.0014303924 +1.5835293800 +0.0036311243 +0.1510594826 +0.3704884185 -0.0003229000
+4.8000000000 +0.1088732500 +0.0004111889 -0.0004287500 +0.0006822070 +0.0186164375 +0.0001320548 +0.0010441106 +0.0000175440 -1.1880910000 +0.0014176822 +1.4919531400 +0.0034973825 +0.1408969361 +0.3489275856 -0.0042274644
+4.9000000000 +0.1064615000 +0.0004028025 -0.0004355000 +0.0006675301 +0.0178240450 +0.0001259594 +0.0009523275 +0.0000154669 -1.1559075000 +0.0014086703 +1.4154962300 +0.0033851094 +0.1324488575 +0.3305875945 +0.0007997515
+5.0000000000 +0.1041110000 +0.0003958865 -0.0006610000 +0.0006539822 +0.0171081450 +0.0001224781 +0.0008927240 +0.0000150222 -1.1234165000 +0.0013888976 +1.3392260900 +0.0032390578 +0.1253808936 +0.3086458301 -0.0166936899
