# T, am1a, am1e, m1a, m1e, m2a, m2e, m4a, m4e, e1a, e1e, e2a, e2e, susc, spec, bind
+2.0000000000 +0.4949449219 +0.0024691965 -0.0092292969 +0.0034955777 +0.4888477234 +0.0024660328 +0.4822248041 +0.0024375153 -4.9227593750 +0.0006405411 +24.2499715820 +0.0061616263 +7.8040719264 +0.2625874861 +0.3273624677
+2.1000000000 +0.4932363281 +0.0024576027 -0.0075636719 +0.0034814412 +0.4848745178 +0.0024523544 +0.4756649835 +0.0024130332 -4.8931632812 +0.0007661717 +23.9665276611 +0.0073175592 +7.3628172934 +0.3407639243 +0.3255943417
+2.2000000000 +0.4891734375 +0.0024418974 -0.0052625000 +0.0034560724 +0.4778051636 +0.0024335849 +0.4651912026 +0.0023800363 -4.8520609375 +0.0009131696 +23.5758504883 +0.0086411773 +6.9386039744 +0.4410597959 +0.3207829790
+2.3000000000 +0.4848308594 +0.0024223706 -0.0023089844 +0.0034269914 +0.4697761414 +0.0024084951 +0.4527235728 +0.0023368163 -4.8026578125 +0.0010730338 +23.1115781250 +0.0100295800 +6.5312049852 +0.5571999822 +0.3161986705
+2.4000000000 +0.4828093750 +0.0023978552 +0.0000398438 +0.0034025478 +0.4630932739 +0.0023763514 +0.4403372171 +0.0022830223 -4.7385664063 +0.0012661733 +22.5181393799 +0.0116504406 +6.1330235023 +0.7125310382 +0.3155729079
+2.5000000000 +0.4807730469 +0.0023665487 -0.0010878906 +0.0033732908 +0.4551648254 +0.0023350960 +0.4252819521 +0.0022152092 -4.6563703125 +0.0014812313 +21.7695463379 +0.0133618599 +5.7349658327 +0.8986813518 +0.3157444761
+2.6000000000 +0.4772976562 +0.0023253105 -0.0037125000 +0.0033319740 +0.4440958130 +0.0022830834 +0.4057198876 +0.0021352052 -4.5551085937 +0.0017422396 +20.8704302490 +0.0153021182 +5.3238833311 +1.1495001010 +0.3142723135
+2.7000000000 +0.4721902344 +0.0022693749 -0.0009816406 +0.0032747716 +0.4289661194 +0.0022122681 +0.3797771349 +0.0020316310 -4.4240406250 +0.0020704157 +19.7436002930 +0.0175431552 +4.8830222683 +1.5053154793 +0.3120425549
+2.8000000000 +0.4640218750 +0.0021947308 -0.0036234375 +0.0031936535 +0.4079900269 +0.0021215605 +0.3464966283 +0.0019095610 -4.2535460937 +0.0024783188 +18.3383369385 +0.0200347002 +4.4039708886 +2.0055719740 +0.3061291162
+2.9000000000 +0.4535359375 +0.0020882260 -0.0033960937 +0.0030826564 +0.3801223633 +0.0019997329 +0.3044502842 +0.0017566666 -4.0218093750 +0.0029754213 +16.5290759277 +0.0226584302 +3.8494348508 +2.6948891616 +0.2976585698
+3.0000000000 +0.4286164063 +0.0019329350 -0.0062546875 +0.0028858379 +0.3331615356 +0.0018271239 +0.2445318819 +0.0015544237 -3.7081328125 +0.0035053813 +14.2417568848 +0.0248836014 +3.1882562547 +3.4951674996 +0.2656475892
+3.1000000000 +0.3970613281 +0.0017412422 -0.0040199219 +0.0026406368 +0.2789346741 +0.0016120722 +0.1817556237 +0.0013092409 -3.3307460938 +0.0038413559 +11.6841101318 +0.0252399670 +2.5037827258 +3.9308426443 +0.2213153853
+3.2000000000 +0.3578621094 +0.0015340902 -0.0028191406 +0.0023568764 +0.2222025940 +0.0013734378 +0.1248272496 +0.0010504177 -2.9553187500 +0.0038731799 +9.3339698242 +0.0235842837 +1.8827460934 +3.7503806882 +0.1572671996
+3.3000000000 +0.3175625000 +0.0013248021 +0.0003039062 +0.0020679088 +0.1710499634 +0.0011221283 +0.0796249652 +0.0007860783 -2.6084820312 +0.0035912567 +7.3200635010 +0.0201455829 +1.3615325473 +3.0318310002 +0.0928438903
+3.4000000000 +0.2834023438 +0.0011562312 -0.0003492187 +0.0018288766 +0.1337917114 +0.0009176832 +0.0515859202 +0.0005850773 -2.3403796875 +0.0032465280 +5.8989748535 +0.0167594801 +1.0065849032 +2.3341053113 +0.0393802548
+3.5000000000 +0.2556023438 +0.0010247019 +0.0004492188 +0.0016380851 +0.1073331177 +0.0007582782 +0.0345198339 +0.0004375615 -2.1380562500 +0.0029244881 +4.9133897461 +0.0139180051 +0.7680102317 +1.7873252202 +0.0011967324
+3.6000000000 +0.2332472656 +0.0009197035 -0.0003027344 +0.0014852473 +0.0882384705 +0.0006279161 +0.0235571748 +0.0003210091 -1.9779812500 +0.0026556030 +4.1944989258 +0.0116768217 +0.6014965962 +1.3930325947 -0.0085234633
+3.7000000000 +0.2155605469 +0.0008379647 -0.0022871094 +0.0013651787 +0.0745537415 +0.0005281060 +0.0167140993 +0.0002365862 -1.8483054688 +0.0024343117 +3.6532680420 +0.0098737224 +0.4858359712 +1.1081253408 -0.0023579437
+3.8000000000 +0.2010277344 +0.0007776399 -0.0009527344 +0.0012708284 +0.0646011047 +0.0004606468 +0.0126611231 +0.0001891846 -1.7475859375 +0.0023085935 +3.2672407715 +0.0088102577 +0.4073929221 +0.9448605542 -0.0112792251
+3.9000000000 +0.1891707031 +0.0007283804 -0.0007753906 +0.0011938014 +0.0570070740 +0.0004057766 +0.0098359910 +0.0001491293 -1.6599570313 +0.0021946026 +2.9481085693 +0.0078881846 +0.3482505691 +0.8106297383 -0.0088796609
+4.0000000000 +0.1793382813 +0.0006840820 -0.0014710937 +0.0011278163 +0.0508809448 +0.0003598626 +0.0077689143 +0.0001179605 -1.5838210937 +0.0021068879 +2.6860483154 +0.0071682091 +0.2994996112 +0.7102362337 -0.0002964817
+4.1000000000 +0.1700300781 +0.0006491789 -0.0003449219 +0.0010696663 +0.0457675598 +0.0003259190 +0.0063435961 +0.0000999256 -1.5154265625 +0.0020434460 +2.4635445313 +0.0066561261 +0.2631388464 +0.6359142983 -0.0094824097
+4.2000000000 +0.1631855469 +0.0006229914 -0.0002285156 +0.0010265744 +0.0421542542 +0.0002993081 +0.0053603941 +0.0000832310 -1.4559937500 +0.0019723267 +2.2755207031 +0.0061316770 +0.2365673363 +0.5645456801 -0.0055244849
+4.3000000000 +0.1562410156 +0.0005985462 -0.0004949219 +0.0009841407 +0.0387415588 +0.0002777775 +0.0045873227 +0.0000760305 -1.4026625000 +0.0019366544 +2.1174873047 +0.0058031642 +0.2132882437 +0.5192868475 -0.0187880795
+4.4000000000 +0.1508417969 +0.0005784357 -0.0008574219 +0.0009504739 +0.0361367615 +0.0002603150 +0.0040164207 +0.0000657841 -1.3549078125 +0.0018997624 +1.9801390625 +0.0054829767 +0.1946692915 +0.4772359740 -0.0252257068
+4.5000000000 +0.1468683594 +0.0005620116 -0.0012207031 +0.0009247041 +0.0342045959 +0.0002450770 +0.0035724644 +0.0000583767 -1.3095937500 +0.0018554275 +1.8527402344 +0.0051568326 +0.1796875515 +0.4352140463 -0.0178358145
+4.6000000000 +0.1421000000 +0.0005380107 -0.0011617187 +0.0008911970 +0.0317706299 +0.0002240660 +0.0030175959 +0.0000470170 -1.2640039062 +0.0018123371 +1.7290885010 +0.0048598748 +0.1610882766 +0.3973765625 +0.0034750580
+4.7000000000 +0.1389453125 +0.0005260992 -0.0002468750 +0.0008714493 +0.0303770142 +0.0002142102 +0.0027582039 +0.0000432631 -1.2276984375 +0.0018110423 +1.6384384277 +0.0047102208 +0.1507569606 +0.3801031396 +0.0036430659
+4.8000000000 +0.1355496094 +0.0005143617 -0.0000402344 +0.0008508292 +0.0289564148 +0.0002055275 +0.0025281354 +0.0000409761 -1.1888343750 +0.0017771312 +1.5396549805 +0.0044864131 +0.1411029092 +0.3509105814 -0.0050542156
+4.9000000000 +0.1324457031 +0.0005023398 -0.0008003906 +0.0008311894 +0.0276356750 +0.0001967758 +0.0023125598 +0.0000373580 -1.1558359375 +0.0017648797 +1.4605487305 +0.0043384872 +0.1318375285 +0.3321069982 -0.0093262165
+5.0000000000 +0.1296210937 +0.0004886329 -0.0002492187 +0.0008116657 +0.0263521118 +0.0001855350 +0.0020713628 +0.0000334916 -1.1259601562 +0.0017366886 +1.3884297607 +0.0041546729 +0.1222461936 +0.3088473274 +0.0057306078
