# T, am1a, am1e, m1a, m1e, m2a, m2e, m4a, m4e, e1a, e1e, e2a, e2e, susc, spec, bind
+2.0000000000 +0.4914863281 +0.0024687251 -0.0053355469 +0.0034832258 +0.4853429504 +0.0024646779 +0.4785432595 +0.0024352395 -4.9219000000 +0.0006483029 +24.2419114746 +0.0062343890 +7.8010924706 +0.2689898337 +0.3228225358
+2.1000000000 +0.4925097656 +0.0024568686 -0.0030597656 +0.0034785221 +0.4840139954 +0.0024502649 +0.4744214685 +0.0024092898 -4.8909234375 +0.0007743423 +23.9451163086 +0.0073918182 +7.3584190819 +0.3480705612 +0.3249635257
+2.2000000000 +0.4930535156 +0.0024413975 -0.0043417969 +0.0034695093 +0.4815186462 +0.0024314580 +0.4683397300 +0.0023762964 -4.8516742188 +0.0009193255 +23.5725490967 +0.0086917397 +6.9357636937 +0.4470264039 +0.3266923826
+2.3000000000 +0.4959980469 +0.0024226718 -0.0035589844 +0.0034668968 +0.4807876160 +0.0024075545 +0.4630094702 +0.0023348897 -4.8028351562 +0.0010667822 +23.1127465088 +0.0099814599 +6.5328293138 +0.5507262993 +0.3323296754
+2.4000000000 +0.4963347656 +0.0023976791 -0.0029925781 +0.0034507023 +0.4763028015 +0.0023756857 +0.4526196653 +0.0022812060 -4.7367015625 +0.0012659732 +22.5004492187 +0.0116392332 +6.1321227186 +0.7123058507 +0.3349628712
+2.5000000000 +0.4960109375 +0.0023672974 -0.0031234375 +0.0034284872 +0.4701907349 +0.0023365601 +0.4394598431 +0.0022180082 -4.6577414063 +0.0014807666 +21.7822617920 +0.0133367661 +5.7385954494 +0.8981174732 +0.3374024779
+2.6000000000 +0.4923953125 +0.0023257804 -0.0084085938 +0.0033865640 +0.4588233276 +0.0022841739 +0.4192168623 +0.0021379885 -4.5555007813 +0.0017505713 +20.8751673584 +0.0153482283 +5.3260352951 +1.1605206194 +0.3362164159
+2.7000000000 +0.4866656250 +0.0022704703 -0.0083859375 +0.0033278166 +0.4430448486 +0.0022151345 +0.3925615666 +0.0020378165 -4.4235531250 +0.0020880746 +19.7422244629 +0.0176585132 +4.8877373174 +1.5311031062 +0.3333603501
+2.8000000000 +0.4749210938 +0.0021913318 -0.0067109375 +0.0032310308 +0.4176274414 +0.0021205495 +0.3542818928 +0.0019105024 -4.2451062500 +0.0025246728 +18.2758859863 +0.0203184196 +4.3903404827 +2.0812972452 +0.3229049379
+2.9000000000 +0.4587250000 +0.0020786645 -0.0080101563 +0.0030951506 +0.3832624634 +0.0019904893 +0.3053720147 +0.0017467283 -4.0078710938 +0.0030169062 +16.4270996338 +0.0228719170 +3.8142640056 +2.7705602258 +0.3070284479
+3.0000000000 +0.4346503906 +0.0019268198 -0.0086285156 +0.0029041001 +0.3374263367 +0.0018216942 +0.2465993261 +0.0015474663 -3.6951929687 +0.0035252122 +14.1515359131 +0.0249113440 +3.1681146581 +3.5348255060 +0.2780407638
+3.1000000000 +0.3974769531 +0.0017311591 -0.0080527344 +0.0026353347 +0.2778643982 +0.0016038186 +0.1800979840 +0.0013020661 -3.3188796875 +0.0038568444 +11.6099723145 +0.0252991093 +2.4748690566 +3.9626051820 +0.2224617099
+3.2000000000 +0.3564406250 +0.0015169598 -0.0045992188 +0.0023402748 +0.2190966064 +0.0013589955 +0.1218780725 +0.0010380878 -2.9301898438 +0.0038704607 +9.1852311768 +0.0234857970 +1.8409337459 +3.7451166021 +0.1536830856
+3.3000000000 +0.3159816406 +0.0013111153 -0.0024605469 +0.0020530421 +0.1686053284 +0.0011088289 +0.0776078183 +0.0007749857 -2.5894179687 +0.0035800674 +7.2177607178 +0.0199763891 +1.3335453315 +3.0129677922 +0.0899995031
+3.4000000000 +0.2815703125 +0.0011487791 -0.0004945312 +0.0018170672 +0.1320695801 +0.0009073563 +0.0503741944 +0.0005747887 -2.3293117188 +0.0032423306 +5.8462013916 +0.0166693734 +0.9936515614 +2.3280736803 +0.0373215156
+3.5000000000 +0.2531257813 +0.0010133587 +0.0001984375 +0.0016213302 +0.1051484985 +0.0007406778 +0.0330003531 +0.0004193634 -2.1258992187 +0.0029171615 +4.8598407471 +0.0137606639 +0.7511010268 +1.7783811071 +0.0050730822
+3.6000000000 +0.2300667969 +0.0009082427 -0.0006246094 +0.0014656614 +0.0859269226 +0.0006103493 +0.0222844876 +0.0003031093 -1.9716742188 +0.0026473342 +4.1678343506 +0.0115650684 +0.5865989615 +1.3843709911 -0.0060576815
+3.7000000000 +0.2135519531 +0.0008315459 -0.0001800781 +0.0013533583 +0.0732631775 +0.0005226276 +0.0162930773 +0.0002344506 -1.8463101562 +0.0024460400 +3.6481856689 +0.0099322690 +0.4784214626 +1.1188288134 -0.0118365499
+3.8000000000 +0.1988003906 +0.0007723996 -0.0003714844 +0.0012588239 +0.0633856384 +0.0004551030 +0.0123024902 +0.0001849716 -1.7416921875 +0.0023198049 +3.2487514648 +0.0088467357 +0.4019207261 +0.9540600060 -0.0206810083
+3.9000000000 +0.1870648437 +0.0007238583 +0.0006140625 +0.0011827057 +0.0559520874 +0.0004017762 +0.0095875994 +0.0001463009 -1.6579070312 +0.0021927986 +2.9409903564 +0.0078567497 +0.3439398012 +0.8092975976 -0.0208361477
+4.0000000000 +0.1777488281 +0.0006829035 +0.0001300781 +0.0011208135 +0.0502489319 +0.0003583763 +0.0076622976 +0.0001160292 -1.5842531250 +0.0021021281 +2.6866156738 +0.0071705785 +0.2984685758 +0.7070308390 -0.0115424003
+4.1000000000 +0.1689750000 +0.0006442400 +0.0008312500 +0.0010624696 +0.0451543579 +0.0003200492 +0.0061361749 +0.0000937004 -1.5171906250 +0.0020359195 +2.4676661133 +0.0066016820 +0.2591501625 +0.6312384369 -0.0031760051
+4.2000000000 +0.1630625000 +0.0006223452 +0.0010546875 +0.0010256804 +0.0420819214 +0.0002989179 +0.0053449650 +0.0000835146 -1.4576226563 +0.0019710963 +2.2800726318 +0.0061242197 +0.2360768378 +0.5638415377 -0.0060799353
+4.3000000000 +0.1567417969 +0.0005967548 -0.0002542969 +0.0009850454 +0.0388126404 +0.0002755700 +0.0045439747 +0.0000720482 -1.4010101562 +0.0019294924 +2.1117470947 +0.0057645897 +0.2120133878 +0.5154531507 -0.0054680362
+4.4000000000 +0.1516949219 +0.0005796872 +0.0000582031 +0.0009546313 +0.0364528381 +0.0002603098 +0.0040392564 +0.0000645176 -1.3512101563 +0.0018869090 +1.9681859131 +0.0054297365 +0.1955125645 +0.4708000884 -0.0132520136
+4.5000000000 +0.1470828125 +0.0005611047 -0.0002468750 +0.0009250247 +0.0342268921 +0.0002439775 +0.0035524813 +0.0000569768 -1.3088054687 +0.0018569160 +1.8508972412 +0.0051917724 +0.1791081011 +0.4359126477 -0.0108241698
+4.6000000000 +0.1432953125 +0.0005422063 +0.0000335938 +0.0008985134 +0.0322930542 +0.0002285572 +0.0031323778 +0.0000509206 -1.2639632812 +0.0018287307 +1.7313734131 +0.0049122625 +0.1636105407 +0.4045980695 -0.0012318267
+4.7000000000 +0.1389433594 +0.0005257522 +0.0002332031 +0.0008712321 +0.0303618713 +0.0002144383 +0.0027611952 +0.0000448983 -1.2264375000 +0.0018045548 +1.6344056641 +0.0047062919 +0.1505581511 +0.3773848008 +0.0015673148
+4.8000000000 +0.1359246094 +0.0005127059 +0.0008902344 +0.0008513137 +0.0289901917 +0.0002029615 +0.0024881664 +0.0000386321 -1.1879031250 +0.0017697934 +1.5364005859 +0.0044350838 +0.1401958962 +0.3480187543 +0.0131389673
+4.9000000000 +0.1335160156 +0.0005058217 +0.0011542969 +0.0008375473 +0.0280607483 +0.0001970899 +0.0023411829 +0.0000369233 -1.1547039062 +0.0017551193 +1.4565588623 +0.0042999720 +0.1336714692 +0.3284438183 +0.0089042882
+5.0000000000 +0.1308839844 +0.0004935983 +0.0003519531 +0.0008196961 +0.0268761902 +0.0001880714 +0.0021371632 +0.0000335091 -1.1271507812 +0.0017438483 +1.3921091553 +0.0041742750 +0.1247433321 +0.3113990953 +0.0137635988
