# T, am1a, am1e, m1a, m1e, m2a, m2e, m4a, m4e, e1a, e1e, e2a, e2e, susc, spec, bind
+2.0000000000 +0.4954308594 +0.0024689948 +0.0237855469 +0.0034954377 +0.4892891541 +0.0024658045 +0.4826115474 +0.0024371012 -4.9219031250 +0.0006449757 +24.2417701172 +0.0062052192 +7.8027973642 +0.2662359248 +0.3280371300
+2.1000000000 +0.4958167969 +0.0024570533 +0.0245535156 +0.0034882512 +0.4873187317 +0.0024510808 +0.4777914345 +0.0024107576 -4.8909000000 +0.0007796479 +23.9452168457 +0.0074348181 +7.3595256572 +0.3528567540 +0.3293577741
+2.2000000000 +0.4944222656 +0.0024419203 +0.0232417969 +0.0034728669 +0.4829723572 +0.0024326181 +0.4699675318 +0.0023782245 -4.8517578125 +0.0009185365 +23.5733022461 +0.0086840016 +6.9387339762 +0.4462595033 +0.3284133553
+2.3000000000 +0.4930433594 +0.0024232733 +0.0233457031 +0.0034548404 +0.4779819031 +0.0024096654 +0.4607261861 +0.0023387043 -4.8026960937 +0.0010747979 +23.1120973877 +0.0100468594 +6.5360737072 +0.5590335731 +0.3277996506
+2.4000000000 +0.4890589844 +0.0023990236 +0.0252074219 +0.0034232873 +0.4693912537 +0.0023789749 +0.4467090089 +0.0022868916 -4.7394500000 +0.0012627971 +22.5261725586 +0.0116156731 +6.1390016924 +0.7087361788 +0.3241762180
+2.5000000000 +0.4869332031 +0.0023676103 +0.0242714844 +0.0033938842 +0.4613270935 +0.0023372303 +0.4313285154 +0.0022191848 -4.6606445312 +0.0014756681 +21.8087113037 +0.0133140044 +5.7401126195 +0.8919434961 +0.3244321191
+2.6000000000 +0.4821843750 +0.0023246695 +0.0266367187 +0.0033464750 +0.4486653076 +0.0022819583 +0.4095939111 +0.0021336885 -4.5565429687 +0.0017420434 +20.8834724365 +0.0152932852 +5.3209485815 +1.1492412824 +0.3217539739
+2.7000000000 +0.4756609375 +0.0022687437 +0.0240601562 +0.0032846703 +0.4321412476 +0.0022128545 +0.3826150610 +0.0020343304 -4.4249757812 +0.0020719281 +19.7521260986 +0.0175558342 +4.8803062541 +1.5075154698 +0.3170492854
+2.8000000000 +0.4676691406 +0.0021931634 +0.0253238281 +0.0032034035 +0.4111130554 +0.0021199522 +0.3487818446 +0.0019085406 -4.2496507812 +0.0024821224 +18.3059690186 +0.0200514642 +4.3976829789 +2.0117327018 +0.3121241250
+2.9000000000 +0.4553515625 +0.0020823387 +0.0179218750 +0.0030841094 +0.3807904297 +0.0019911290 +0.3035851441 +0.0017459090 -4.0173531250 +0.0029762147 +16.4934402832 +0.0226719103 +3.8277602034 +2.6963264857 +0.3021096211
+3.0000000000 +0.4319285156 +0.0019279406 +0.0082511719 +0.0028947036 +0.3352404480 +0.0018213366 +0.2450768412 +0.0015474475 -3.6994289063 +0.0035292832 +14.1840078369 +0.0249819757 +3.1718017149 +3.5429945210 +0.2731108360
+3.1000000000 +0.4000187500 +0.0017336406 +0.0039632812 +0.0026467890 +0.2802353882 +0.0016066555 +0.1817855445 +0.0013052999 -3.3192179687 +0.0038475899 +11.6093658447 +0.0252569402 +2.4819692972 +3.9436115423 +0.2284001471
+3.2000000000 +0.3570593750 +0.0015234282 +0.0014632812 +0.0023469267 +0.2203247314 +0.0013604142 +0.1225720558 +0.0010326984 -2.9379882812 +0.0038480558 +9.2240764893 +0.0233256477 +1.8566666834 +3.7018834281 +0.1583263778
+3.3000000000 +0.3175488281 +0.0013248920 +0.0003128906 +0.0020679139 +0.1710508118 +0.0011226941 +0.0796760608 +0.0007852076 -2.6079679688 +0.0036177251 +7.3250143311 +0.0202503292 +1.3617174017 +3.0766863105 +0.0922707702
+3.4000000000 +0.2816875000 +0.0011534492 -0.0001781250 +0.0018204781 +0.1325656494 +0.0009121756 +0.0508562219 +0.0005776992 -2.3412195313 +0.0032669324 +5.9082227783 +0.0168127494 +1.0017468566 +2.3635370786 +0.0353698506
+3.5000000000 +0.2524433594 +0.0010142631 +0.0008003906 +0.0016192297 +0.1048768372 +0.0007411738 +0.0329726930 +0.0004193946 -2.1315296875 +0.0029282346 +4.8864011230 +0.0138729768 +0.7524422851 +1.7919076015 +0.0007503598
+3.6000000000 +0.2299382812 +0.0009061366 -0.0000640625 +0.0014638558 +0.0857149536 +0.0006116882 +0.0223135534 +0.0003057244 -1.9691382813 +0.0026405599 +4.1564078369 +0.0115073359 +0.5838816076 +1.3772951419 -0.0123584030
+3.7000000000 +0.2126828125 +0.0008345003 -0.0000843750 +0.0013517545 +0.0730896118 +0.0005267095 +0.0164390091 +0.0002401042 -1.8476085937 +0.0024589006 +3.6555052002 +0.0100228387 +0.4818271668 +1.1306246755 -0.0257536501
+3.8000000000 +0.1987429687 +0.0007713559 +0.0002750000 +0.0012579576 +0.0632983643 +0.0004552923 +0.0122983262 +0.0001884023 -1.7447507813 +0.0023022588 +3.2561711182 +0.0087907021 +0.4008353117 +0.9396823468 -0.0231511070
+3.9000000000 +0.1867453125 +0.0007193328 +0.0008539062 +0.0011786716 +0.0555713989 +0.0003971892 +0.0093985501 +0.0001436189 -1.6563148437 +0.0021877830 +2.9348346436 +0.0078293233 +0.3396527128 +0.8055996084 -0.0144647203
+4.0000000000 +0.1769699219 +0.0006808198 -0.0007519531 +0.0011164499 +0.0498589783 +0.0003581316 +0.0076162469 +0.0001201295 -1.5824546875 +0.0020952694 +2.6797689941 +0.0071526771 +0.2966500004 +0.7024246246 -0.0212522138
+4.1000000000 +0.1695621094 +0.0006467210 -0.0011691406 +0.0010663004 +0.0454812317 +0.0003248494 +0.0062896271 +0.0001003698 -1.5156195313 +0.0020419735 +2.4638887939 +0.0066455351 +0.2611500137 +0.6349981409 -0.0135360708
+4.2000000000 +0.1625667969 +0.0006206572 -0.0022761719 +0.0010226363 +0.0418365784 +0.0002986809 +0.0053187096 +0.0000849350 -1.4549054688 +0.0019915247 +2.2753967529 +0.0061959236 +0.2347979417 +0.5755894056 -0.0129143062
+4.3000000000 +0.1555621094 +0.0005945386 -0.0010730469 +0.0009789978 +0.0383386169 +0.0002735749 +0.0044635794 +0.0000711501 -1.3993062500 +0.0019290142 +2.1069018066 +0.0057575477 +0.2104416308 +0.5151976648 -0.0122531193
+4.4000000000 +0.1506621094 +0.0005767405 -0.0003667969 +0.0009487376 +0.0360042542 +0.0002566425 +0.0039309215 +0.0000638155 -1.3526437500 +0.0018874551 +1.9721445801 +0.0054207905 +0.1935299338 +0.4710726138 -0.0108005834
+4.5000000000 +0.1470488281 +0.0005617897 -0.0007519531 +0.0009252986 +0.0342476624 +0.0002432375 +0.0035394807 +0.0000553984 -1.3078562500 +0.0018666642 +1.8498653809 +0.0052067950 +0.1795456640 +0.4405014446 -0.0059037473
+4.6000000000 +0.1428218750 +0.0005436424 -0.0010632812 +0.0008974804 +0.0322199707 +0.0002286419 +0.0031292116 +0.0000496936 -1.2638375000 +0.0018127982 +1.7287347168 +0.0048507531 +0.1644783683 +0.3975787989 -0.0047624377
+4.7000000000 +0.1391007812 +0.0005268567 -0.0002914062 +0.0008725260 +0.0304521484 +0.0002144848 +0.0027674818 +0.0000439042 -1.2277289063 +0.0017859831 +1.6349076904 +0.0046422590 +0.1511914362 +0.3696569979 +0.0052186217
+4.8000000000 +0.1358105469 +0.0005135261 -0.0003285156 +0.0008513630 +0.0289928650 +0.0002030674 +0.0024900412 +0.0000389229 -1.1917734375 +0.0017741460 +1.5462276855 +0.0044915652 +0.1406448046 +0.3497326645 +0.0125775067
+4.9000000000 +0.1330949219 +0.0005022573 +0.0005511719 +0.0008337333 +0.0278047546 +0.0001947773 +0.0022906325 +0.0000365973 -1.1573304687 +0.0017539219 +1.4624635010 +0.0043037956 +0.1317942388 +0.3279958339 +0.0123660260
+5.0000000000 +0.1297625000 +0.0004904063 -0.0000546875 +0.0008132994 +0.0264582397 +0.0001862190 +0.0020871384 +0.0000331445 -1.1259273437 +0.0017300904 +1.3874408936 +0.0041396315 +0.1231351467 +0.3065049860 +0.0061791700
