# T, am1a, am1e, m1a, m1e, m2a, m2e, m4a, m4e, e1a, e1e, e2a, e2e, susc, spec, bind
+2.0000000000 +0.5055375000 +0.0024685334 +0.0011531250 +0.0035331046 +0.4993144531 +0.0024693260 +0.4932177643 +0.0024552418 -4.9195062500 +0.0013304250 +24.2723429687 +0.0118448481 +1.9499703138 +0.2832048998 +0.3405692713
+2.1000000000 +0.5048250000 +0.0024561961 +0.0019781250 +0.0035219325 +0.4961642578 +0.0024568808 +0.4876294945 +0.0024376706 -4.8886312500 +0.0015720220 +23.9975656250 +0.0138691544 +1.8385979214 +0.3586399148 +0.3397357851
+2.2000000000 +0.5038468750 +0.0024409033 +0.0016375000 +0.0035077748 +0.4921820312 +0.0024421176 +0.4808006897 +0.0024178293 -4.8483656250 +0.0018640015 +23.6456292969 +0.0162098312 +1.7332389658 +0.4594382254 +0.3384048411
+2.3000000000 +0.5028781250 +0.0024214854 +0.0012562500 +0.0034908040 +0.4874300781 +0.0024240867 +0.4726359436 +0.0023942926 -4.7972500000 +0.0021889251 +23.2052632813 +0.0187422722 +1.6316081358 +0.5796770321 +0.3368972306
+2.4000000000 +0.5004453125 +0.0023967492 +0.0024859375 +0.0034648795 +0.4802217773 +0.0024002073 +0.4610527645 +0.0023643830 -4.7332000000 +0.0025493057 +22.6631406250 +0.0214444866 +1.5318417769 +0.7221066250 +0.3335836031
+2.5000000000 +0.4968281250 +0.0023651497 +0.0027750000 +0.0034299701 +0.4705955078 +0.0023681298 +0.4457816887 +0.0023244092 -4.6509531250 +0.0029744430 +21.9852574219 +0.0244207392 +1.4320468609 +0.9059646744 +0.3290264261
+2.6000000000 +0.4945734375 +0.0023259603 +0.0031921875 +0.0033948356 +0.4610065430 +0.0023277453 +0.4292629543 +0.0022754289 -4.5508156250 +0.0034089904 +21.1747714844 +0.0273070289 +1.3317148178 +1.1002334476 +0.3267319943
+2.7000000000 +0.4923265625 +0.0022793357 +0.0017328125 +0.0033548371 +0.4502002930 +0.0022821872 +0.4110154446 +0.0022221754 -4.4279375000 +0.0039102403 +20.2182296875 +0.0303751335 +1.2314954004 +1.3423301698 +0.3240332404
+2.8000000000 +0.4875875000 +0.0022250616 +0.0028750000 +0.0033006411 +0.4357775391 +0.0022304640 +0.3889008568 +0.0021622697 -4.2812625000 +0.0044094935 +19.1069539062 +0.0331932800 +1.1316341080 +1.5872353313 +0.3173659280
+2.9000000000 +0.4791765625 +0.0021625309 +0.0017171875 +0.0032274945 +0.4166717773 +0.0021665289 +0.3613692623 +0.0020907142 -4.1186406250 +0.0048783497 +17.9151324219 +0.0356672742 +1.0320639961 +1.8110474654 +0.3061880365
+3.0000000000 +0.4694296875 +0.0020903244 +0.0004109375 +0.0031430173 +0.3951424805 +0.0020923209 +0.3312498425 +0.0020037201 -3.9213000000 +0.0053419150 +16.5180359375 +0.0377108826 +0.9321506611 +2.0292306622 +0.2928248648
+3.1000000000 +0.4581453125 +0.0020088722 -0.0014640625 +0.0030467921 +0.3713198242 +0.0020067666 +0.2989628979 +0.0019044009 -3.7089406250 +0.0057061415 +15.0586425781 +0.0389668738 +0.8331494031 +2.1684112688 +0.2772305835
+3.2000000000 +0.4441937500 +0.0019245873 -0.0003937500 +0.0029388321 +0.3454695313 +0.0019196357 +0.2667492493 +0.0018054803 -3.4738562500 +0.0060532518 +13.5333515625 +0.0397323596 +0.7408072186 +2.2901161201 +0.2549894039
+3.3000000000 +0.4291375000 +0.0018425008 +0.0014031250 +0.0028282035 +0.3199513672 +0.0018290497 +0.2361857857 +0.0016984209 -3.2527937500 +0.0062580261 +12.1471828125 +0.0396074823 +0.6583872644 +2.3015840330 +0.2309323180
+3.4000000000 +0.4158093750 +0.0017556481 +0.0004781250 +0.0027211635 +0.2961894531 +0.0017289935 +0.2073049316 +0.0015804242 -3.0267531250 +0.0063221822 +10.7600339844 +0.0386771182 +0.5801977261 +2.2128712868 +0.2123211229
+3.5000000000 +0.4011906250 +0.0016747958 +0.0031656250 +0.0026131472 +0.2731515625 +0.0016320704 +0.1811579239 +0.0014632751 -2.8159875000 +0.0063328932 +9.5340070313 +0.0373685825 +0.5129035196 +2.0953096243 +0.1906642920
+3.6000000000 +0.3856171875 +0.0015931392 +0.0028359375 +0.0025010811 +0.2502243164 +0.0015316174 +0.1564462818 +0.0013419283 -2.6063156250 +0.0062301257 +8.3454597656 +0.0353271671 +0.4512164494 +1.9167637389 +0.1671151388
+3.7000000000 +0.3714218750 +0.0015203718 +0.0057687500 +0.0023999070 +0.2304154297 +0.0014391023 +0.1359318932 +0.0012318669 -2.4286062500 +0.0060970019 +7.3850656250 +0.0332936873 +0.3998323047 +1.7378376128 +0.1465521384
+3.8000000000 +0.3548484375 +0.0014471084 +0.0051796875 +0.0022894076 +0.2096823242 +0.0013423646 +0.1160443859 +0.0011181420 -2.2534562500 +0.0059390289 +6.4889476562 +0.0311796633 +0.3526943605 +1.5633048040 +0.1202095648
+3.9000000000 +0.3414375000 +0.0013889555 +0.0034093750 +0.0022007717 +0.1937474609 +0.0012642295 +0.1014691231 +0.0010246409 -2.1128375000 +0.0057833977 +5.8019898438 +0.0293320754 +0.3165862340 +1.4073978092 +0.0989671749
+4.0000000000 +0.3304718750 +0.0013325630 +0.0034000000 +0.0021226697 +0.1802406250 +0.0011884803 +0.0889860962 +0.0009360192 -1.9868281250 +0.0055840443 +5.1947480469 +0.0272168378 +0.2841158593 +1.2472620486 +0.0869479610
+4.1000000000 +0.3191703125 +0.0012814057 +0.0042765625 +0.0020465301 +0.1675497070 +0.0011178297 +0.0780546329 +0.0008543950 -1.8744156250 +0.0053554606 +4.6606722656 +0.0251799453 +0.2563122679 +1.0919579587 +0.0731913349
+4.2000000000 +0.3105890625 +0.0012345032 +0.0043453125 +0.0019837251 +0.1574254883 +0.0010567120 +0.0694483952 +0.0007887799 -1.7760125000 +0.0051875525 +4.2306484375 +0.0235585654 +0.2322282763 +0.9763519613 +0.0659053997
+4.3000000000 +0.3016125000 +0.0011884558 +0.0048218750 +0.0019199215 +0.1474671875 +0.0009962981 +0.0614509674 +0.0007231649 -1.6798656250 +0.0050251329 +3.8320269531 +0.0219807013 +0.2102217203 +0.8740538108 +0.0580742391
+4.4000000000 +0.2930890625 +0.0011472695 +0.0024390625 +0.0018610773 +0.1385502930 +0.0009376804 +0.0543659618 +0.0006514523 -1.5928093750 +0.0048077780 +3.4616308594 +0.0201559762 +0.1914512524 +0.7641232680 +0.0559588520
+4.5000000000 +0.2855218750 +0.0011154862 +0.0017968750 +0.0018117111 +0.1312951172 +0.0008963360 +0.0493751381 +0.0006102845 -1.5202500000 +0.0046955475 +3.1930867188 +0.0189886076 +0.1769684483 +0.6968309383 +0.0452494478
+4.6000000000 +0.2791078125 +0.0010892956 +0.0009328125 +0.0017703312 +0.1253637695 +0.0008612415 +0.0453855518 +0.0005738180 -1.4576968750 +0.0045689143 +2.9598792969 +0.0178844631 +0.1650872992 +0.6313792949 +0.0373857623
+4.7000000000 +0.2718828125 +0.0010574091 +0.0018765625 +0.0017222173 +0.1186448242 +0.0008159762 +0.0407092785 +0.0005238861 -1.4014437500 +0.0044409734 +2.7529343750 +0.0167759374 +0.1522538229 +0.5714004821 +0.0360055001
+4.8000000000 +0.2647906250 +0.0010313019 -0.0004750000 +0.0016782222 +0.1126574219 +0.0007825107 +0.0371846161 +0.0004918730 -1.3354531250 +0.0043219680 +2.5306113281 +0.0157003450 +0.1418111560 +0.5188724160 +0.0233871584
+4.9000000000 +0.2612421875 +0.0010083426 -0.0012984375 +0.0016501211 +0.1089176758 +0.0007465132 +0.0341543385 +0.0004500455 -1.2912968750 +0.0041904061 +2.3698277344 +0.0147233004 +0.1328006376 +0.4680583857 +0.0403167993
+5.0000000000 +0.2564265625 +0.0009880019 +0.0010328125 +0.0016186369 +0.1048004883 +0.0007210411 +0.0317791523 +0.0004243432 -1.2443531250 +0.0040716980 +2.2115636719 +0.0137918826 +0.1249469002 +0.4244153422 +0.0355173015
