# T, am1a, am1e, m1a, m1e, m2a, m2e, m4a, m4e, e1a, e1e, e2a, e2e, susc, spec, bind
+2.0000000000 +0.4924859375 +0.0024693180 -0.0057515625 +0.0034871571 +0.4864436523 +0.0024698646 +0.4806366741 +0.0024557093 -4.9223531250 +0.0012918565 +24.2963160156 +0.0115386594 +1.9512100297 +0.2670229137 +0.3229346792
+2.1000000000 +0.4927578125 +0.0024581070 -0.0052890625 +0.0034802079 +0.4845018555 +0.0024576674 +0.4763472179 +0.0024383970 -4.8936437500 +0.0015370177 +24.0422460937 +0.0135871000 +1.8414597614 +0.3428460475 +0.3235877110
+2.2000000000 +0.4922281250 +0.0024423457 -0.0044406250 +0.0034672428 +0.4808906250 +0.0024422643 +0.4698419907 +0.0024170165 -4.8532687500 +0.0018187152 +23.6865265625 +0.0158944405 +1.7352879852 +0.4373851331 +0.3227672496
+2.3000000000 +0.4932718750 +0.0024224719 -0.0049437500 +0.0034569767 +0.4780519531 +0.0024228003 +0.4633321136 +0.0023918791 -4.8023000000 +0.0021501764 +23.2470156250 +0.0184963385 +1.6329378119 +0.5593356068 +0.3241956953
+2.4000000000 +0.4916203125 +0.0023989927 -0.0058296875 +0.0034346149 +0.4718971680 +0.0023989756 +0.4528902950 +0.0023612295 -4.7410718750 +0.0025129721 +22.7303636719 +0.0211635726 +1.5347109087 +0.7016698554 +0.3220822307
+2.5000000000 +0.4899390625 +0.0023666973 -0.0061046875 +0.0034060727 +0.4640905273 +0.0023682547 +0.4397252239 +0.0023239324 -4.6561593750 +0.0029513164 +22.0282308594 +0.0242645307 +1.4339215512 +0.8919314790 +0.3194583402
+2.6000000000 +0.4870562500 +0.0023258034 -0.0073968750 +0.0033672820 +0.4535982422 +0.0023280736 +0.4225484322 +0.0022753572 -4.5493750000 +0.0034356884 +21.1689710937 +0.0274525738 +1.3315350863 +1.1175342086 +0.3154384314
+2.7000000000 +0.4832343750 +0.0022821925 -0.0060375000 +0.0033234587 +0.4418515625 +0.0022845459 +0.4039988007 +0.0022238935 -4.4348500000 +0.0038877990 +20.2724937500 +0.0302552877 +1.2345843041 +1.3269667545 +0.3102272537
+2.8000000000 +0.4776406250 +0.0022279971 -0.0063500000 +0.0032659573 +0.4266994141 +0.0022294905 +0.3808975014 +0.0021608694 -4.2905343750 +0.0044055040 +19.1850238281 +0.0332133365 +1.1346219852 +1.5843645001 +0.3026628924
+2.9000000000 +0.4705984375 +0.0021641065 -0.0046859375 +0.0031967765 +0.4087971680 +0.0021645802 +0.3545314144 +0.0020857398 -4.1189406250 +0.0048882922 +17.9214878906 +0.0357263185 +1.0335684336 +1.8184371336 +0.2928399601
+3.0000000000 +0.4626578125 +0.0020884740 -0.0028359375 +0.0031165411 +0.3885211914 +0.0020879367 +0.3253279041 +0.0019976591 -3.9200531250 +0.0053595570 +16.5158105469 +0.0377852275 +0.9305010130 +2.0426560783 +0.2815928650
+3.1000000000 +0.4526953125 +0.0020092575 -0.0031859375 +0.0030265803 +0.3664176758 +0.0020055089 +0.2951445576 +0.0019030702 -3.7044437500 +0.0057567971 +15.0485320312 +0.0391968042 +0.8334690571 +2.2070818470 +0.2672417896
+3.2000000000 +0.4419531250 +0.0019266119 -0.0033250000 +0.0029316584 +0.3437958984 +0.0019176615 +0.2652926399 +0.0017982275 -3.4863625000 +0.0060065816 +13.5978843750 +0.0395023531 +0.7423666687 +2.2549388962 +0.2518260817
+3.3000000000 +0.4273843750 +0.0018459310 -0.0056718750 +0.0028236665 +0.3189558594 +0.0018282637 +0.2354347717 +0.0016927023 -3.2615750000 +0.0062196584 +12.1852375000 +0.0394548883 +0.6608409958 +2.2734486970 +0.2285848201
+3.4000000000 +0.4130765625 +0.0017617288 -0.0043171875 +0.0027145955 +0.2947797852 +0.0017330220 +0.2070297382 +0.0015816748 -3.0422906250 +0.0063330039 +10.8598097656 +0.0388084648 +0.5842237114 +2.2204533130 +0.2058252366
+3.5000000000 +0.3975328125 +0.0016743030 -0.0059765625 +0.0025986932 +0.2701639648 +0.0016282717 +0.1790393230 +0.0014552299 -2.8229375000 +0.0063131104 +9.5631906250 +0.0372155546 +0.5126017272 +2.0822393418 +0.1823407958
+3.6000000000 +0.3831078125 +0.0015942737 -0.0040484375 +0.0024921053 +0.2484399414 +0.0015275812 +0.1550625828 +0.0013321113 -2.6248031250 +0.0062210681 +8.4376589844 +0.0353577472 +0.4518593129 +1.9111944930 +0.1625807837
+3.7000000000 +0.3675140625 +0.0015163925 -0.0043984375 +0.0023823575 +0.2270444336 +0.0014292836 +0.1332632336 +0.0012176254 -2.4341375000 +0.0060767689 +7.4021101563 +0.0331715239 +0.3977420431 +1.7263226149 +0.1382776154
+3.8000000000 +0.3554187500 +0.0014556411 -0.0067531250 +0.0022969138 +0.2110781250 +0.0013528821 +0.1177655777 +0.0011286547 -2.2720343750 +0.0059506188 +6.5785347656 +0.0313122094 +0.3568658406 +1.5694122598 +0.1189295075
+3.9000000000 +0.3435093750 +0.0013912020 -0.0032781250 +0.0022102356 +0.1954164063 +0.0012696442 +0.1026674255 +0.0010312724 -2.1301812500 +0.0057478149 +5.8591671875 +0.0291370641 +0.3176111407 +1.3901328386 +0.1038321229
+4.0000000000 +0.3308015625 +0.0013298804 -0.0028109375 +0.0021222927 +0.1801729492 +0.0011877066 +0.0888881725 +0.0009368754 -2.0019281250 +0.0055601184 +5.2443128906 +0.0271690075 +0.2829731019 +1.2365966730 +0.0872674307
+4.1000000000 +0.3201734375 +0.0012749809 -0.0027390625 +0.0020465005 +0.1675340820 +0.0011136187 +0.0776735294 +0.0008511001 -1.8817531250 +0.0053553568 +4.6881886719 +0.0252108822 +0.2537484954 +1.0919156202 +0.0775444584
+4.2000000000 +0.3108296875 +0.0012327981 -0.0020703125 +0.0019836989 +0.1574067383 +0.0010523999 +0.0690787052 +0.0007780894 -1.7741937500 +0.0051615442 +4.2134250000 +0.0232749117 +0.2315872139 +0.9665864285 +0.0706564384
+4.3000000000 +0.3011765625 +0.0011939157 -0.0032546875 +0.0019216797 +0.1477247070 +0.0010029488 +0.0620588398 +0.0007262033 -1.6798531250 +0.0050043988 +3.8236667969 +0.0218107887 +0.2121577125 +0.8668558358 +0.0520703172
+4.4000000000 +0.2933656250 +0.0011544188 -0.0028281250 +0.0018665657 +0.1393707031 +0.0009481456 +0.0553833969 +0.0006653752 -1.6012687500 +0.0048280373 +3.4964593750 +0.0202666859 +0.1938447752 +0.7705766655 +0.0495804686
+4.5000000000 +0.2870453125 +0.0011187348 -0.0044140625 +0.0018196032 +0.1324577148 +0.0009010338 +0.0500195232 +0.0006141142 -1.5258781250 +0.0046914698 +3.2086996094 +0.0190007702 +0.1780007233 +0.6956211809 +0.0496933321
+4.6000000000 +0.2782453125 +0.0010907387 -0.0045609375 +0.0017676827 +0.1250088867 +0.0008619813 +0.0453476910 +0.0005781503 -1.4645562500 +0.0045968612 +2.9901703125 +0.0181227985 +0.1655249836 +0.6391268832 +0.0327201328
+4.7000000000 +0.2708765625 +0.0010557947 -0.0043328125 +0.0017171447 +0.1179622070 +0.0008179365 +0.0406758869 +0.0005319601 -1.3999968750 +0.0044595725 +2.7555027344 +0.0169057090 +0.1517892593 +0.5761966387 +0.0256163282
+4.8000000000 +0.2668703125 +0.0010321405 -0.0032921875 +0.0016868720 +0.1138323242 +0.0007817891 +0.0374055676 +0.0004928308 -1.3463468750 +0.0043167656 +2.5580285156 +0.0159099845 +0.1420418684 +0.5176240332 +0.0377591562
+4.9000000000 +0.2616843750 +0.0010145234 -0.0033625000 +0.0016555793 +0.1096490234 +0.0007587358 +0.0350501091 +0.0004660800 -1.2957375000 +0.0042389225 +2.3976742188 +0.0150338300 +0.1344336696 +0.4789594668 +0.0282409739
+5.0000000000 +0.2560687500 +0.0009945025 -0.0027562500 +0.0016211494 +0.1051326172 +0.0007288055 +0.0322991646 +0.0004349532 -1.2526218750 +0.0041424058 +2.2554425781 +0.0142413239 +0.1265965199 +0.4392838505 +0.0259189763
