# T, am1a, am1e, m1a, m1e, m2a, m2e, m4a, m4e, e1a, e1e, e2a, e2e, susc, spec, bind
+2.0000000000 +0.4862694444 +0.0024676691 +0.0177444444 +0.0034630865 +0.4800336034 +0.0024656416 +0.4736077982 +0.0024408945 -4.9217375000 +0.0008625288 +24.2532582562 +0.0081465705 +4.3843613543 +0.2678241354 +0.3148994598
+2.1000000000 +0.4861243056 +0.0024556483 +0.0147187500 +0.0034543760 +0.4775251736 +0.0024523361 +0.4685883850 +0.0024185335 -4.8911569444 +0.0010297113 +23.9658284722 +0.0096411962 +4.1349999970 +0.3462221799 +0.3150202662
+2.2000000000 +0.4851972222 +0.0024407800 +0.0151847222 +0.0034405016 +0.4737126157 +0.0024355009 +0.4616702252 +0.0023908280 -4.8536375000 +0.0012118452 +23.6165397377 +0.0112438434 +3.8993935302 +0.4369295919 +0.3142264827
+2.3000000000 +0.4825659722 +0.0024206864 +0.0161423611 +0.0034168635 +0.4672588156 +0.0024124315 +0.4511238267 +0.0023540849 -4.8038986111 +0.0014412762 +23.1605329475 +0.0131596459 +3.6686957954 +0.5654591571 +0.3112533440
+2.4000000000 +0.4807937500 +0.0023942441 +0.0156173611 +0.0033919571 +0.4604588156 +0.0023827713 +0.4391262751 +0.0023085057 -4.7383569444 +0.0016945965 +22.5668928241 +0.0152151697 +3.4394427832 +0.7179143194 +0.3096225697
+2.5000000000 +0.4768701389 +0.0023622496 +0.0160534722 +0.0033554297 +0.4506140625 +0.0023456011 +0.4231268145 +0.0022530506 -4.6581555556 +0.0019869429 +21.8563308642 +0.0174365356 +3.2142086372 +0.9096058624 +0.3053919502
+2.6000000000 +0.4755409722 +0.0023202710 +0.0170354167 +0.0033211267 +0.4414855131 +0.0022967362 +0.4059093540 +0.0021850272 -4.5556513889 +0.0023482628 +20.9745331018 +0.0199849537 +2.9817179565 +1.1746519070 +0.3058155351
+2.7000000000 +0.4698687500 +0.0022652503 +0.0159645833 +0.0032625762 +0.4260309992 +0.0022336178 +0.3810643545 +0.0020989671 -4.4238791667 +0.0027493258 +19.8730585648 +0.0226125401 +2.7367247600 +1.4930947335 +0.3001665934
+2.8000000000 +0.4625104167 +0.0021957011 +0.0172548611 +0.0031877197 +0.4067600116 +0.0021547188 +0.3511662354 +0.0019973265 -4.2580708333 +0.0032004797 +18.5408900463 +0.0252714988 +2.4794244778 +1.8813803171 +0.2925186513
+2.9000000000 +0.4519236111 +0.0021062861 +0.0188486111 +0.0030876258 +0.3816925926 +0.0020570821 +0.3149526999 +0.0018781406 -4.0487055556 +0.0037053343 +16.9411967593 +0.0278588133 +2.2029224563 +2.3508303225 +0.2793960849
+3.0000000000 +0.4358875000 +0.0019927088 +0.0189444444 +0.0029515867 +0.3488334491 +0.0019348995 +0.2714382113 +0.0017338041 -3.7916083333 +0.0041727162 +15.0727561728 +0.0297249851 +1.9060264370 +2.7858496777 +0.2564443364
+3.1000000000 +0.4166909722 +0.0018627720 +0.0152034722 +0.0027937296 +0.3124281443 +0.0017899518 +0.2257684406 +0.0015633908 -3.4933902778 +0.0045687370 +13.0387099537 +0.0306930279 +1.6118335505 +3.1277456347 +0.2290225425
+3.2000000000 +0.3928430556 +0.0017168104 +0.0133625000 +0.0026078949 +0.2722231867 +0.0016238331 +0.1795788150 +0.0013724593 -3.1702833333 +0.0047716531 +10.9614433642 +0.0301806742 +1.3263471048 +3.2018447481 +0.1922376265
+3.3000000000 +0.3664895833 +0.0015675768 +0.0132965278 +0.0024105482 +0.2326065008 +0.0014448233 +0.1376063541 +0.0011690022 -2.8689500000 +0.0047125509 +9.1191995370 +0.0281562950 +1.0722751209 +2.9366130067 +0.1522387968
+3.4000000000 +0.3393250000 +0.0014216099 +0.0112722222 +0.0022127662 +0.1959804398 +0.0012660027 +0.1025188449 +0.0009696898 -2.5794819444 +0.0045382377 +7.4775511574 +0.0254277094 +0.8559421855 +2.5655420420 +0.1102725417
+3.5000000000 +0.3143625000 +0.0012995001 +0.0081194444 +0.0020390309 +0.1663717978 +0.0011114789 +0.0770949876 +0.0008025810 -2.3443486111 +0.0042843790 +6.2302065586 +0.0225214215 +0.6947795976 +2.1577552111 +0.0715779016
+3.6000000000 +0.2930722222 +0.0011905106 +0.0091208333 +0.0018874636 +0.1425839506 +0.0009752876 +0.0583776193 +0.0006617976 -2.1471041667 +0.0039977094 +5.2493235340 +0.0197375557 +0.5669262318 +1.7757423095 +0.0428415497
+3.7000000000 +0.2751465278 +0.0010970051 +0.0071923611 +0.0017591950 +0.1238424190 +0.0008569231 +0.0447096342 +0.0005425471 -1.9802819444 +0.0036730248 +4.4611610340 +0.0169382015 +0.4683581244 +1.4190796465 +0.0282802959
+3.8000000000 +0.2600368056 +0.0010270913 +0.0041979167 +0.0016567904 +0.1098157986 +0.0007663565 +0.0355515988 +0.0004552884 -1.8531416667 +0.0034536925 +3.9112537037 +0.0149076896 +0.3997578161 +1.1894950146 +0.0173287884
+3.9000000000 +0.2464291667 +0.0009682585 +0.0038125000 +0.0015669539 +0.0982283179 +0.0006893820 +0.0286587042 +0.0003799316 -1.7393263889 +0.0032636860 +3.4513221451 +0.0132690281 +0.3461629266 +1.0084399005 +0.0099391651
+4.0000000000 +0.2349527778 +0.0009143063 +0.0040652778 +0.0014884936 +0.0886410494 +0.0006280655 +0.0236358875 +0.0003319818 -1.6504194444 +0.0031170717 +3.1125297840 +0.0121210403 +0.3009441744 +0.8744522430 -0.0027227829
+4.1000000000 +0.2251263889 +0.0008699238 +0.0032444444 +0.0014225159 +0.0809525849 +0.0005707157 +0.0195819763 +0.0002792489 -1.5696763889 +0.0029455307 +2.8109300154 +0.0107686224 +0.2657914587 +0.7432277088 +0.0039667790
+4.2000000000 +0.2166631944 +0.0008321876 +0.0030354167 +0.0013659719 +0.0746443866 +0.0005237655 +0.0165449951 +0.0002397994 -1.4971291667 +0.0028428090 +2.5646582562 +0.0098733423 +0.2374409721 +0.6597194173 +0.0101917247
+4.3000000000 +0.2083006944 +0.0008013088 +0.0024687500 +0.0013140293 +0.0690730131 +0.0004881170 +0.0143014108 +0.0002099748 -1.4395597222 +0.0027599364 +2.3770221451 +0.0091550465 +0.2150274459 +0.5932308407 +0.0008266938
+4.4000000000 +0.2012319444 +0.0007719804 +0.0005902778 +0.0012681886 +0.0643324460 +0.0004534843 +0.0123645851 +0.0001827835 -1.3827291667 +0.0026650897 +2.1960480710 +0.0084553569 +0.1950394134 +0.5283002280 +0.0041402794
+4.5000000000 +0.1963305556 +0.0007491706 -0.0000541667 +0.0012348679 +0.0609959491 +0.0004284858 +0.0110645093 +0.0001651588 -1.3347625000 +0.0025932771 +2.0505943673 +0.0078708795 +0.1796020962 +0.4782283304 +0.0086913014
+4.6000000000 +0.1898479167 +0.0007251496 +0.0007826389 +0.0011945218 +0.0570759066 +0.0004029122 +0.0097511885 +0.0001489700 -1.2863083333 +0.0025447579 +1.9136208333 +0.0074508566 +0.1646113709 +0.4406966625 +0.0022295032
+4.7000000000 +0.1848104167 +0.0007060712 +0.0009923611 +0.0011629206 +0.0540963542 +0.0003839097 +0.0088218827 +0.0001371401 -1.2435097222 +0.0024907421 +1.7944682870 +0.0069947849 +0.1527431290 +0.4044122626 -0.0048564671
+4.8000000000 +0.1799548611 +0.0006864706 +0.0018395833 +0.0011317028 +0.0512334298 +0.0003616568 +0.0078566891 +0.0001221884 -1.1999750000 +0.0024485932 +1.6797643519 +0.0066875244 +0.1413725831 +0.3747255488 +0.0022736259
+4.9000000000 +0.1772277778 +0.0006732652 +0.0010527778 +0.0011128794 +0.0495411265 +0.0003497932 +0.0073485339 +0.0001160619 -1.1671541667 +0.0024252466 +1.5975216821 +0.0064215926 +0.1332105893 +0.3527622657 +0.0019605902
+5.0000000000 +0.1727756944 +0.0006580807 +0.0018215278 +0.0010859435 +0.0471742477 +0.0003316662 +0.0066255086 +0.0001017624 -1.1319236111 +0.0023854284 +1.5088618056 +0.0060717599 +0.1247242111 +0.3277594716 +0.0075971467
