# T, am1a, am1e, m1a, m1e, m2a, m2e, m4a, m4e, e1a, e1e, e2a, e2e, susc, spec, bind
+2.0000000000 +0.4907437500 +0.0024692210 +0.0016718750 +0.0034810513 +0.4847115234 +0.0024698049 +0.4789427010 +0.0024556517 -4.9226687500 +0.0012872606 +24.2989492187 +0.0115178239 +1.9510567622 +0.2651263861 +0.3204903715
+2.1000000000 +0.4906171875 +0.0024565976 +0.0020421875 +0.0034716564 +0.4821000977 +0.0024568968 +0.4738741795 +0.0024375138 -4.8896843750 +0.0015698981 +24.0075964844 +0.0138449802 +1.8391990323 +0.3576714640 +0.3203781207
+2.2000000000 +0.4903046875 +0.0024401870 +0.0016140625 +0.0034589615 +0.4785791992 +0.0024406879 +0.4673163418 +0.0024156427 -4.8482718750 +0.0018650678 +23.6448792969 +0.0162424664 +1.7322219101 +0.4599640428 +0.3198854340
+2.3000000000 +0.4886875000 +0.0024212436 -0.0000281250 +0.0034398848 +0.4733123047 +0.0024223814 +0.4587418129 +0.0023914866 -4.7969656250 +0.0022063877 +23.2056050781 +0.0188394554 +1.6312823098 +0.5889629359 +0.3174232646
+2.4000000000 +0.4882609375 +0.0023948379 -0.0002921875 +0.0034198268 +0.4678086914 +0.0023975859 +0.4487817020 +0.0023609200 -4.7295625000 +0.0025844538 +22.6359375000 +0.0216609570 +1.5293996555 +0.7421557183 +0.3164389409
+2.5000000000 +0.4859468750 +0.0023631425 -0.0006125000 +0.0033894015 +0.4595220703 +0.0023646256 +0.4348187050 +0.0023195212 -4.6483281250 +0.0029827824 +21.9628339844 +0.0245101501 +1.4296173119 +0.9110518444 +0.3136048380
+2.6000000000 +0.4837453125 +0.0023266698 -0.0003046875 +0.0033561329 +0.4505452148 +0.0023281570 +0.4198035976 +0.0022755224 -4.5515937500 +0.0034324160 +21.1882648438 +0.0273957590 +1.3325273076 +1.1154063401 +0.3106367326
+2.7000000000 +0.4804500000 +0.0022778529 +0.0004906250 +0.0033105004 +0.4383767578 +0.0022787524 +0.3998826851 +0.0022162734 -4.4270968750 +0.0038944007 +20.2058410156 +0.0303167532 +1.2298936611 +1.3314771468 +0.3063884695
+2.8000000000 +0.4749515625 +0.0022232844 +0.0024609375 +0.0032530473 +0.4232987305 +0.0022243612 +0.3770931332 +0.0021539438 -4.2849187500 +0.0043904087 +19.1315562500 +0.0331388095 +1.1298271071 +1.5735256243 +0.2984906928
+2.9000000000 +0.4681609375 +0.0021616296 +0.0019515625 +0.0031862068 +0.4060803711 +0.0021609508 +0.3516896023 +0.0020785944 -4.1167437500 +0.0048837277 +17.9016109375 +0.0356430866 +1.0312039045 +1.8150427288 +0.2890905631
+3.0000000000 +0.4600031250 +0.0020910947 -0.0013906250 +0.0031084885 +0.3865099609 +0.0020905344 +0.3242033058 +0.0019989584 -3.9276437500 +0.0053127052 +16.5553789062 +0.0375075984 +0.9328377916 +2.0070995188 +0.2766061661
+3.1000000000 +0.4497312500 +0.0020143262 -0.0012687500 +0.0030189277 +0.3645585937 +0.0020108682 +0.2946466049 +0.0019071575 -3.7239906250 +0.0057149434 +15.1745292969 +0.0389626097 +0.8376794659 +2.1751061341 +0.2609981835
+3.2000000000 +0.4388093750 +0.0019306826 -0.0029343750 +0.0029225266 +0.3416550781 +0.0019204835 +0.2642584702 +0.0018013184 -3.4951843750 +0.0060297421 +13.6706253906 +0.0396565312 +0.7455070527 +2.2723618365 +0.2453737619
+3.3000000000 +0.4246859375 +0.0018451621 -0.0039828125 +0.0028130375 +0.3165430664 +0.0018267484 +0.2336798985 +0.0016917878 -3.2583531250 +0.0062409735 +12.1748550781 +0.0395451148 +0.6602905256 +2.2890578379 +0.2226179825
+3.4000000000 +0.4088562500 +0.0017573329 -0.0051375000 +0.0026956715 +0.2906921875 +0.0017220093 +0.2031145950 +0.0015667446 -3.0297750000 +0.0063411513 +10.7879445312 +0.0387554249 +0.5813117851 +2.2261702154 +0.1987774635
+3.5000000000 +0.3950625000 +0.0016747379 -0.0029875000 +0.0025896686 +0.2682642578 +0.0016247441 +0.1775574501 +0.0014502366 -2.8158593750 +0.0063493072 +9.5416121094 +0.0374104673 +0.5128680179 +2.1061852599 +0.1775831151
+3.6000000000 +0.3803906250 +0.0015897395 -0.0043906250 +0.0024787528 +0.2457878906 +0.0015242491 +0.1533450989 +0.0013318700 -2.6229312500 +0.0062641489 +8.4493507813 +0.0355467025 +0.4492927246 +1.9377560976 +0.1538883394
+3.7000000000 +0.3656765625 +0.0015108130 -0.0029046875 +0.0023717775 +0.2250215820 +0.0014222036 +0.1315412312 +0.0012099234 -2.4285843750 +0.0060826891 +7.3779863281 +0.0331809112 +0.3948204699 +1.7296879610 +0.1340510296
+3.8000000000 +0.3544375000 +0.0014454842 -0.0016875000 +0.0022869198 +0.2092029297 +0.0013397637 +0.1155645348 +0.0011128155 -2.2714562500 +0.0059235424 +6.5630476563 +0.0311991003 +0.3519031086 +1.5551625048 +0.1198274982
+3.9000000000 +0.3413671875 +0.0013854784 -0.0021203125 +0.0021983464 +0.1933135742 +0.0012609903 +0.1009739956 +0.0010197108 -2.1261593750 +0.0057599435 +5.8476316406 +0.0292258124 +0.3150031488 +1.3960057359 +0.0993343789
+4.0000000000 +0.3307218750 +0.0013311986 +0.0002906250 +0.0021228546 +0.1802605469 +0.0011878036 +0.0889289581 +0.0009367291 -1.9928187500 +0.0055566103 +5.2063632812 +0.0270823462 +0.2835343531 +1.2350367109 +0.0877359076
+4.1000000000 +0.3204484375 +0.0012780773 -0.0020921875 +0.0020495249 +0.1680264648 +0.0011148645 +0.0779498089 +0.0008475498 -1.8773187500 +0.0053594745 +4.6732843750 +0.0251266158 +0.2549824927 +1.0935954179 +0.0796809335
+4.2000000000 +0.3118281250 +0.0012322166 -0.0023343750 +0.0019872446 +0.1579710938 +0.0010556688 +0.0695323334 +0.0007855728 -1.7736343750 +0.0051900211 +4.2232316406 +0.0235423388 +0.2313688160 +0.9772814009 +0.0712254664
+4.3000000000 +0.3015703125 +0.0011895765 -0.0021640625 +0.0019205706 +0.1475483398 +0.0009909273 +0.0610479855 +0.0007071322 -1.6819406250 +0.0049875537 +3.8239519531 +0.0216919957 +0.2106183682 +0.8610299077 +0.0652802316
+4.4000000000 +0.2943703125 +0.0011548463 -0.0020328125 +0.0018708057 +0.1400006836 +0.0009473164 +0.0554965267 +0.0006625526 -1.5990562500 +0.0048729672 +3.5068132812 +0.0204872035 +0.1939883735 +0.7849854468 +0.0561907353
+4.5000000000 +0.2856812500 +0.0011178952 -0.0033437500 +0.0018137681 +0.1316013672 +0.0009003929 +0.0497472145 +0.0006184062 -1.5228781250 +0.0047249536 +3.2121652344 +0.0193218389 +0.1777336554 +0.7055861339 +0.0425266134
+4.6000000000 +0.2785546875 +0.0010899438 -0.0023578125 +0.0017685181 +0.1251118164 +0.0008597700 +0.0452211414 +0.0005746114 -1.4611687500 +0.0045916639 +2.9783492188 +0.0181367259 +0.1652838347 +0.6376824974 +0.0370059432
+4.7000000000 +0.2726062500 +0.0010636287 -0.0009093750 +0.0017289128 +0.1195664063 +0.0008250334 +0.0415233307 +0.0005358323 -1.4016812500 +0.0044438067 +2.7546070312 +0.0168270356 +0.1540501743 +0.5721297997 +0.0318278735
+4.8000000000 +0.2656484375 +0.0010394601 -0.0003140625 +0.0016866245 +0.1137881836 +0.0007911728 +0.0379859264 +0.0004965660 -1.3433531250 +0.0043254460 +2.5529769531 +0.0157975800 +0.1440636375 +0.5197078713 +0.0220714202
+4.9000000000 +0.2623062500 +0.0010150109 -0.0003875000 +0.0016584202 +0.1100144531 +0.0007589914 +0.0351459000 +0.0004664475 -1.2967125000 +0.0042095942 +2.3902906250 +0.0149274667 +0.1345628876 +0.4723547304 +0.0320477686
+5.0000000000 +0.2560203125 +0.0009929043 -0.0017671875 +0.0016200126 +0.1049807617 +0.0007287765 +0.0322655666 +0.0004367522 -1.2494281250 +0.0041486328 +2.2495167969 +0.0143128953 +0.1261899562 +0.4406055407 +0.0241150902
