# T, am1a, am1e, m1a, m1e, m2a, m2e, m4a, m4e, e1a, e1e, e2a, e2e, susc, spec, bind
+2.0000000000 +0.5110295000 +0.0024685794 -0.0250095000 +0.0035506374 +0.5049065200 +0.0024639659 +0.4977757024 +0.0024326130 -4.9212890000 +0.0005196032 +24.2298849200 +0.0050376813 +12.1877685065 +0.2699874618 +0.3491356546
+2.1000000000 +0.5074430000 +0.0024582722 -0.0204110000 +0.0035313096 +0.4992224950 +0.0024503235 +0.4893865048 +0.0024071931 -4.8917980000 +0.0006215124 +23.9451387800 +0.0059828928 +11.5106712739 +0.3503652423 +0.3454505812
+2.2000000000 +0.5074005000 +0.0024431232 -0.0199765000 +0.0035206897 +0.4962093000 +0.0024306084 +0.4825379582 +0.0023712318 -4.8514240000 +0.0007302830 +23.5576473600 +0.0069723168 +10.8524560273 +0.4407547978 +0.3467484810
+2.3000000000 +0.5060100000 +0.0024249526 -0.0231840000 +0.0035025863 +0.4912619250 +0.0024054751 +0.4727907054 +0.0023261312 -4.8011210000 +0.0008603584 +23.0803715200 +0.0081169495 +10.2267741261 +0.5597100822 +0.3469875459
+2.4000000000 +0.5046077500 +0.0024010367 -0.0227992500 +0.0034810496 +0.4852280675 +0.0023732758 +0.4607438033 +0.0022697275 -4.7372460000 +0.0010092665 +22.4822444200 +0.0093888941 +9.6082952558 +0.7073742270 +0.3477014400
+2.5000000000 +0.5019195000 +0.0023709560 -0.0249650000 +0.0034502073 +0.4767804700 +0.0023311572 +0.4446913694 +0.0021984622 -4.6577235000 +0.0011797524 +21.7500608300 +0.0107682900 +8.9942914208 +0.8907620406 +0.3479205240
+2.6000000000 +0.4973315000 +0.0023306868 -0.0209800000 +0.0034065470 +0.4646226550 +0.0022755128 +0.4229925533 +0.0021080908 -4.5549840000 +0.0013944852 +20.8256628000 +0.0124092560 +8.3570782349 +1.1506443748 +0.3468533515
+2.7000000000 +0.4882300000 +0.0022772970 -0.0206035000 +0.0033368672 +0.4458118000 +0.0022040563 +0.3930627286 +0.0019982928 -4.4250650000 +0.0016578625 +19.6911405800 +0.0142556116 +7.6830839667 +1.5080977472 +0.3407691982
+2.8000000000 +0.4768270000 +0.0021977824 -0.0252155000 +0.0032401315 +0.4205738950 +0.0021019536 +0.3536107598 +0.0018541124 -4.2500750000 +0.0020050340 +18.2239439600 +0.0164568209 +6.9003538240 +2.0511027344 +0.3336236250
+2.9000000000 +0.4598432500 +0.0020771318 -0.0207882500 +0.0030967835 +0.3840348775 +0.0019581620 +0.3008587220 +0.0016706452 -4.0074690000 +0.0024717385 +16.3041874400 +0.0189675490 +5.9510021700 +2.9058222835 +0.3200139310
+3.0000000000 +0.4266650000 +0.0018839391 -0.0110175000 +0.0028455698 +0.3240120850 +0.0017438047 +0.2266180284 +0.0014220620 -3.6567190000 +0.0030300233 +13.7388355000 +0.0214039549 +4.7323020925 +4.0804628338 +0.2804668879
+3.1000000000 +0.3792067500 +0.0016302317 -0.0115947500 +0.0024998477 +0.2501039775 +0.0014660382 +0.1485227247 +0.0011206507 -3.2159005000 +0.0033307301 +10.7857665500 +0.0214751546 +3.4292328469 +4.6175913018 +0.2085372930
+3.2000000000 +0.3205862500 +0.0013454199 -0.0062572500 +0.0020925020 +0.1751817325 +0.0011331486 +0.0820496727 +0.0007763037 -2.7788730000 +0.0031516985 +8.1194633000 +0.0184017534 +2.2626934003 +3.8801577136 +0.1087942821
+3.3000000000 +0.2710525000 +0.0011102479 -0.0045480000 +0.0017518190 +0.1227754700 +0.0008519463 +0.0441063139 +0.0005099406 -2.4526720000 +0.0027638451 +6.3211535400 +0.0146434608 +1.4941215831 +2.8058181856 +0.0246594097
+3.4000000000 +0.2325677500 +0.0009283294 -0.0018792500 +0.0014879184 +0.0885595775 +0.0006333095 +0.0238860354 +0.0003187032 -2.2135285000 +0.0023738693 +5.1251186300 +0.0113488451 +1.0138770341 +1.9499153087 -0.0152003159
+3.5000000000 +0.2057590000 +0.0008111989 -0.0002765000 +0.0013101378 +0.0686585150 +0.0004995363 +0.0146954542 +0.0002175062 -2.0461590000 +0.0021288152 +4.3680408200 +0.0093636867 +0.7520499691 +1.4797891161 -0.0391373313
+3.6000000000 +0.1863790000 +0.0007274966 +0.0008130000 +0.0011822280 +0.0559071850 +0.0004061630 +0.0097243470 +0.0001505395 -1.9163065000 +0.0019529729 +3.8247947300 +0.0079593410 +0.5880570377 +1.1771923461 -0.0370601433
+3.7000000000 +0.1722562500 +0.0006647784 +0.0006692500 +0.0010879910 +0.0473494275 +0.0003406782 +0.0068844325 +0.0001085725 -1.8110550000 +0.0018207301 +3.4125225400 +0.0069168096 +0.4777624821 +0.9686072095 -0.0235697137
+3.8000000000 +0.1603842500 +0.0006154569 -0.0003092500 +0.0010108722 +0.0408745975 +0.0002923544 +0.0050895754 +0.0000792717 -1.7184085000 +0.0017422857 +3.0743501500 +0.0062519093 +0.3987234172 +0.8408751879 -0.0154377774
+3.9000000000 +0.1511922500 +0.0005788167 +0.0003697500 +0.0009521044 +0.0362602475 +0.0002589882 +0.0039978004 +0.0000631768 -1.6379780000 +0.0016714821 +2.7947260200 +0.0056866366 +0.3436192574 +0.7347409041 -0.0135340014
+4.0000000000 +0.1430680000 +0.0005468532 +0.0001480000 +0.0009004217 +0.0324303900 +0.0002317754 +0.0032005233 +0.0000518796 -1.5695235000 +0.0016283698 +2.5694675500 +0.0053302487 +0.2990484344 +0.6628970809 -0.0143676748
+4.1000000000 +0.1366837500 +0.0005191471 +0.0005502500 +0.0008582350 +0.0294629975 +0.0002085610 +0.0026079753 +0.0000416289 -1.5067270000 +0.0015883253 +2.3711373400 +0.0049614339 +0.2629402436 +0.6003039112 -0.0014479187
+4.2000000000 +0.1306865000 +0.0004944210 +0.0003450000 +0.0008194041 +0.0268570450 +0.0001897349 +0.0021612735 +0.0000348879 -1.4498245000 +0.0015524409 +2.1983939900 +0.0046541434 +0.2328115171 +0.5465017528 +0.0012149608
+4.3000000000 +0.1255585000 +0.0004772833 -0.0007410000 +0.0007886121 +0.0248769100 +0.0001768996 +0.0018705998 +0.0000299744 -1.3969365000 +0.0015133179 +2.0430368300 +0.0043850290 +0.2119063506 +0.4954312870 -0.0075503624
+4.4000000000 +0.1217997500 +0.0004591067 -0.0010457500 +0.0007626474 +0.0232663375 +0.0001640274 +0.0016175222 +0.0000261946 -1.3481780000 +0.0014879777 +1.9061470200 +0.0041642004 +0.1916172364 +0.4574540306 +0.0039687677
+4.5000000000 +0.1180110000 +0.0004483103 -0.0007220000 +0.0007410357 +0.0219658800 +0.0001557994 +0.0014534384 +0.0000230387 -1.3032085000 +0.0014744872 +1.7853168900 +0.0039865331 +0.1786507529 +0.4294542989 -0.0041027778
+4.6000000000 +0.1149415000 +0.0004324677 -0.0004520000 +0.0007192440 +0.0206926800 +0.0001454276 +0.0012741549 +0.0000203533 -1.2614290000 +0.0014456495 +1.6747992200 +0.0037801842 +0.1626332952 +0.3950666255 +0.0081009244
+4.7000000000 +0.1114930000 +0.0004217486 -0.0010490000 +0.0006990076 +0.0195455650 +0.0001377236 +0.0011407411 +0.0000176586 -1.2267350000 +0.0014319598 +1.5868991200 +0.0036397682 +0.1513803394 +0.3713008591 +0.0046647606
+4.8000000000 +0.1093957500 +0.0004118814 -0.0008522500 +0.0006846999 +0.0187532825 +0.0001315892 +0.0010443145 +0.0000164861 -1.1889325000 +0.0014245406 +1.4947331300 +0.0035105817 +0.1413719246 +0.3523118075 +0.0101817790
+4.9000000000 +0.1065912500 +0.0004039927 -0.0004942500 +0.0006687648 +0.0178900975 +0.0001271232 +0.0009664677 +0.0000158569 -1.1578605000 +0.0014079990 +1.4199393900 +0.0033758003 +0.1332327127 +0.3302726053 -0.0065623570
+5.0000000000 +0.1043022500 +0.0003971532 -0.0003577500 +0.0006555162 +0.0171881875 +0.0001220779 +0.0008915541 +0.0000146847 -1.1242780000 +0.0013781790 +1.3399761200 +0.0032159791 +0.1261845629 +0.3039003949 -0.0059266107
