# T, am1a, am1e, m1a, m1e, m2a, m2e, m4a, m4e, e1a, e1e, e2a, e2e, susc, spec, bind
+2.0000000000 +0.4856847222 +0.0024672745 -0.0034250000 +0.0034618480 +0.4793873843 +0.0024660626 +0.4730708554 +0.0024415992 -4.9211569444 +0.0008603477 +24.2473935957 +0.0081301956 +4.3829592275 +0.2664713144 +0.3138299834
+2.1000000000 +0.4836284722 +0.0024551180 -0.0012520833 +0.0034460090 +0.4750006752 +0.0024521904 +0.4661551524 +0.0024185656 -4.8908944444 +0.0010314124 +23.9634009259 +0.0096548666 +4.1332144459 +0.3473670141 +0.3113147520
+2.2000000000 +0.4836152778 +0.0024393609 -0.0028125000 +0.0034347311 +0.4719030093 +0.0024336227 +0.4595932297 +0.0023878278 -4.8507569444 +0.0012211837 +23.5894945216 +0.0113169820 +3.8948608204 +0.4436894940 +0.3120658418
+2.3000000000 +0.4818916667 +0.0024193568 -0.0045194444 +0.0034144204 +0.4663510802 +0.0024109099 +0.4499827901 +0.0023513961 -4.7998111111 +0.0014437741 +23.1215660494 +0.0132014957 +3.6646669854 +0.5674208872 +0.3103183433
+2.4000000000 +0.4822937500 +0.0023945833 -0.0033131944 +0.0033983726 +0.4619684221 +0.0023819254 +0.4403575695 +0.0023060683 -4.7373263889 +0.0016838915 +22.5556809414 +0.0151392002 +3.4404174117 +0.7088726656 +0.3122040238
+2.5000000000 +0.4819611111 +0.0023619708 -0.0014819444 +0.0033743168 +0.4554427469 +0.0023423950 +0.4269006658 +0.0022480137 -4.6575472222 +0.0019902725 +21.8511935185 +0.0174555432 +3.2134497738 +0.9126569738 +0.3139780730
+2.6000000000 +0.4783562500 +0.0023202438 +0.0005520833 +0.0033322877 +0.4441659529 +0.0022950944 +0.4079817276 +0.0021808331 -4.5545430556 +0.0023274951 +20.9605517747 +0.0198522508 +2.9816480910 +1.1539668450 +0.3106672254
+2.7000000000 +0.4729944444 +0.0022684902 +0.0015666667 +0.0032770536 +0.4295656636 +0.0022356557 +0.3844529117 +0.0021008627 -4.4280361111 +0.0027206014 +19.9035706790 +0.0224365633 +2.7445589214 +1.4620586553 +0.3055151433
+2.8000000000 +0.4658430556 +0.0021975126 +0.0056444444 +0.0032021101 +0.4101722222 +0.0021581239 +0.3545412025 +0.0020023712 -4.2610236111 +0.0032037079 +18.5668719907 +0.0252511245 +2.4835174690 +1.8851775442 +0.2975539620
+2.9000000000 +0.4563861111 +0.0021051123 +0.0044597222 +0.0031045463 +0.3855481867 +0.0020564675 +0.3178097471 +0.0018788652 -4.0458875000 +0.0037211917 +16.9230963735 +0.0279819128 +2.2004677777 +2.3709947192 +0.2873297528
+3.0000000000 +0.4407347222 +0.0019880937 +0.0066472222 +0.0029677583 +0.3523477623 +0.0019310669 +0.2733097169 +0.0017316644 -3.7796652778 +0.0042231370 +14.9992650463 +0.0299806415 +1.8972080037 +2.8535817370 +0.2661779082
+3.1000000000 +0.4203847222 +0.0018569015 +0.0076027778 +0.0028044110 +0.3146466435 +0.0017846835 +0.2264063189 +0.0015591361 -3.4786138889 +0.0046043530 +12.9487572531 +0.0308004238 +1.6016902704 +3.1767009307 +0.2377084910
+3.2000000000 +0.3986993056 +0.0017151327 +0.0078979167 +0.0026294769 +0.2766283372 +0.0016243770 +0.1820672612 +0.0013739075 -3.1716652778 +0.0047570856 +10.9646551698 +0.0301460184 +1.3237560106 +3.1823245388 +0.2069194994
+3.3000000000 +0.3708951389 +0.0015678145 +0.0063423611 +0.0024281921 +0.2358848958 +0.0014478387 +0.1394911631 +0.0011724799 -2.8591666667 +0.0047297919 +9.0696712963 +0.0282077936 +1.0726002740 +2.9581397306 +0.1643485430
+3.4000000000 +0.3432472222 +0.0014302206 +0.0060652778 +0.0022338482 +0.1996398920 +0.0012797952 +0.1053711154 +0.0009881944 -2.5786055556 +0.0045484261 +7.4767337963 +0.0254985193 +0.8663425032 +2.5770742790 +0.1187367287
+3.5000000000 +0.3200965278 +0.0013074041 +0.0049340278 +0.0020664563 +0.1708340085 +0.0011247088 +0.0797830497 +0.0008167402 -2.3501472222 +0.0042675699 +6.2516780864 +0.0224372452 +0.7032571343 +2.1408571699 +0.0887433397
+3.6000000000 +0.2970979167 +0.0011987440 +0.0033812500 +0.0019087642 +0.1457466628 +0.0009852827 +0.0600733671 +0.0006726471 -2.1518277778 +0.0039887608 +5.2667712963 +0.0196557929 +0.5747949072 +1.7678014197 +0.0573217632
+3.7000000000 +0.2770006944 +0.0011056702 +0.0028923611 +0.0017721546 +0.1256296489 +0.0008674575 +0.0458821093 +0.0005535300 -1.9834041667 +0.0037068337 +4.4835167438 +0.0171201512 +0.4757863543 +1.4453241488 +0.0309686481
+3.8000000000 +0.2608548611 +0.0010326879 +0.0013201389 +0.0016635901 +0.1107030285 +0.0007722604 +0.0361106062 +0.0004598054 -1.8564319444 +0.0034723623 +3.9286315586 +0.0151102653 +0.4041262420 +1.2023900135 +0.0178122351
+3.9000000000 +0.2487638889 +0.0009796273 +0.0025125000 +0.0015832241 +0.1002702546 +0.0007066261 +0.0300269432 +0.0003973001 -1.7481833333 +0.0033135394 +3.4953266975 +0.0136451042 +0.3543395281 +1.0394833860 +0.0044899877
+4.0000000000 +0.2366319444 +0.0009199829 +0.0020680556 +0.0014987090 +0.0898494213 +0.0006347083 +0.0241871016 +0.0003353315 -1.6523638889 +0.0031058601 +3.1161611111 +0.0120262261 +0.3046926975 +0.8681730521 +0.0013070001
+4.1000000000 +0.2245187500 +0.0008738003 +0.0001145833 +0.0014225834 +0.0809497492 +0.0005753490 +0.0197939222 +0.0002871054 -1.5663111111 +0.0029710527 +2.8064166667 +0.0108882388 +0.2681655816 +0.7561631241 -0.0068843440
+4.2000000000 +0.2161701389 +0.0008366480 +0.0002201389 +0.0013668273 +0.0747287230 +0.0005334693 +0.0169679607 +0.0002524752 -1.4978250000 +0.0028566013 +2.5698865741 +0.0099844051 +0.2399930918 +0.6661364152 -0.0128223442
+4.3000000000 +0.2068597222 +0.0007994674 -0.0010055556 +0.0013072476 +0.0683568673 +0.0004915735 +0.0143384423 +0.0002190507 -1.4340097222 +0.0027524357 +2.3594199846 +0.0091648967 +0.2140402823 +0.5900107972 -0.0228605187
+4.4000000000 +0.2010104167 +0.0007735962 -0.0007104167 +0.0012682934 +0.0643432292 +0.0004557520 +0.0124484457 +0.0001898463 -1.3788833333 +0.0026613730 +2.1846354938 +0.0084947735 +0.1958567037 +0.5268277318 -0.0022779310
+4.5000000000 +0.1950361111 +0.0007446568 -0.0008236111 +0.0012269776 +0.0602196373 +0.0004248359 +0.0108458279 +0.0001632704 -1.3297097222 +0.0025857116 +2.0355641204 +0.0078263356 +0.1774444217 +0.4754420889 +0.0030688081
+4.6000000000 +0.1893645833 +0.0007255496 -0.0007326389 +0.0011928464 +0.0569158372 +0.0004014667 +0.0096864327 +0.0001455784 -1.2895069444 +0.0025383562 +1.9205582562 +0.0074432415 +0.1647930660 +0.4384822056 +0.0032727006
+4.7000000000 +0.1850937500 +0.0007038147 +0.0000437500 +0.0011626898 +0.0540739005 +0.0003783443 +0.0086497623 +0.0001282987 -1.2418597222 +0.0024796102 +1.7881542438 +0.0069525315 +0.1517683724 +0.4008054445 +0.0139305036
+4.8000000000 +0.1804944444 +0.0006893752 +0.0001000000 +0.0011356470 +0.0515877701 +0.0003648095 +0.0079847360 +0.0001220176 -1.2036625000 +0.0024439791 +1.6877247685 +0.0066997423 +0.1425714419 +0.3733146166 -0.0001054555
+4.9000000000 +0.1770229167 +0.0006750147 -0.0001118056 +0.0011131363 +0.0495629051 +0.0003491894 +0.0073338100 +0.0001140519 -1.1654152778 +0.0024167875 +1.5918272377 +0.0063645717 +0.1339037785 +0.3503057412 +0.0048354632
+5.0000000000 +0.1730263889 +0.0006568142 -0.0017166667 +0.0010861789 +0.0471943287 +0.0003288588 +0.0065532292 +0.0000978852 -1.1366027778 +0.0023653574 +1.5156625000 +0.0060447439 +0.1242446217 +0.3222671408 +0.0192586683
