# T, am1a, am1e, m1a, m1e, m2a, m2e, m4a, m4e, e1a, e1e, e2a, e2e, susc, susce, spec, spece, bind, binde
+2.0000000000 +0.5037109375 +0.0101286467 -0.0030742708 +0.0130829845 +0.4978507800 +0.0100999069 +0.4908369505 +0.0099566308 -4.9218896528 +0.0001560496 +24.2324594338 +0.0015173809 +17.5032127184 +0.0378504529 +0.2686117035 +0.0007533662 +0.3372322900 +0.0131377716
+2.1000000000 +0.5027761632 +0.0097576951 -0.0023553646 +0.0129240282 +0.4947679802 +0.0097220462 +0.4848872079 +0.0095415304 -4.8911754167 +0.0001293687 +23.9342618586 +0.0012512332 +16.5279074606 +0.0335496886 +0.3482362333 +0.0009540213 +0.3372483183 +0.0127347897
+2.2000000000 +0.5014744965 +0.0096148157 -0.0024685937 +0.0127063762 +0.4907492929 +0.0095567414 +0.4771646914 +0.0093043990 -4.8518316319 +0.0001143147 +23.5551813421 +0.0010825412 +15.6009714823 +0.0305286621 +0.4436338523 +0.0010899556 +0.3371082407 +0.0127006720
+2.3000000000 +0.4992177431 +0.0094142073 -0.0022531250 +0.0126388905 +0.4850770797 +0.0093248766 +0.4667381896 +0.0089896608 -4.8016454167 +0.0002189012 +23.0763942110 +0.0020620875 +14.7113187179 +0.0285191054 +0.5606207038 +0.0012476766 +0.3364026621 +0.0125622788
+2.4000000000 +0.4972829340 +0.0090624200 -0.0009948090 +0.0125781275 +0.4787688528 +0.0089384871 +0.4543512268 +0.0085029801 -4.7381116319 +0.0003880965 +22.4780823288 +0.0036203192 +13.8394357082 +0.0256766524 +0.7094746462 +0.0019069800 +0.3370194751 +0.0121708197
+2.5000000000 +0.4948321528 +0.0089373232 -0.0012846181 +0.0125251070 +0.4707566334 +0.0087474434 +0.4386604685 +0.0081628231 -4.6586202778 +0.0004547764 +21.7416120505 +0.0041833880 +12.9657033507 +0.0243499076 +0.8954977491 +0.0025428126 +0.3379522611 +0.0121414253
+2.6000000000 +0.4908011632 +0.0082602415 -0.0003069271 +0.0118732171 +0.4593851532 +0.0080180577 +0.4175425658 +0.0073196005 -4.5568194444 +0.0003488859 +20.8184032369 +0.0031374209 +12.0637138458 +0.0194143876 +1.1460050501 +0.0029041032 +0.3385105649 +0.0113889556
+2.7000000000 +0.4839716667 +0.0079211700 +0.0009731944 +0.0108369381 +0.4427353928 +0.0076027797 +0.3887923347 +0.0067179826 -4.4265366319 +0.0005481782 +19.6702455406 +0.0047868936 +11.0868996973 +0.0179863433 +1.5015502552 +0.0039663867 +0.3369323425 +0.0111995102
+2.8000000000 +0.4723080729 +0.0072343595 +0.0016363021 +0.0100122446 +0.4171302859 +0.0068133490 +0.3482172317 +0.0057565452 -4.2512201389 +0.0007585999 +18.1852870612 +0.0061699336 +9.9530748274 +0.0132607081 +2.0646484369 +0.0078376638 +0.3311937223 +0.0106488828
+2.9000000000 +0.4536235417 +0.0066629119 +0.0024765972 +0.0093444752 +0.3776465369 +0.0061162730 +0.2911765076 +0.0048304090 -4.0013426042 +0.0011927729 +16.1897662543 +0.0090129590 +8.5123005736 +0.0090774006 +3.0650835142 +0.0129648607 +0.3177448802 +0.0107816592
+3.0000000000 +0.4165920833 +0.0053534010 +0.0007765278 +0.0067336756 +0.3105085067 +0.0047369538 +0.2091822914 +0.0034052273 -3.6211491319 +0.0019358930 +13.4002296041 +0.0139145542 +6.5603017817 +0.0145535197 +4.5995374635 +0.0089042592 +0.2753445678 +0.0103122771
+3.1000000000 +0.3526552604 +0.0037906262 +0.0023546007 +0.0039292502 +0.2171359757 +0.0030829957 +0.1166875999 +0.0018966655 -3.1196791319 +0.0021152494 +10.0750555811 +0.0131854236 +4.3026528565 +0.0199268694 +5.1338465236 +0.0125972063 +0.1738373514 +0.0100606109
+3.2000000000 +0.2827071875 +0.0024493169 +0.0017994097 +0.0020991035 +0.1357484585 +0.0019241664 +0.0525596134 +0.0010785100 -2.6681634722 +0.0030702714 +7.3855255700 +0.0173394783 +2.5094300886 +0.0255214323 +3.7453357949 +0.0154056129 +0.0489604088 +0.0082163673
+3.3000000000 +0.2306778472 +0.0012784804 +0.0010762153 +0.0010805664 +0.0878353055 +0.0008821684 +0.0236064312 +0.0004024077 -2.3659154514 +0.0019437541 +5.7792774822 +0.0100395949 +1.5101101609 +0.0136397825 +2.4024301122 +0.0127203476 -0.0196244555 +0.0049148052
+3.4000000000 +0.1961636111 +0.0006777067 +0.0005481597 +0.0007253152 +0.0622821603 +0.0003806306 +0.0120467793 +0.0001247358 -2.1637150000 +0.0009605751 +4.8172343519 +0.0045084639 +1.0078900968 +0.0054358932 +1.6886681138 +0.0059656380 -0.0350996004 +0.0037566106
+3.5000000000 +0.1730818229 +0.0004421591 +0.0005012674 +0.0004761953 +0.0479561175 +0.0002171726 +0.0071121155 +0.0000574537 -2.0164578472 +0.0004364529 +4.1776254996 +0.0019321973 +0.7404416241 +0.0031553317 +1.3109447911 +0.0041235109 -0.0307763508 +0.0035893509
+3.6000000000 +0.1561630035 +0.0002904151 +0.0003009896 +0.0004277170 +0.0387847489 +0.0001411818 +0.0046245848 +0.0000299416 -1.8980426042 +0.0006547925 +3.6995267655 +0.0024596656 +0.5758808722 +0.0021220026 +1.0772972307 +0.0031906427 -0.0247177527 +0.0019868699
+3.7000000000 +0.1432269965 +0.0002321866 +0.0000745660 +0.0003310931 +0.0325178186 +0.0001079738 +0.0032419617 +0.0000244257 -1.7974051389 +0.0004469157 +3.3187269830 +0.0016559339 +0.4671557322 +0.0017412915 +0.9262676657 +0.0023299489 -0.0218463084 +0.0028900945
+3.8000000000 +0.1336785590 +0.0002112748 -0.0002015451 +0.0002530276 +0.0282276764 +0.0000914077 +0.0024161913 +0.0000160224 -1.7112563542 +0.0005399584 +3.0095564415 +0.0019485183 +0.3924861298 +0.0014468541 +0.8093040953 +0.0015820548 -0.0106898468 +0.0019332443
+3.9000000000 +0.1257894618 +0.0002068846 -0.0003138715 +0.0002291589 +0.0249491593 +0.0000841459 +0.0018816728 +0.0000161855 -1.6351359722 +0.0005616425 +2.7499478443 +0.0018522472 +0.3369504960 +0.0013655262 +0.7221305775 +0.0014299705 -0.0074437912 +0.0031554983
+4.0000000000 +0.1190567708 +0.0001720739 -0.0002659028 +0.0001937742 +0.0223279046 +0.0000662902 +0.0015065053 +0.0000118788 -1.5664557639 +0.0003544804 +2.5262130556 +0.0011277609 +0.2935113781 +0.0009939529 +0.6518532489 +0.0011522799 -0.0070923429 +0.0023774277
+4.1000000000 +0.1133963715 +0.0002240750 -0.0001712326 +0.0001516481 +0.0202563608 +0.0000751793 +0.0012348860 +0.0000088266 -1.5041091319 +0.0002951074 +2.3312023548 +0.0009597239 +0.2598013449 +0.0009587550 +0.5898534952 +0.0016106598 -0.0030904849 +0.0019340631
+4.2000000000 +0.1088136632 +0.0001730718 -0.0001541146 +0.0001850558 +0.0186439717 +0.0000631176 +0.0010501330 +0.0000084313 -1.4475495833 +0.0004369627 +2.1614427980 +0.0013156324 +0.2332545902 +0.0009301252 +0.5391109589 +0.0014789800 -0.0068540463 +0.0022578823
+4.3000000000 +0.1045498264 +0.0001197230 +0.0000094097 +0.0001815313 +0.0172225817 +0.0000421454 +0.0008958593 +0.0000052027 -1.3969279861 +0.0003296964 +2.0152611304 +0.0009409371 +0.2107012088 +0.0006216776 +0.4972808698 +0.0012869619 -0.0066585908 +0.0018626542
+4.4000000000 +0.1012708507 +0.0001048777 +0.0000115104 +0.0001388038 +0.0161456519 +0.0000281551 +0.0007865484 +0.0000038493 -1.3487888542 +0.0003049978 +1.8810171205 +0.0008339668 +0.1927556736 +0.0003918615 +0.4595564909 +0.0009854990 -0.0057049309 +0.0027223960
+4.5000000000 +0.0981163194 +0.0000885304 -0.0001661111 +0.0001751704 +0.0151457634 +0.0000280953 +0.0006923138 +0.0000032669 -1.3044850000 +0.0004306146 +1.7617997020 +0.0010904665 +0.1766039324 +0.0004588516 +0.4274967641 +0.0005571796 -0.0059551237 +0.0023967696
+4.6000000000 +0.0951899479 +0.0000993790 -0.0001394618 +0.0001918737 +0.0142647824 +0.0000316156 +0.0006148560 +0.0000035479 -1.2633627778 +0.0003037780 +1.6545503897 +0.0008146825 +0.1628939719 +0.0004462871 +0.3978643684 +0.0007521756 -0.0071167832 +0.0021647559
+4.7000000000 +0.0928531424 +0.0000922576 -0.0001965104 +0.0002240167 +0.0135543368 +0.0000290256 +0.0005506033 +0.0000035843 -1.2243158333 +0.0003406263 +1.5557372174 +0.0008165731 +0.1511248020 +0.0004396064 +0.3701810242 +0.0009956343 +0.0011371895 +0.0027569138
+4.8000000000 +0.0906039931 +0.0000990866 -0.0000549653 +0.0003111306 +0.0129015647 +0.0000230485 +0.0004982683 +0.0000021406 -1.1892096181 +0.0003843095 +1.4699357383 +0.0010022883 +0.1407714879 +0.0002535695 +0.3482171607 +0.0009288461 +0.0022107627 +0.0018876614
+4.9000000000 +0.0886043924 +0.0001060590 +0.0001113368 +0.0002101913 +0.0123528220 +0.0000303673 +0.0004581818 +0.0000030466 -1.1553483681 +0.0003984744 +1.3892283830 +0.0009403497 +0.1323028269 +0.0004323975 +0.3262457260 +0.0005822389 -0.0007740075 +0.0031090524
+5.0000000000 +0.0868070312 +0.0001113901 +0.0002705035 +0.0002020296 +0.0118534212 +0.0000331189 +0.0004218268 +0.0000028624 -1.1239064583 +0.0003551966 +1.3165607812 +0.0007570903 +0.1243536904 +0.0004370284 +0.3075482449 +0.0005077268 -0.0006253937 +0.0023730977
