# T, am1a, am1e, m1a, m1e, m2a, m2e, m4a, m4e, e1a, e1e, e2a, e2e, susc, susce, spec, spece, bind, binde
+2.0000000000 +0.4960593750 +0.0015559246 +0.0006012500 +0.0018611314 +0.4900185742 +0.0015338542 +0.4841842217 +0.0015040397 -4.9220112500 +0.0004730625 +24.2933379688 +0.0040486662 +1.9513556934 +0.0002946135 +0.2685639430 +0.0024669586 +0.3277863323 +0.0021125011
+2.1000000000 +0.4957818750 +0.0015175344 +0.0007981250 +0.0018998010 +0.4873676367 +0.0014944747 +0.4792146471 +0.0014589523 -4.8911084375 +0.0005026341 +24.0197280859 +0.0045177567 +1.8403424003 +0.0003242449 +0.3511430826 +0.0018900172 +0.3274310942 +0.0020725410
+2.2000000000 +0.4953967188 +0.0015424467 +0.0006064062 +0.0017654739 +0.4838698145 +0.0015335926 +0.4726751703 +0.0015248991 -4.8503693750 +0.0005426985 +23.6628315625 +0.0046180195 +1.7340226479 +0.0003118195 +0.4520513830 +0.0024229023 +0.3269822776 +0.0020929871
+2.3000000000 +0.4947621875 +0.0015413234 +0.0003068750 +0.0017916480 +0.4794061133 +0.0015561077 +0.4646036413 +0.0015548399 -4.7991859375 +0.0007543462 +23.2224851172 +0.0063390010 +1.6319494562 +0.0004197841 +0.5755576986 +0.0032216119 +0.3260972703 +0.0021234582
+2.4000000000 +0.4935535938 +0.0014487808 +0.0005395312 +0.0017915602 +0.4732485059 +0.0014423616 +0.4538610646 +0.0014241022 -4.7335612500 +0.0010268416 +22.6673851562 +0.0085491305 +1.5308824420 +0.0005116217 +0.7243680686 +0.0035252509 +0.3244440163 +0.0020093907
+2.5000000000 +0.4919464063 +0.0014160923 +0.0003551563 +0.0017422236 +0.4658332715 +0.0014123542 +0.4411484347 +0.0013708239 -4.6535800000 +0.0009331147 +22.0072172656 +0.0075155643 +1.4323324908 +0.0004719182 +0.8995884600 +0.0033152234 +0.3222950989 +0.0020147628
+2.6000000000 +0.4892482812 +0.0014022081 +0.0003304687 +0.0017613442 +0.4560287793 +0.0013821421 +0.4250142817 +0.0013305108 -4.5542543750 +0.0015006990 +21.2074236719 +0.0116683881 +1.3332014567 +0.0006737982 +1.1033567780 +0.0056594743 +0.3187044028 +0.0020255808
+2.7000000000 +0.4856192187 +0.0015242225 +0.0004610937 +0.0019031868 +0.4440218652 +0.0015118402 +0.4058048825 +0.0014325566 -4.4334321875 +0.0018185244 +20.2613270703 +0.0141724369 +1.2336154493 +0.0009020379 +1.3299819783 +0.0048680463 +0.3138251754 +0.0022901723
+2.8000000000 +0.4798671875 +0.0015776172 +0.0005712500 +0.0019757771 +0.4285471289 +0.0015781279 +0.3824687070 +0.0014932773 -4.2854453125 +0.0022673706 +19.1421428516 +0.0174341692 +1.1328555572 +0.0009810534 +1.5858161540 +0.0047355026 +0.3057275234 +0.0024337153
+2.9000000000 +0.4727164062 +0.0013722039 +0.0007667187 +0.0018552667 +0.4105127246 +0.0013072608 +0.3560091970 +0.0011811205 -4.1154078125 +0.0015682093 +17.8945019141 +0.0116644862 +1.0319067279 +0.0006102389 +1.8223940225 +0.0031623933 +0.2957489221 +0.0021724909
+3.0000000000 +0.4640514063 +0.0012139999 +0.0012482812 +0.0015875571 +0.3901278027 +0.0011807617 +0.3272405743 +0.0010499939 -3.9210693750 +0.0013666442 +16.5198608594 +0.0094997774 +0.9321032381 +0.0005808970 +2.0356571354 +0.0038069528 +0.2832502850 +0.0020645888
+3.1000000000 +0.4536142188 +0.0010493214 +0.0009304688 +0.0015461893 +0.3676344043 +0.0010061396 +0.2966225788 +0.0008836216 -3.7103834375 +0.0021883813 +15.0801280078 +0.0148156291 +0.8353937243 +0.0007163844 +2.1862807316 +0.0045779712 +0.2683917091 +0.0019032923
+3.2000000000 +0.4414542188 +0.0009274194 +0.0003260937 +0.0014612569 +0.3436711230 +0.0008935890 +0.2657425393 +0.0008046276 -3.4862384375 +0.0021293495 +13.6054148047 +0.0145955072 +0.7439034736 +0.0007794279 +2.2679859692 +0.0039491514 +0.2499772356 +0.0017056893
+3.3000000000 +0.4270193750 +0.0006324952 -0.0002687500 +0.0014235219 +0.3182936328 +0.0006171321 +0.2347200790 +0.0005854202 -3.2581387500 +0.0023767276 +12.1640904688 +0.0154991882 +0.6591228397 +0.0008457538 +2.2752115573 +0.0040360780 +0.2277077103 +0.0012619631
+3.4000000000 +0.4125671875 +0.0007768896 -0.0004631250 +0.0012772614 +0.2936301758 +0.0007129751 +0.2053886674 +0.0006174471 -3.0327634375 +0.0017531831 +10.7952673047 +0.0102813055 +0.5807644988 +0.0006135931 +2.2111868517 +0.0033583576 +0.2059129383 +0.0015512058
+3.5000000000 +0.3980409375 +0.0007654024 -0.0004525000 +0.0012878453 +0.2704742187 +0.0007339733 +0.1791004764 +0.0006555753 -2.8184615625 +0.0014094814 +9.5412299609 +0.0082206687 +0.5121452453 +0.0007628472 +2.0865103873 +0.0034594343 +0.1839167127 +0.0015553280
+3.6000000000 +0.3832785937 +0.0006429548 -0.0005945313 +0.0011698978 +0.2485309082 +0.0005952962 +0.1553284786 +0.0004867007 -2.6191278125 +0.0016169972 +8.4162088672 +0.0091612199 +0.4516635283 +0.0005832133 +1.9214224965 +0.0033932572 +0.1617383911 +0.0015020795
+3.7000000000 +0.3685900000 +0.0007469697 -0.0009350000 +0.0011262647 +0.2280498437 +0.0007432109 +0.1341377725 +0.0006461750 -2.4317534375 +0.0024168700 +7.4028262891 +0.0130294670 +0.3986407611 +0.0009721056 +1.7406493448 +0.0034026283 +0.1402458512 +0.0016732938
+3.8000000000 +0.3557835938 +0.0005536725 -0.0012529688 +0.0012995988 +0.2107676270 +0.0005662081 +0.1170108002 +0.0005157628 -2.2680800000 +0.0025168544 +6.5530064063 +0.0131996630 +0.3544530351 +0.0008616104 +1.5609486696 +0.0035605380 +0.1220090530 +0.0012165135
+3.9000000000 +0.3429176562 +0.0004790839 -0.0009879688 +0.0011027849 +0.1947002637 +0.0004549866 +0.1018809706 +0.0003788182 -2.1248621875 +0.0018458880 +5.8393404297 +0.0080210662 +0.3163300492 +0.0007027699 +1.3930488266 +0.0028930866 +0.1041443997 +0.0014491309
+4.0000000000 +0.3308939063 +0.0002938016 -0.0007532812 +0.0012665316 +0.1803199707 +0.0002969095 +0.0889505152 +0.0002662467 -1.9905871875 +0.0019770301 +5.2000519922 +0.0084737796 +0.2833133213 +0.0005813781 +1.2375755547 +0.0022865912 +0.0881281644 +0.0008916890
+4.1000000000 +0.3202331250 +0.0003929265 -0.0001781250 +0.0010072797 +0.1678579492 +0.0003390278 +0.0779683208 +0.0002475500 -1.8760465625 +0.0020709483 +4.6667838672 +0.0092625373 +0.2548571745 +0.0004819401 +1.0919122182 +0.0021171396 +0.0776121247 +0.0013435850
+4.2000000000 +0.3109406250 +0.0003320235 +0.0001640625 +0.0007555529 +0.1575448828 +0.0002579780 +0.0694022195 +0.0001754528 -1.7738753125 +0.0010518553 +4.2219030078 +0.0040360747 +0.2318465072 +0.0003718854 +0.9752909928 +0.0015564990 +0.0679382236 +0.0011743038
+4.3000000000 +0.3015590625 +0.0003563845 +0.0003225000 +0.0008450958 +0.1477611523 +0.0002748452 +0.0617275791 +0.0002145535 -1.6822387500 +0.0011731572 +3.8366179688 +0.0053425461 +0.2114307500 +0.0004133442 +0.8711104327 +0.0019631765 +0.0576065348 +0.0015576935
+4.4000000000 +0.2936328125 +0.0001373796 +0.0004671875 +0.0007223976 +0.1394456641 +0.0001247429 +0.0553301909 +0.0001135126 -1.6005878125 +0.0011371866 +3.5034501953 +0.0051226376 +0.1935463518 +0.0002868346 +0.7781453867 +0.0019728816 +0.0515197732 +0.0011374758
+4.5000000000 +0.2857421875 +0.0001814560 +0.0002518750 +0.0007814356 +0.1317151563 +0.0001319719 +0.0498204214 +0.0000965035 -1.5246521875 +0.0011916662 +3.2103096484 +0.0040382981 +0.1780132596 +0.0002135937 +0.6998369619 +0.0010003507 +0.0427769587 +0.0009854846
+4.6000000000 +0.2789321875 +0.0002562589 -0.0000340625 +0.0006699859 +0.1252029297 +0.0002003218 +0.0452109225 +0.0001361560 -1.4589940625 +0.0011539940 +2.9653403516 +0.0052934360 +0.1648664618 +0.0003266767 +0.6326377014 +0.0018839692 +0.0386296802 +0.0016217432
+4.7000000000 +0.2729467187 +0.0004102240 -0.0002135937 +0.0005781013 +0.1196013184 +0.0003037823 +0.0413662275 +0.0001698658 -1.4004262500 +0.0006026337 +2.7506560156 +0.0029447746 +0.1535309762 +0.0003362351 +0.5718125503 +0.0011521239 +0.0360569576 +0.0017571238
+4.8000000000 +0.2668928125 +0.0004035633 -0.0005065625 +0.0004460956 +0.1141209766 +0.0003010818 +0.0377453670 +0.0001717163 -1.3437993750 +0.0019674790 +2.5549070313 +0.0057178725 +0.1429585819 +0.0003660666 +0.5201885842 +0.0010374029 +0.0339351988 +0.0020105626
+4.9000000000 +0.2615121875 +0.0002492129 -0.0008909375 +0.0005268650 +0.1094195703 +0.0001973323 +0.0347950565 +0.0001232123 -1.2940590625 +0.0015767741 +2.3878519141 +0.0057837836 +0.1339765715 +0.0002541944 +0.4752940906 +0.0014445587 +0.0312785650 +0.0015833492
+5.0000000000 +0.2564975000 +0.0002942826 -0.0010568750 +0.0005408226 +0.1050655664 +0.0001532342 +0.0321221944 +0.0000697946 -1.2474340625 +0.0010931951 +2.2362819922 +0.0042891311 +0.1256759452 +0.0001407879 +0.4353141127 +0.0013805219 +0.0300090729 +0.0015522831
