# T, am1a, am1e, m1a, m1e, m2a, m2e, m4a, m4e, e1a, e1e, e2a, e2e, susc, spec, bind
+2.0000000000 +0.4905964844 +0.0024686092 +0.0141503906 +0.0034793891 +0.4844461731 +0.0024654040 +0.4778167758 +0.0024365361 -4.9215562500 +0.0006430318 +24.2382555176 +0.0061883360 +7.8003604037 +0.2646335306 +0.3213449586
+2.1000000000 +0.4904078125 +0.0024564276 +0.0113773437 +0.0034703453 +0.4818612915 +0.0024502895 +0.4723470473 +0.0024093804 -4.8904031250 +0.0007749189 +23.9400626953 +0.0073967469 +7.3557781011 +0.3485891382 +0.3218966818
+2.2000000000 +0.4897792969 +0.0024416295 +0.0116355469 +0.0034576385 +0.4783459412 +0.0024322617 +0.4654507159 +0.0023775868 -4.8517437500 +0.0009202557 +23.5732922363 +0.0086966923 +6.9370816441 +0.4479315129 +0.3219397876
+2.3000000000 +0.4897296875 +0.0024218836 +0.0102164063 +0.0034436594 +0.4744559814 +0.0024072571 +0.4569039480 +0.0023341266 -4.8003062500 +0.0010782817 +23.0894477539 +0.0100723240 +6.5285791896 +0.5626635629 +0.3234314534
+2.4000000000 +0.4888511719 +0.0023977219 +0.0099285156 +0.0034235935 +0.4689382751 +0.0023762155 +0.4457591178 +0.0022818621 -4.7361484375 +0.0012655954 +22.4951712891 +0.0116448691 +6.1323415174 +0.7118807448 +0.3243098046
+2.5000000000 +0.4892601563 +0.0023673314 +0.0066835938 +0.0034040460 +0.4635458252 +0.0023373150 +0.4333963820 +0.0022192126 -4.6586164063 +0.0014863420 +21.7910753174 +0.0133903571 +5.7387603124 +0.9048934072 +0.3276759008
+2.6000000000 +0.4846550781 +0.0023247557 +0.0074160156 +0.0033578829 +0.4510700989 +0.0022827744 +0.4119065876 +0.0021353694 -4.5526085937 +0.0017562600 +20.8496229736 +0.0154050932 +5.3213428708 +1.1680754154 +0.3251777323
+2.7000000000 +0.4796187500 +0.0022683785 +0.0080898438 +0.0033007209 +0.4358557861 +0.0022119802 +0.3856845182 +0.0020332687 -4.4213890625 +0.0020810580 +19.7219133301 +0.0176357153 +4.8787351889 +1.5208304029 +0.3232545883
+2.8000000000 +0.4710968750 +0.0021912690 +0.0064226563 +0.0032169761 +0.4139986572 +0.0021185259 +0.3509209753 +0.0019072870 -4.2480671875 +0.0024924702 +18.2945711426 +0.0201119375 +4.3900889507 +2.0285413311 +0.3175195615
+2.9000000000 +0.4566531250 +0.0020815480 +0.0010781250 +0.0030896788 +0.3818457642 +0.0019917649 +0.3044912884 +0.0017479321 -4.0138617188 +0.0029993888 +16.4709392334 +0.0227813414 +3.8248537950 +2.7384796092 +0.3038903369
+3.0000000000 +0.4362769531 +0.0019290180 -0.0001011719 +0.0029119666 +0.3391820007 +0.0018249341 +0.2482598122 +0.0015526569 -3.7021171875 +0.0035128562 +14.1992780273 +0.0248900719 +3.1753476460 +3.5100896523 +0.2806842453
+3.1000000000 +0.4002371094 +0.0017319074 -0.0045199219 +0.0026464572 +0.2801698669 +0.0016034131 +0.1813325024 +0.0012983621 -3.3239429687 +0.0038213350 +11.6327009033 +0.0250908644 +2.4770089956 +3.8899749016 +0.2299630727
+3.2000000000 +0.3580847656 +0.0015190031 -0.0040246094 +0.0023478890 +0.2205195129 +0.0013572019 +0.1223087398 +0.0010316759 -2.9401031250 +0.0038327974 +9.2318198242 +0.0232626057 +1.8458962713 +3.6725839911 +0.1616175328
+3.3000000000 +0.3183207031 +0.0013184723 -0.0027519531 +0.0020667321 +0.1708628357 +0.0011170523 +0.0791063459 +0.0007803052 -2.5991039062 +0.0035769131 +7.2671134033 +0.0199662889 +1.3485530309 +3.0076608284 +0.0967772883
+3.4000000000 +0.2827222656 +0.0011467803 -0.0023035156 +0.0018202388 +0.1325360779 +0.0009062148 +0.0504148249 +0.0005723863 -2.3334539062 +0.0032297146 +5.8622493896 +0.0165638762 +0.9901966758 +2.3099917346 +0.0433154072
+3.5000000000 +0.2539050781 +0.0010105467 -0.0017738281 +0.0016225969 +0.1053159729 +0.0007367988 +0.0328063555 +0.0004127539 -2.1285445313 +0.0028908875 +4.8649910400 +0.0136232980 +0.7469382254 +1.7464906111 +0.0140650899
+3.6000000000 +0.2329207031 +0.0009104392 -0.0013339844 +0.0014782275 +0.0874080383 +0.0006144939 +0.0227442734 +0.0003060222 -1.9744765625 +0.0026390663 +4.1771445312 +0.0115398513 +0.5894397224 +1.3757374587 +0.0076884081
+3.7000000000 +0.2153574219 +0.0008379677 -0.0014738281 +0.0013644068 +0.0744664124 +0.0005311117 +0.0168284318 +0.0002434575 -1.8512218750 +0.0024528813 +3.6676875000 +0.0100223233 +0.4858394499 +1.1250960153 -0.0115830185
+3.8000000000 +0.2000957031 +0.0007748111 -0.0022363281 +0.0012653713 +0.0640515808 +0.0004584347 +0.0125091014 +0.0001877197 -1.7485265625 +0.0023121784 +3.2711918945 +0.0088472542 +0.4044343647 +0.9477972510 -0.0163543584
+3.9000000000 +0.1883125000 +0.0007245951 -0.0025781250 +0.0011880286 +0.0564631226 +0.0004022433 +0.0096600711 +0.0001461598 -1.6605343750 +0.0021849572 +2.9483359375 +0.0078741895 +0.3446404087 +0.8035199030 -0.0100183915
+4.0000000000 +0.1781921875 +0.0006844762 -0.0026898437 +0.0011234492 +0.0504927612 +0.0003596150 +0.0077224373 +0.0001184905 -1.5824945313 +0.0020992881 +2.6805693604 +0.0071400403 +0.2998448887 +0.7051216757 -0.0096594005
+4.1000000000 +0.1699187500 +0.0006459290 -0.0019359375 +0.0010672114 +0.0455613525 +0.0003229703 +0.0062482284 +0.0000989466 -1.5154960937 +0.0020127528 +2.4587753662 +0.0065453881 +0.2605107659 +0.6169545025 -0.0033268294
+4.2000000000 +0.1627371094 +0.0006170298 -0.0018691406 +0.0010211379 +0.0417123962 +0.0002923464 +0.0051585800 +0.0000795592 -1.4561460937 +0.0019530528 +2.2729380615 +0.0060500080 +0.2320614015 +0.5535659508 +0.0117231168
+4.3000000000 +0.1549628906 +0.0005932573 -0.0015996094 +0.0009758216 +0.0380916687 +0.0002708332 +0.0043850010 +0.0000691203 -1.3989203125 +0.0019167945 +2.1039420898 +0.0057071283 +0.2095355718 +0.5086911381 -0.0073686925
+4.4000000000 +0.1507808594 +0.0005733529 -0.0013488281 +0.0009471324 +0.0358842102 +0.0002543531 +0.0038754974 +0.0000624290 -1.3551460937 +0.0018882451 +1.9790397217 +0.0054373046 +0.1912631658 +0.4714670621 -0.0032274684
+4.5000000000 +0.1470812500 +0.0005544311 -0.0011960938 +0.0009209671 +0.0339286499 +0.0002390254 +0.0034364793 +0.0000551825 -1.3072625000 +0.0018561179 +1.8467421875 +0.0051617425 +0.1748729714 +0.4355379946 +0.0049169812
+4.6000000000 +0.1423789062 +0.0005392380 +0.0001484375 +0.0008930682 +0.0319028564 +0.0002248118 +0.0030394056 +0.0000476491 -1.2663187500 +0.0018188578 +1.7358929199 +0.0048800469 +0.1618240487 +0.4002411896 +0.0045756534
+4.7000000000 +0.1390093750 +0.0005266104 -0.0005398437 +0.0008720099 +0.0304163452 +0.0002150725 +0.0027754010 +0.0000450507 -1.2254867188 +0.0018030834 +1.6318620850 +0.0046973867 +0.1510500613 +0.3767696141 +0.0000220265
+4.8000000000 +0.1360964844 +0.0005166773 -0.0012558594 +0.0008543842 +0.0292004700 +0.0002061953 +0.0025533278 +0.0000397766 -1.1936835938 +0.0017858939 +1.5524572021 +0.0045100535 +0.1423762255 +0.3543796671 +0.0018274272
+4.9000000000 +0.1329527344 +0.0005024113 -0.0002558594 +0.0008332624 +0.0277731140 +0.0001948190 +0.0022895234 +0.0000355819 -1.1535210938 +0.0017617539 +1.4547619873 +0.0043232958 +0.1318750620 +0.3309316414 +0.0105937019
+5.0000000000 +0.1296234375 +0.0004913469 +0.0001593750 +0.0008133124 +0.0264591064 +0.0001865716 +0.0020924433 +0.0000338663 -1.1211195312 +0.0017314422 +1.3768246826 +0.0041024911 +0.1236079475 +0.3069841389 +0.0037184266
