# T, am1a, am1e, m1a, m1e, m2a, m2e, m4a, m4e, e1a, e1e, e2a, e2e, susc, spec, bind
+2.0000000000 +0.4889781250 +0.0024688201 +0.0075820313 +0.0034743526 +0.4829025146 +0.0024653208 +0.4763071109 +0.0024365319 -4.9227460937 +0.0006435798 +24.2499968994 +0.0061887467 +7.8016930534 +0.2650847341 +0.3191571568
+2.1000000000 +0.4896445313 +0.0024567280 +0.0043609375 +0.0034682605 +0.4811722656 +0.0024511170 +0.4718457324 +0.0024110472 -4.8917203125 +0.0007741761 +23.9529015625 +0.0073856610 +7.3575771015 +0.3479212230 +0.3206749918
+2.2000000000 +0.4882882813 +0.0024413894 +0.0065078125 +0.0034525294 +0.4768407349 +0.0024321945 +0.4639998807 +0.0023777391 -4.8505367187 +0.0009265699 +23.5620477295 +0.0087525871 +6.9357175057 +0.4540994321 +0.3197791856
+2.3000000000 +0.4859492188 +0.0024225152 +0.0058453125 +0.0034309462 +0.4708898315 +0.0024086592 +0.4538028015 +0.0023371094 -4.8019734375 +0.0010784893 +23.1054744629 +0.0100747361 +6.5319843712 +0.5628802230 +0.3178069458
+2.4000000000 +0.4852855469 +0.0023982481 +0.0057292969 +0.0034114989 +0.4655658142 +0.0023774008 +0.4428329079 +0.0022840651 -4.7385984375 +0.0012542305 +22.5172389160 +0.0115486998 +6.1350333921 +0.6991529349 +0.3189853327
+2.5000000000 +0.4838441406 +0.0023678487 +0.0067292969 +0.0033849969 +0.4583734436 +0.0023369889 +0.4285669056 +0.0022185458 -4.6598625000 +0.0014772339 +21.8016073242 +0.0133260563 +5.7412682544 +0.8938373664 +0.3200789610
+2.6000000000 +0.4829457031 +0.0023277617 +0.0088089844 +0.0033537216 +0.4499755310 +0.0022862547 +0.4115563923 +0.0021401183 -4.5590257812 +0.0017337669 +20.9049539795 +0.0152253254 +5.3351133253 +1.1383470333 +0.3224672376
+2.7000000000 +0.4770925781 +0.0022714227 +0.0099136719 +0.0032935296 +0.4339917664 +0.0022150123 +0.3846000402 +0.0020361814 -4.4275500000 +0.0020666895 +19.7740472168 +0.0174912616 +4.8918385364 +1.4999020185 +0.3193480545
+2.8000000000 +0.4707207031 +0.0021928100 +0.0128667969 +0.0032161664 +0.4139146057 +0.0021214999 +0.3513557689 +0.0019109551 -4.2512062500 +0.0024970154 +18.3221580078 +0.0201700871 +4.3962657226 +2.0359463492 +0.3163964162
+2.9000000000 +0.4547687500 +0.0020801012 +0.0162921875 +0.0030806737 +0.3798874512 +0.0019920713 +0.3030484010 +0.0017488168 -4.0111929687 +0.0030117462 +16.4524936279 +0.0228573038 +3.8195384319 +2.7610908566 +0.3000277118
+3.0000000000 +0.4304730469 +0.0019282744 +0.0174332031 +0.0028884807 +0.3340367371 +0.0018217236 +0.2443276233 +0.0015434608 -3.7001843750 +0.0034865756 +14.1776127930 +0.0247121465 +3.1729001168 +3.4577662860 +0.2701008630
+3.1000000000 +0.3978007813 +0.0017375707 +0.0172062500 +0.0026396756 +0.2790115356 +0.0016107007 +0.1816217062 +0.0013072109 -3.3288421875 +0.0038330825 +11.6688911621 +0.0251959435 +2.4932350778 +3.9139286765 +0.2223177662
+3.2000000000 +0.3567464844 +0.0015230377 +0.0137472656 +0.0023444872 +0.2200538025 +0.0013623533 +0.1226639374 +0.0010394934 -2.9415125000 +0.0038727366 +9.2524193359 +0.0235628018 +1.8557149675 +3.7495221768 +0.1556200908
+3.3000000000 +0.3163777344 +0.0013167321 +0.0098167969 +0.0020576069 +0.1694462097 +0.0011150108 +0.0784419776 +0.0007797266 -2.5987398437 +0.0035833429 +7.2670626221 +0.0200399717 +1.3449956637 +3.0184835795 +0.0893246904
+3.4000000000 +0.2814039063 +0.0011493340 +0.0057382813 +0.0018165488 +0.1320269043 +0.0009112039 +0.0506428072 +0.0005802980 -2.3343601562 +0.0032401654 +5.8691842041 +0.0167076893 +0.9946116865 +2.3249653426 +0.0315624161
+3.5000000000 +0.2518242187 +0.0010126551 +0.0033539063 +0.0016157274 +0.1044342529 +0.0007409897 +0.0328691450 +0.0004213940 -2.1267296875 +0.0028971318 +4.8587140625 +0.0137046405 +0.7500583457 +1.7540435529 -0.0045723588
+3.6000000000 +0.2290863281 +0.0009046336 +0.0032707031 +0.0014594890 +0.0852150208 +0.0006073351 +0.0220158371 +0.0003030424 -1.9668859375 +0.0026315538 +4.1456433105 +0.0114403169 +0.5819462225 +1.3679161452 -0.0106054615
+3.7000000000 +0.2123398438 +0.0008264748 +0.0026585937 +0.0013453955 +0.0724106323 +0.0005171734 +0.0159420311 +0.0002316841 -1.8492359375 +0.0024456673 +3.6589250977 +0.0099456056 +0.4726040749 +1.1184878661 -0.0134859138
+3.8000000000 +0.1986781250 +0.0007707836 +0.0033132812 +0.0012572422 +0.0632372925 +0.0004534674 +0.0122242633 +0.0001845447 -1.7477484375 +0.0023093518 +3.2679488281 +0.0088366268 +0.4002407600 +0.9454813400 -0.0189547725
+3.9000000000 +0.1873664063 +0.0007213450 +0.0011679687 +0.0011823531 +0.0559197144 +0.0003989780 +0.0094943520 +0.0001439489 -1.6572820313 +0.0022011382 +2.9403841064 +0.0078906884 +0.3415555965 +0.8154650902 -0.0120784685
+4.0000000000 +0.1777359375 +0.0006780973 +0.0008890625 +0.0011178317 +0.0499827026 +0.0003543450 +0.0075206845 +0.0001172593 -1.5859429687 +0.0021153025 +2.6941952881 +0.0072210851 +0.2942822265 +0.7159207518 -0.0034520925
+4.1000000000 +0.1701621094 +0.0006463098 -0.0002722656 +0.0010684536 +0.0456638000 +0.0003203730 +0.0061907357 +0.0000940519 -1.5158335938 +0.0020398921 +2.4641978760 +0.0066159512 +0.2608180540 +0.6337042885 +0.0103607512
+4.2000000000 +0.1624410156 +0.0006169122 +0.0005988281 +0.0010199259 +0.0416103088 +0.0002927445 +0.0051593906 +0.0000804123 -1.4555742188 +0.0019775026 +2.2751169678 +0.0061514219 +0.2319729567 +0.5675126040 +0.0067118051
+4.3000000000 +0.1565414062 +0.0005943280 +0.0006718750 +0.0009827740 +0.0386342407 +0.0002720214 +0.0044524300 +0.0000706355 -1.4014500000 +0.0019307317 +2.1131710938 +0.0057499329 +0.2102925224 +0.5161154916 +0.0056687744
+4.4000000000 +0.1509710938 +0.0005760235 +0.0003968750 +0.0009495293 +0.0360643921 +0.0002554879 +0.0039116021 +0.0000620583 -1.3522835937 +0.0018922814 +1.9719000732 +0.0054537084 +0.1930490319 +0.4734848110 -0.0024810764
+4.5000000000 +0.1464390625 +0.0005537376 +0.0003273437 +0.0009180047 +0.0337094116 +0.0002387755 +0.0034168747 +0.0000550767 -1.3075453125 +0.0018675742 +1.8491880859 +0.0052093612 +0.1744357347 +0.4409310552 -0.0023178351
+4.6000000000 +0.1417085938 +0.0005390557 +0.0010156250 +0.0008902743 +0.0317045654 +0.0002248671 +0.0030277881 +0.0000486278 -1.2643062500 +0.0018256950 +1.7317967773 +0.0049071797 +0.1617146419 +0.4032559049 -0.0040621957
+4.7000000000 +0.1386058594 +0.0005273514 +0.0011152344 +0.0008708375 +0.0303355652 +0.0002152720 +0.0027739278 +0.0000435509 -1.2289304688 +0.0017940548 +1.6390154053 +0.0046779653 +0.1514754850 +0.3730058727 -0.0047770754
+4.8000000000 +0.1355023438 +0.0005142872 -0.0004304688 +0.0008505932 +0.0289405396 +0.0002045646 +0.0025114221 +0.0000391959 -1.1922210937 +0.0017617733 +1.5455449463 +0.0044401838 +0.1410620585 +0.3448716942 +0.0004944409
+4.9000000000 +0.1326562500 +0.0005057201 -0.0007093750 +0.0008340757 +0.0278277954 +0.0001971997 +0.0023298956 +0.0000367867 -1.1593617188 +0.0017597969 +1.4679949951 +0.0043313297 +0.1336178253 +0.3301968186 -0.0028999143
+5.0000000000 +0.1299960938 +0.0004932943 +0.0002804688 +0.0008159730 +0.0266325562 +0.0001885597 +0.0021314840 +0.0000340166 -1.1240820312 +0.0017475339 +1.3857154053 +0.0041558627 +0.1245897186 +0.3127167803 -0.0016941025
