# T, am1a, am1e, m1a, m1e, m2a, m2e, m4a, m4e, e1a, e1e, e2a, e2e, susc, spec, bind
+2.0000000000 +0.4962375000 +0.0024705438 -0.0026875000 +0.0035013851 +0.4903951172 +0.0024714946 +0.4848187935 +0.0024575731 -4.9231906250 +0.0012761018 +24.3029433594 +0.0114293098 +1.9531476863 +0.2605497171 +0.3280051927
+2.1000000000 +0.4959843750 +0.0024581789 -0.0024187500 +0.0034917775 +0.4877062500 +0.0024597052 +0.4798633713 +0.0024413309 -4.8922468750 +0.0015385334 +24.0287628906 +0.0136162645 +1.8415676172 +0.3435225567 +0.3275194873
+2.2000000000 +0.4966031250 +0.0024417040 -0.0033625000 +0.0034823846 +0.4850914063 +0.0024433394 +0.4741099670 +0.0024196926 -4.8510718750 +0.0018536579 +23.6703402344 +0.0161245516 +1.7343763090 +0.4543533817 +0.3284000285
+2.3000000000 +0.4960265625 +0.0024229450 -0.0038484375 +0.0034671820 +0.4808688477 +0.0024248066 +0.4664223331 +0.0023950311 -4.8018781250 +0.0021693604 +23.2462785156 +0.0185924943 +1.6335756310 +0.5693610231 +0.3276354669
+2.4000000000 +0.4943828125 +0.0023956422 -0.0022390625 +0.0034422863 +0.4739784180 +0.0023978697 +0.4546466976 +0.0023609706 -4.7311156250 +0.0025741770 +22.6485105469 +0.0215757256 +1.5304270178 +0.7362652493 +0.3254165967
+2.5000000000 +0.4940890625 +0.0023635193 -0.0021859375 +0.0034189478 +0.4675729492 +0.0023661717 +0.4425751995 +0.0023226849 -4.6494437500 +0.0029934603 +21.9757593750 +0.0244803881 +1.4300732642 +0.9175864079 +0.3252124461
+2.6000000000 +0.4914515625 +0.0023244039 -0.0023109375 +0.0033824304 +0.4576387695 +0.0023261487 +0.4258719517 +0.0022740173 -4.5487437500 +0.0034455893 +21.1659531250 +0.0274981729 +1.3299331154 +1.1239844304 +0.3221834560
+2.7000000000 +0.4892812500 +0.0022824716 -0.0004437500 +0.0033458295 +0.4477832031 +0.0022837447 +0.4091293961 +0.0022232019 -4.4356593750 +0.0038751554 +20.2757472656 +0.0301917544 +1.2348862905 +1.3183499031 +0.3198513619
+2.8000000000 +0.4842062500 +0.0022288567 -0.0011593750 +0.0032907690 +0.4331677734 +0.0022312891 +0.3867803627 +0.0021622822 -4.2884468750 +0.0043919459 +19.1623441406 +0.0330742622 +1.1354976051 +1.5746276345 +0.3128826986
+2.9000000000 +0.4769312500 +0.0021625715 -0.0012562500 +0.0032192020 +0.4145320312 +0.0021662307 +0.3595390182 +0.0020870979 -4.1114187500 +0.0049026318 +17.8651960938 +0.0357012934 +1.0321026981 +1.8291214381 +0.3025572172
+3.0000000000 +0.4690265625 +0.0020922681 +0.0020515625 +0.0031427899 +0.3950893555 +0.0020944485 +0.3315641735 +0.0020058029 -3.9216312500 +0.0053490410 +16.5236812500 +0.0376864170 +0.9338850087 +2.0346481583 +0.2919634377
+3.1000000000 +0.4585093750 +0.0020158273 +0.0028000000 +0.0030527258 +0.3727732422 +0.0020148654 +0.3013471931 +0.0019133778 -3.7166187500 +0.0057276906 +15.1255125000 +0.0390570900 +0.8389284915 +2.1848200910 +0.2771362706
+3.2000000000 +0.4458671875 +0.0019346704 +0.0020828125 +0.0029517418 +0.3485155273 +0.0019318032 +0.2707376171 +0.0018190206 -3.4964968750 +0.0060396295 +13.6845753906 +0.0397257195 +0.7485898923 +2.2798203027 +0.2570098031
+3.3000000000 +0.4289421875 +0.0018458033 +0.0012078125 +0.0028296181 +0.3202709961 +0.0018278642 +0.2362170086 +0.0016929453 -3.2563281250 +0.0062124752 +12.1474667969 +0.0394264936 +0.6607495558 +2.2682004616 +0.2323651385
+3.4000000000 +0.4162062500 +0.0017608515 -0.0002250000 +0.0027260388 +0.2972515625 +0.0017338159 +0.2086031967 +0.0015830175 -3.0375437500 +0.0063334612 +10.8311812500 +0.0387042900 +0.5836419763 +2.2207740025 +0.2130422578
+3.5000000000 +0.4002578125 +0.0016726578 -0.0003328125 +0.0026082445 +0.2721176758 +0.0016280463 +0.1800694202 +0.0014551172 -2.8194906250 +0.0062921197 +9.5331582031 +0.0370441462 +0.5115947854 +2.0684157632 +0.1894026011
+3.6000000000 +0.3855812500 +0.0016004909 -0.0007312500 +0.0025056696 +0.2511357422 +0.0015379511 +0.1576809013 +0.0013456796 -2.6244781250 +0.0062347394 +8.4427644531 +0.0353792737 +0.4553904082 +1.9196037340 +0.1666243912
+3.7000000000 +0.3724687500 +0.0015286029 -0.0027531250 +0.0024093073 +0.2321980469 +0.0014491573 +0.1379182037 +0.0012397157 -2.4452968750 +0.0061017066 +7.4687097656 +0.0333772273 +0.4041733066 +1.7405206238 +0.1473256226
+3.8000000000 +0.3582328125 +0.0014573361 -0.0032359375 +0.0023090767 +0.2132838867 +0.0013594859 +0.1194180920 +0.0011380393 -2.2780375000 +0.0059452068 +6.6032742188 +0.0314067747 +0.3576974264 +1.5665588558 +0.1249501789
+3.9000000000 +0.3431640625 +0.0013929251 -0.0024953125 +0.0022100055 +0.1953711914 +0.0012709764 +0.1027851414 +0.0010297842 -2.1308468750 +0.0057574268 +5.8664269531 +0.0292160417 +0.3183984312 +1.3947861127 +0.1023892751
+4.0000000000 +0.3294796875 +0.0013323157 -0.0035609375 +0.0021186481 +0.1795594727 +0.0011880484 +0.0886999653 +0.0009365910 -1.9955187500 +0.0055589618 +5.2181773437 +0.0272027309 +0.2840104327 +1.2360822621 +0.0829657577
+4.1000000000 +0.3193156250 +0.0012806423 -0.0021375000 +0.0020467028 +0.1675642578 +0.0011193881 +0.0781989677 +0.0008569205 -1.8828125000 +0.0053775809 +4.7017179687 +0.0252885952 +0.2560069832 +1.1009970814 +0.0716387791
+4.2000000000 +0.3088359375 +0.0012320939 -0.0008453125 +0.0019754818 +0.1561018555 +0.0010535012 +0.0687623791 +0.0007849043 -1.7795250000 +0.0051813220 +4.2405531250 +0.0235789158 +0.2313227397 +0.9740080720 +0.0593815155
+4.3000000000 +0.3002296875 +0.0011917597 -0.0008953125 +0.0019166945 +0.1469495117 +0.0009977174 +0.0614117565 +0.0007177755 -1.6886687500 +0.0050127557 +3.8567109375 +0.0219175038 +0.2113921729 +0.8697534151 +0.0520313613
+4.4000000000 +0.2935734375 +0.0011532720 -0.0022453125 +0.0018666934 +0.1393868164 +0.0009478219 +0.0553633366 +0.0006655230 -1.6060125000 +0.0048497393 +3.5200750000 +0.0204383470 +0.1934598298 +0.7775197106 +0.0501443658
+4.5000000000 +0.2851750000 +0.0011211395 -0.0019406250 +0.0018138300 +0.1316029297 +0.0009035297 +0.0499739647 +0.0006189054 -1.5258843750 +0.0047071316 +3.2146066406 +0.0191264362 +0.1787667522 +0.7002733944 +0.0381852433
+4.6000000000 +0.2786109375 +0.0010881449 -0.0010421875 +0.0017676633 +0.1249864258 +0.0008589130 +0.0451308704 +0.0005719069 -1.4619375000 +0.0045698519 +2.9726031250 +0.0179133031 +0.1647386827 +0.6316384659 +0.0369989569
+4.7000000000 +0.2720250000 +0.0010611372 -0.0004812500 +0.0017250931 +0.1190380859 +0.0008225496 +0.0412335808 +0.0005326523 -1.3995687500 +0.0044449439 +2.7490937500 +0.0168120604 +0.1533293117 +0.5724226810 +0.0300308397
+4.8000000000 +0.2660875000 +0.0010324163 +0.0005437500 +0.0016840249 +0.1134378906 +0.0007834231 +0.0374182220 +0.0004902337 -1.3373406250 +0.0043404735 +2.5420683594 +0.0157615672 +0.1421177766 +0.5233252862 +0.0307281305
+4.9000000000 +0.2607671875 +0.0010137385 +0.0017671875 +0.0016515374 +0.1091061523 +0.0007569103 +0.0348206814 +0.0004625203 -1.2948343750 +0.0042358024 +2.3942769531 +0.0148834558 +0.1342257184 +0.4782546569 +0.0249710079
+5.0000000000 +0.2554593750 +0.0009906334 -0.0001593750 +0.0016164285 +0.1045136719 +0.0007234604 +0.0318589050 +0.0004246079 -1.2485531250 +0.0041188586 +2.2374847656 +0.0140069335 +0.1256133747 +0.4343039102 +0.0277826247
