# T, am1a, am1e, m1a, m1e, m2a, m2e, m4a, m4e, e1a, e1e, e2a, e2e, susc, spec, bind
+2.0000000000 +0.4509685764 +0.0024587762 +0.0047602431 +0.0033360651 +0.4451958828 +0.0024529630 +0.4388804689 +0.0024203960 -4.9214645833 +0.0004324592 +24.2282944830 +0.0042126024 +17.4112722629 +0.2693101691 +0.2618872267
+2.1000000000 +0.4504994792 +0.0024478491 +0.0074265625 +0.0033263089 +0.4426283963 +0.0024381592 +0.4337047033 +0.0023923826 -4.8902631944 +0.0005189854 +23.9254479456 +0.0050220867 +16.4351050655 +0.3517986832 +0.2621053987
+2.2000000000 +0.4474668403 +0.0024335764 +0.0123918403 +0.0033051656 +0.4371183365 +0.0024183485 +0.4250088228 +0.0023562726 -4.8519375000 +0.0006096623 +23.5561650270 +0.0058491298 +15.5056426900 +0.4423395305 +0.2585555114
+2.3000000000 +0.4460675347 +0.0024158047 +0.0131237847 +0.0032872805 +0.4324207477 +0.0023926234 +0.4159735654 +0.0023089401 -4.8014045139 +0.0007200568 +23.0742245804 +0.0068306846 +14.6156557899 +0.5645473575 +0.2584653811
+2.4000000000 +0.4464526042 +0.0023939980 +0.0113928819 +0.0032727633 +0.4285689755 +0.0023603463 +0.4065207497 +0.0022496685 -4.7367868056 +0.0008433260 +22.4655971933 +0.0078845036 +13.7549428612 +0.7111988002 +0.2622316751
+2.5000000000 +0.4437260417 +0.0023652726 +0.0134399306 +0.0032422706 +0.4206733869 +0.0023178112 +0.3918560413 +0.0021750761 -4.6568770833 +0.0009838432 +21.7252220679 +0.0090379301 +12.8897618003 +0.8920603845 +0.2618999819
+2.6000000000 +0.4432310764 +0.0023276043 +0.0099383681 +0.0032135054 +0.4131634609 +0.0022615299 +0.3752847405 +0.0020790197 -4.5550684028 +0.0011608025 +20.8025466483 +0.0104053826 +12.0023819342 +1.1481336077 +0.2671824900
+2.7000000000 +0.4380593750 +0.0022722985 +0.0081381944 +0.0031558018 +0.3984296272 +0.0021823894 +0.3492591126 +0.0019530215 -4.4234312500 +0.0013823311 +19.6431775945 +0.0119842168 +11.0151259303 +1.5097989343 +0.2666298294
+2.8000000000 +0.4326819444 +0.0021925244 +0.0077409722 +0.0030799362 +0.3795002025 +0.0020731376 +0.3159363876 +0.0017909251 -4.2484458333 +0.0016811960 +18.1623487944 +0.0139138419 +9.8890219285 +2.0765533886 +0.2687693793
+2.9000000000 +0.4144383681 +0.0020633156 -0.0019331597 +0.0029242361 +0.3420500181 +0.0019148750 +0.2636680723 +0.0015852607 -4.0021930556 +0.0021144471 +16.1963847222 +0.0163390778 +8.4558218732 +3.0621055212 +0.2487974495
+3.0000000000 +0.3861050347 +0.0018373717 -0.0043782986 +0.0026650297 +0.2841144953 +0.0016574601 +0.1906080012 +0.0012931122 -3.6235541667 +0.0026769195 +13.4167807195 +0.0188555151 +6.4817950792 +4.5861747321 +0.2128942429
+3.1000000000 +0.3332965278 +0.0015094190 -0.0067239583 +0.0022481948 +0.2022204041 +0.0012949652 +0.1079704841 +0.0009186034 -3.1250704861 +0.0029373151 +10.1111783324 +0.0185910970 +4.2333133331 +5.1713050620 +0.1198963019
+3.2000000000 +0.2730751736 +0.0011724419 -0.0089550347 +0.0017991294 +0.1295548551 +0.0009083564 +0.0497889134 +0.0005510073 -2.6774631944 +0.0026036678 +7.4399726080 +0.0147338460 +2.4743162088 +3.8132360215 +0.0112101314
+3.3000000000 +0.2267072917 +0.0009241001 -0.0036159722 +0.0014623745 +0.0855546369 +0.0006226536 +0.0228274980 +0.0003068487 -2.3737635417 +0.0021527159 +5.8201207803 +0.0108698504 +1.4905501426 +2.4511395509 -0.0395609430
+3.4000000000 +0.1945803819 +0.0007697843 -0.0009206597 +0.0012405985 +0.0615642373 +0.0004499920 +0.0118898658 +0.0001794885 -2.1681083333 +0.0018459873 +4.8370005112 +0.0084228487 +1.0038795789 +1.6979389551 -0.0456797333
+3.5000000000 +0.1722616319 +0.0006690717 +0.0008397569 +0.0010906379 +0.0475803494 +0.0003455913 +0.0070412223 +0.0001105846 -2.0180597222 +0.0016744510 +4.1847164931 +0.0070501671 +0.7367155016 +1.3183517458 -0.0367440414
+3.6000000000 +0.1550668403 +0.0005938743 +0.0013925347 +0.0009766173 +0.0381531913 +0.0002741359 +0.0044616853 +0.0000717843 -1.8959743056 +0.0015602358 +3.6920919946 +0.0061209417 +0.5642986542 +1.0819269697 -0.0216824679
+3.7000000000 +0.1417081597 +0.0005411894 +0.0011407986 +0.0008915624 +0.0317966399 +0.0002281265 +0.0030926940 +0.0000501233 -1.7959131944 +0.0014788409 +3.3127830150 +0.0054781507 +0.4559521571 +0.9201569819 -0.0196549766
+3.8000000000 +0.1325548611 +0.0005037248 +0.0009375000 +0.0008324581 +0.0277203366 +0.0001974996 +0.0023286611 +0.0000382048 -1.7097284722 +0.0014214873 +3.0039964988 +0.0049900272 +0.3846143523 +0.8060115801 -0.0101550224
+3.9000000000 +0.1246288194 +0.0004733325 +0.0007406250 +0.0007825206 +0.0244940876 +0.0001729012 +0.0017957529 +0.0000283576 -1.6328045139 +0.0013765548 +2.7418467062 +0.0046071383 +0.3308951978 +0.7175964557 +0.0022935236
+4.0000000000 +0.1180611111 +0.0004477023 +0.0004288194 +0.0007408734 +0.0219559197 +0.0001554172 +0.0014482428 +0.0000234314 -1.5649829861 +0.0013441353 +2.5214397328 +0.0043127097 +0.2886297732 +0.6504118741 -0.0014214019
+4.1000000000 +0.1128416667 +0.0004285285 +0.0001680556 +0.0007084963 +0.0200787085 +0.0001428756 +0.0012196920 +0.0000200133 -1.5041184028 +0.0013078823 +2.3307944107 +0.0040301338 +0.2579871263 +0.5861274670 -0.0084569859
+4.2000000000 +0.1081159722 +0.0004102038 +0.0003805556 +0.0006785942 +0.0184197507 +0.0001314407 +0.0010303533 +0.0000173203 -1.4467420139 +0.0012870898 +2.1593264612 +0.0038085975 +0.2307664192 +0.5409306651 -0.0122724124
+4.3000000000 +0.1042329861 +0.0003963249 +0.0006607639 +0.0006547331 +0.0171474513 +0.0001227328 +0.0008965690 +0.0000151092 -1.3982510417 +0.0012648200 +2.0190967641 +0.0036314471 +0.2104052952 +0.4983598460 -0.0163968025
+4.4000000000 +0.1009284722 +0.0003820241 +0.0006027778 +0.0006329275 +0.0160242525 +0.0001134586 +0.0007716905 +0.0000128811 -1.3489319444 +0.0012403831 +1.8811594039 +0.0034313288 +0.1910518692 +0.4577505113 -0.0017661719
+4.5000000000 +0.0981078125 +0.0003703669 -0.0003498264 +0.0006146521 +0.0151120093 +0.0001071628 +0.0006877271 +0.0000115102 -1.3045416667 +0.0012239605 +1.7617521316 +0.0032685943 +0.1755797259 +0.4261203306 -0.0038075232
+4.6000000000 +0.0953685764 +0.0003614705 +0.0003373264 +0.0005983621 +0.0143216013 +0.0001020176 +0.0006214121 +0.0000103317 -1.2642114583 +0.0012154876 +1.6573270110 +0.0031507408 +0.1636101691 +0.4021683150 -0.0098928543
+4.7000000000 +0.0930427083 +0.0003533573 +0.0003170139 +0.0005841939 +0.0136514009 +0.0000975571 +0.0005670560 +0.0000094767 -1.2256135417 +0.0011973455 +1.5594740017 +0.0030181524 +0.1530216114 +0.3738227498 -0.0142622001
+4.8000000000 +0.0910878472 +0.0003427450 +0.0012177083 +0.0005699666 +0.0129959611 +0.0000915671 +0.0005042765 +0.0000082349 -1.1913104167 +0.0011846347 +1.4753548804 +0.0028950208 +0.1409689566 +0.3508398221 +0.0047534886
+4.9000000000 +0.0884675347 +0.0003345995 +0.0008303819 +0.0005546190 +0.0123047779 +0.0000869596 +0.0004538865 +0.0000074022 -1.1558159722 +0.0011631030 +1.3900229070 +0.0027527026 +0.1316063967 +0.3245388477 +0.0007400731
+5.0000000000 +0.0868375000 +0.0003294291 +0.0013722222 +0.0005449727 +0.0118816937 +0.0000842950 +0.0004254005 +0.0000069815 -1.1236406250 +0.0011547549 +1.3159066117 +0.0026610502 +0.1250191373 +0.3072289394 -0.0044309150
