# T, am1a, am1e, m1a, m1e, m2a, m2e, m4a, m4e, e1a, e1e, e2a, e2e, susc, spec, bind
+2.0000000000 +0.5276682292 +0.0024660130 -0.0186342014 +0.0036101777 +0.5216825605 +0.0024601666 +0.5142494889 +0.0024275977 -4.9215600694 +0.0004315565 +24.2292031588 +0.0042044831 +17.5139136325 +0.2681870982 +0.3701458773
+2.1000000000 +0.5274218750 +0.0024551404 -0.0164506944 +0.0036021236 +0.5192824026 +0.0024458042 +0.5089325477 +0.0024007764 -4.8908184028 +0.0005160579 +23.9307572772 +0.0049949974 +16.5331589730 +0.3478409227 +0.3708825080
+2.2000000000 +0.5271322917 +0.0024413001 -0.0142281250 +0.0035918792 +0.5162662977 +0.0024263217 +0.5020123699 +0.0023648667 -4.8520468750 +0.0006091286 +23.5572003810 +0.0058463748 +15.6042225704 +0.4415654020 +0.3721648679
+2.3000000000 +0.5229996528 +0.0024244808 -0.0133767361 +0.0035653681 +0.5086529273 +0.0024018836 +0.4894895942 +0.0023195013 -4.8016461806 +0.0007196107 +23.0765196229 +0.0068248734 +14.7208251425 +0.5638479146 +0.3693634863
+2.4000000000 +0.5216095486 +0.0024014426 -0.0102314236 +0.0035448868 +0.5027535771 +0.0023680296 +0.4770637308 +0.0022591463 -4.7381701389 +0.0008425986 +22.4786551601 +0.0078831651 +13.8406233546 +0.7099723764 +0.3708636088
+2.5000000000 +0.5213144097 +0.0023713554 -0.0091921875 +0.0035235539 +0.4967017783 +0.0023244027 +0.4628265701 +0.0021839791 -4.6605725694 +0.0009775683 +21.7591622637 +0.0089805246 +12.9561445166 +0.8807175623 +0.3746752781
+2.6000000000 +0.5169296875 +0.0023307628 -0.0014126736 +0.0034803467 +0.4845145170 +0.0022659348 +0.4401327451 +0.0020869621 -4.5554798611 +0.0011651080 +20.8066958333 +0.0104360697 +12.0349780729 +1.1566665447 +0.3750448691
+2.7000000000 +0.5095118056 +0.0022760859 +0.0066649306 +0.0034160670 +0.4668249590 +0.0021881735 +0.4094496806 +0.0019636158 -4.4234934028 +0.0013812606 +19.6436091194 +0.0119722542 +11.0518762138 +1.5074614319 +0.3737162455
+2.8000000000 +0.5001225694 +0.0021947893 +0.0033934028 +0.0033271424 +0.4428065852 +0.0020812540 +0.3693423963 +0.0018097821 -4.2476111111 +0.0016935258 +18.1569213349 +0.0139992951 +9.9094628930 +2.1071237812 +0.3721154941
+2.9000000000 +0.4780072917 +0.0020716895 +0.0093767361 +0.0031625897 +0.4001668692 +0.0019286540 +0.3089217695 +0.0016104430 -4.0007447917 +0.0021178307 +16.1853671634 +0.0163756541 +8.5245963307 +3.0719133946 +0.3569496187
+3.0000000000 +0.4360767361 +0.0018592839 +0.0104954861 +0.0028650054 +0.3284403815 +0.0016912480 +0.2222858728 +0.0013339562 -3.6261878472 +0.0026620331 +13.4326951148 +0.0187485315 +6.6373181609 +4.5353089829 +0.3131253128
+3.1000000000 +0.3696496528 +0.0015471240 +0.0145677083 +0.0024092133 +0.2323845679 +0.0013499443 +0.1268965687 +0.0009686972 -3.1343666667 +0.0029194294 +10.1651771123 +0.0184804952 +4.4474493880 +5.1085192931 +0.2167253778
+3.2000000000 +0.2964654514 +0.0012233961 +0.0099317708 +0.0019213345 +0.1477596873 +0.0009774938 +0.0600526898 +0.0006128742 -2.6860437500 +0.0026142357 +7.4882001543 +0.0148473224 +2.6940565526 +3.8442533542 +0.0831479018
+3.3000000000 +0.2378760417 +0.0009577390 +0.0054739583 +0.0015268072 +0.0932755739 +0.0006638603 +0.0263287505 +0.0003406873 -2.3755385417 +0.0021651947 +5.8307060909 +0.0109756072 +1.6010427352 +2.4796393774 -0.0087258156
+3.4000000000 +0.1996373264 +0.0007813225 +0.0030078125 +0.0012675233 +0.0642736557 +0.0004644732 +0.0127605188 +0.0001872007 -2.1688892361 +0.0018511820 +4.8411555122 +0.0084639781 +1.0341992597 +1.7075085712 -0.0296297235
+3.5000000000 +0.1750277778 +0.0006772579 +0.0016260417 +0.0011065624 +0.0489818552 +0.0003532476 +0.0073905779 +0.0001142741 -2.0174500000 +0.0016705176 +4.1817296586 +0.0070297202 +0.7548534405 +1.3121650999 -0.0268019521
+3.6000000000 +0.1570210069 +0.0006040744 +0.0008942708 +0.0009905937 +0.0392518338 +0.0002823843 +0.0047303416 +0.0000759361 -1.9008454861 +0.0015533339 +3.7097274064 +0.0061061510 +0.5838494858 +1.0723760486 -0.0234139875
+3.7000000000 +0.1432425347 +0.0005492780 +0.0001022569 +0.0009025889 +0.0325866766 +0.0002362301 +0.0032940773 +0.0000556872 -1.7976809028 +0.0014782592 +3.3190666329 +0.0054676688 +0.4696833522 +0.9194332123 -0.0340282067
+3.8000000000 +0.1340385417 +0.0005089401 -0.0003927083 +0.0008415310 +0.0283271316 +0.0002018423 +0.0024320386 +0.0000404630 -1.7127239583 +0.0014228606 +3.0144046441 +0.0050098535 +0.3926198238 +0.8075696175 -0.0102852551
+3.9000000000 +0.1259946181 +0.0004753476 -0.0005585069 +0.0007891854 +0.0249128557 +0.0001760292 +0.0018601011 +0.0000312070 -1.6351854167 +0.0013754887 +2.7495101080 +0.0046235999 +0.3337185926 +0.7164853126 +0.0009935772
+4.0000000000 +0.1192446181 +0.0004516998 -0.0001060764 +0.0007480070 +0.0223805881 +0.0001584674 +0.0015053668 +0.0000244505 -1.5672184028 +0.0013423468 +2.5282493200 +0.0043153621 +0.2938071302 +0.6486821822 -0.0017932354
+4.1000000000 +0.1140967014 +0.0004298315 -0.0001230903 +0.0007142872 +0.0204082622 +0.0001433747 +0.0012387493 +0.0000201462 -1.5030736111 +0.0013178114 +2.3286953607 +0.0040643358 +0.2595584172 +0.5950607712 +0.0085972872
+4.2000000000 +0.1091697917 +0.0004146659 -0.0007010417 +0.0006854828 +0.0187959563 +0.0001341711 +0.0010733637 +0.0000175249 -1.4490760417 +0.0012841825 +2.1657863667 +0.0038138241 +0.2358141564 +0.5384897320 -0.0127373189
+4.3000000000 +0.1046902778 +0.0003986012 -0.0002159722 +0.0006579385 +0.0173153718 +0.0001234128 +0.0009090511 +0.0000147185 -1.3982562500 +0.0012608398 +2.0187092207 +0.0036121280 +0.2128292391 +0.4952282273 -0.0106561429
+4.4000000000 +0.1012371528 +0.0003829371 -0.0002607639 +0.0006347150 +0.0161145930 +0.0001148502 +0.0007873027 +0.0000130495 -1.3500659722 +0.0012483874 +1.8850169753 +0.0034567636 +0.1919661341 +0.4636773666 -0.0106058371
+4.5000000000 +0.0981961806 +0.0003694131 +0.0002614583 +0.0006144319 +0.0151011309 +0.0001063212 +0.0006802120 +0.0000111204 -1.3051930556 +0.0012244110 +1.7634961998 +0.0032662577 +0.1746765122 +0.4264340450 +0.0057305904
+4.6000000000 +0.0954715278 +0.0003613456 -0.0001392361 +0.0005986990 +0.0143376374 +0.0001019312 +0.0006211666 +0.0000100499 -1.2627392361 +0.0012058615 +1.6526744551 +0.0031102630 +0.1634971250 +0.3958235839 -0.0072369826
+4.7000000000 +0.0930456597 +0.0003503810 +0.0004102431 +0.0005824088 +0.0135681677 +0.0000948153 +0.0005436931 +0.0000086968 -1.2251055556 +0.0011824226 +1.5568085552 +0.0029619025 +0.1504546586 +0.3645627134 +0.0155578762
+4.8000000000 +0.0909767361 +0.0003420819 +0.0007989583 +0.0005691425 +0.0129575666 +0.0000908458 +0.0004980167 +0.0000080041 -1.1878767361 +0.0011716550 +1.4659621576 +0.0028610571 +0.1404240011 +0.3431938588 +0.0112744456
+4.9000000000 +0.0881935764 +0.0003371220 +0.0001807292 +0.0005550704 +0.0123241573 +0.0000882718 +0.0004635614 +0.0000076173 -1.1541569444 +0.0011606500 +1.3859625868 +0.0027473533 +0.1335982143 +0.3231713516 -0.0173526353
+5.0000000000 +0.0868343750 +0.0003298251 +0.0000263889 +0.0005452429 +0.0118915919 +0.0000843581 +0.0004260614 +0.0000068508 -1.1239250000 +0.0011536019 +1.3164393036 +0.0026540953 +0.1253198372 +0.3066157325 -0.0043172471
