# T, am1a, am1e, m1a, m1e, m2a, m2e, m4a, m4e, e1a, e1e, e2a, e2e, susc, spec, bind
+2.0000000000 +0.5004265625 +0.0024691382 +0.0091890625 +0.0035149966 +0.4942924805 +0.0024694104 +0.4882445721 +0.0024550874 -4.9211750000 +0.0013088034 +24.2864820312 +0.0116733568 +1.9509258881 +0.2740746025 +0.3338866132
+2.1000000000 +0.5001781250 +0.0024581744 +0.0102437500 +0.0035063445 +0.4918830078 +0.0024593008 +0.4838753181 +0.0024406557 -4.8918718750 +0.0015478762 +24.0262472656 +0.0136741948 +1.8415607702 +0.3477072987 +0.3333642884
+2.2000000000 +0.5004328125 +0.0024414067 +0.0090203125 +0.0034956054 +0.4888516602 +0.0024422013 +0.4775498310 +0.0024179473 -4.8491281250 +0.0018622678 +23.6527652344 +0.0162100326 +1.7339538933 +0.4585840056 +0.3338941433
+2.3000000000 +0.4993968750 +0.0024219830 +0.0098343750 +0.0034782919 +0.4840373047 +0.0024233267 +0.4691925987 +0.0023941943 -4.7995593750 +0.0021999763 +23.2293660156 +0.0188099173 +1.6322787195 +0.5855450177 +0.3324677841
+2.4000000000 +0.4983703125 +0.0023961985 +0.0098421875 +0.0034566848 +0.4780436523 +0.0023983318 +0.4586055477 +0.0023624204 -4.7350312500 +0.0025551121 +22.6816648437 +0.0214433735 +1.5311378931 +0.7253997369 +0.3310665126
+2.5000000000 +0.4969906250 +0.0023665368 +0.0090656250 +0.0034312437 +0.4710195313 +0.0023681351 +0.4461819473 +0.0023243113 -4.6565843750 +0.0029426803 +22.0301527344 +0.0242049131 +1.4337270394 +0.8867192138 +0.3296325665
+2.6000000000 +0.4938218750 +0.0023314653 +0.0077343750 +0.0033956937 +0.4612892578 +0.0023349976 +0.4308763252 +0.0022863279 -4.5639937500 +0.0033743059 +21.2854765625 +0.0270762238 +1.3380259297 +1.0779588461 +0.3250296508
+2.7000000000 +0.4885421875 +0.0022866667 +0.0061515625 +0.0033458534 +0.4478272461 +0.0022904846 +0.4104020275 +0.0022320246 -4.4446218750 +0.0038466581 +20.3465347656 +0.0299852310 +1.2394297904 +1.2990313391 +0.3178698945
+2.8000000000 +0.4835250000 +0.0022309144 +0.0058187500 +0.0032895354 +0.4328755859 +0.0022350784 +0.3872042870 +0.0021685784 -4.2946218750 +0.0043802577 +19.2112433594 +0.0330483948 +1.1375952018 +1.5662577758 +0.3112006677
+2.9000000000 +0.4754578125 +0.0021656223 +0.0079078125 +0.0032155653 +0.4136569336 +0.0021696998 +0.3594159451 +0.0020942299 -4.1200718750 +0.0048985816 +17.9348363281 +0.0357220564 +1.0350168393 +1.8261004955 +0.2998429455
+3.0000000000 +0.4663000000 +0.0020891884 +0.0075375000 +0.0031303642 +0.3920240234 +0.0020923957 +0.3288076225 +0.0020031833 -3.9145937500 +0.0053644671 +16.4751445312 +0.0377536647 +0.9311377783 +2.0464005399 +0.2868263988
+3.1000000000 +0.4560312500 +0.0020136021 +0.0062093750 +0.0030418320 +0.3701482422 +0.0020146334 +0.2993596382 +0.0019156928 -3.7084437500 +0.0057483244 +15.0742843750 +0.0391861960 +0.8370773740 +2.2005899323 +0.2716827302
+3.2000000000 +0.4445218750 +0.0019288726 +0.0062250000 +0.0029427153 +0.3464216797 +0.0019227473 +0.2678862724 +0.0018053428 -3.4790000000 +0.0060268791 +13.5563718750 +0.0395722263 +0.7441099117 +2.2702044922 +0.2559209477
+3.3000000000 +0.4295953125 +0.0018428422 +0.0070453125 +0.0028299522 +0.3203948242 +0.0018262474 +0.2360600216 +0.0016899829 -3.2522906250 +0.0061924078 +12.1112308594 +0.0392327132 +0.6586312325 +2.2535706886 +0.2334681508
+3.4000000000 +0.4148968750 +0.0017585369 +0.0066937500 +0.0027193413 +0.2958375000 +0.0017294682 +0.2071622360 +0.0015760425 -3.0397406250 +0.0062919451 +10.8235660156 +0.0384602236 +0.5821086264 +2.1917549458 +0.2109893094
+3.5000000000 +0.3991375000 +0.0016769010 +0.0061468750 +0.0026064959 +0.2717906250 +0.0016310213 +0.1802793640 +0.0014602513 -2.8247031250 +0.0063144511 +9.5738394531 +0.0372476483 +0.5141937421 +2.0831238645 +0.1865032581
+3.6000000000 +0.3840031250 +0.0015928137 +0.0056812500 +0.0024945358 +0.2489406250 +0.0015284626 +0.1554193558 +0.0013368684 -2.6178687500 +0.0062494123 +8.4154429687 +0.0354840255 +0.4510321111 +1.9286496006 +0.1640269083
+3.7000000000 +0.3694328125 +0.0015170013 +0.0037265625 +0.0023901801 +0.2285323242 +0.0014315611 +0.1342017162 +0.0012194976 -2.4210031250 +0.0061075655 +7.3533503906 +0.0332622495 +0.3980614974 +1.7438647297 +0.1434720446
+3.8000000000 +0.3567531250 +0.0014480781 +0.0045687500 +0.0022974395 +0.2111500000 +0.0013447562 +0.1169190964 +0.0011196678 -2.2653062500 +0.0059173690 +6.5322226563 +0.0311276441 +0.3531671907 +1.5519227146 +0.1258579263
+3.9000000000 +0.3443062500 +0.0013831054 +0.0036218750 +0.0022082397 +0.1950660156 +0.0012595775 +0.1015121719 +0.0010188829 -2.1226375000 +0.0057189376 +5.8138398438 +0.0290150806 +0.3139250127 +1.3761997500 +0.1107300055
+4.0000000000 +0.3317906250 +0.0013310294 +0.0042437500 +0.0021268085 +0.1809505859 +0.0011875927 +0.0891581734 +0.0009359250 -1.9866000000 +0.0055393887 +5.1739726563 +0.0270307761 +0.2834622684 +1.2273930962 +0.0923468482
+4.1000000000 +0.3222312500 +0.0012809549 +0.0039656250 +0.0020582217 +0.1694667969 +0.0011197587 +0.0788733749 +0.0008575743 -1.8766375000 +0.0053368789 +4.6610593750 +0.0251267929 +0.2561319742 +1.0843936405 +0.0845388302
+4.2000000000 +0.3111750000 +0.0012351580 +0.0016031250 +0.0019865291 +0.1578544922 +0.0010598337 +0.0698479362 +0.0007952464 -1.7739718750 +0.0052136239 +4.2342511719 +0.0236801544 +0.2324747107 +0.9861904386 +0.0656309742
+4.3000000000 +0.3005937500 +0.0011922749 +0.0012500000 +0.0019184357 +0.1472173828 +0.0009977850 +0.0614959557 +0.0007197998 -1.6770468750 +0.0050255891 +3.8227480469 +0.0219229859 +0.2115749964 +0.8742125049 +0.0541830020
+4.4000000000 +0.2932937500 +0.0011549979 +0.0005500000 +0.0018666931 +0.1393820313 +0.0009481734 +0.0553886642 +0.0006664585 -1.6022875000 +0.0048554952 +3.5103585937 +0.0204921094 +0.1940392999 +0.7793664141 +0.0496445744
+4.5000000000 +0.2862906250 +0.0011185490 +0.0021562500 +0.0018166160 +0.1320083984 +0.0009027813 +0.0500267769 +0.0006242260 -1.5225500000 +0.0047120547 +3.2062968750 +0.0192022164 +0.1779416052 +0.7017389610 +0.0430744637
+4.6000000000 +0.2800187500 +0.0010891314 +0.0011843750 +0.0017738192 +0.1258587891 +0.0008610230 +0.0454948586 +0.0005735860 -1.4590812500 +0.0045687155 +2.9638445312 +0.0178530748 +0.1650375260 +0.6313243381 +0.0426428910
+4.7000000000 +0.2733359375 +0.0010652362 +0.0013234375 +0.0017327717 +0.1201016602 +0.0008245808 +0.0416217487 +0.0005324306 -1.4005718750 +0.0044371269 +2.7491253906 +0.0167097429 +0.1545161717 +0.5704110918 +0.0381639578
+4.8000000000 +0.2690515625 +0.0010395831 +0.0003671875 +0.0017001318 +0.1156180664 +0.0007913296 +0.0384156361 +0.0004965787 -1.3546531250 +0.0043160506 +2.5802167969 +0.0157123286 +0.1440977437 +0.5174525749 +0.0420664814
+4.9000000000 +0.2628968750 +0.0010174296 +0.0005062500 +0.0016622352 +0.1105212891 +0.0007600324 +0.0353209236 +0.0004646105 -1.3055031250 +0.0042555991 +2.4287433594 +0.0151999433 +0.1352049704 +0.4827354935 +0.0361290008
+5.0000000000 +0.2582500000 +0.0009912939 -0.0016843750 +0.0016278573 +0.1059996094 +0.0007291942 +0.0325048828 +0.0004362852 -1.2522562500 +0.0041399457 +2.2537117187 +0.0141553756 +0.1257809500 +0.4387622420 +0.0356852265
