# T, am1a, am1e, m1a, m1e, m2a, m2e, m4a, m4e, e1a, e1e, e2a, e2e, susc, spec, bind
+2.0000000000 +0.4980343750 +0.0024686948 +0.0117625000 +0.0035059879 +0.4918164063 +0.0024692766 +0.4857764526 +0.0024545490 -4.9193000000 +0.0013229643 +24.2695218750 +0.0117887824 +1.9502253405 +0.2800375400 +0.3305638200
+2.1000000000 +0.4978671875 +0.0024567760 +0.0114046875 +0.0034970402 +0.4893016602 +0.0024571679 +0.4809230732 +0.0024382777 -4.8903437500 +0.0015591755 +24.0127031250 +0.0137869742 +1.8394660858 +0.3528022924 +0.3304223013
+2.2000000000 +0.4965093750 +0.0024423206 +0.0109031250 +0.0034820966 +0.4851187500 +0.0024423161 +0.4739365128 +0.0024176557 -4.8531375000 +0.0018329834 +23.6873367188 +0.0159849632 +1.7352522948 +0.4442747929 +0.3287214147
+2.3000000000 +0.4954656250 +0.0024227889 +0.0099875000 +0.0034647607 +0.4802824219 +0.0024234597 +0.4655974777 +0.0023926145 -4.8020281250 +0.0021610302 +23.2462761719 +0.0185278633 +1.6333651222 +0.5649967745 +0.3271845118
+2.4000000000 +0.4949171875 +0.0023955426 +0.0095640625 +0.0034438224 +0.4744879883 +0.0023968739 +0.4549390385 +0.0023588435 -4.7325750000 +0.0025524550 +22.6578671875 +0.0214471842 +1.5302997720 +0.7238918247 +0.3264319087
+2.5000000000 +0.4947343750 +0.0023668497 +0.0092406250 +0.0034232872 +0.4688412109 +0.0023692566 +0.4443471489 +0.0023247893 -4.6559031250 +0.0029386736 +22.0228660156 +0.0241853012 +1.4341062984 +0.8843061920 +0.3261711751
+2.6000000000 +0.4929437500 +0.0023287060 +0.0104906250 +0.0033904216 +0.4599083984 +0.0023321691 +0.4290762367 +0.0022806784 -4.5550062500 +0.0033907247 +21.2079625000 +0.0271832469 +1.3348606632 +1.0884747040 +0.3238072228
+2.7000000000 +0.4881296875 +0.0022825008 +0.0122359375 +0.0033410824 +0.4466629883 +0.0022861908 +0.4085745640 +0.0022268104 -4.4337093750 +0.0038997035 +20.2660863281 +0.0303029198 +1.2349179050 +1.3351056377 +0.3173625082
+2.8000000000 +0.4810828125 +0.0022284189 +0.0131796875 +0.0032783418 +0.4300747070 +0.0022306967 +0.3840045643 +0.0021615917 -4.2898812500 +0.0043926166 +19.1748843750 +0.0331398420 +1.1350516260 +1.5751086447 +0.3079661669
+2.9000000000 +0.4740031250 +0.0021612315 +0.0121312500 +0.0032069014 +0.4115158203 +0.0021642615 +0.3567063911 +0.0020860825 -4.1144593750 +0.0048938783 +17.8867777344 +0.0357093837 +1.0308240430 +1.8225955498 +0.2978715607
+3.0000000000 +0.4645546875 +0.0020908222 +0.0114859375 +0.0031246625 +0.3906725586 +0.0020935659 +0.3279457668 +0.0020059780 -3.9228500000 +0.0053494383 +16.5334117187 +0.0377526070 +0.9325946715 +2.0349503933 +0.2837659544
+3.1000000000 +0.4536843750 +0.0020124586 +0.0109937500 +0.0030319476 +0.3678291016 +0.0020075646 +0.2965108788 +0.0019030159 -3.7149500000 +0.0057000540 +15.1004781250 +0.0389164896 +0.8361269133 +2.1637870926 +0.2694882522
+3.2000000000 +0.4421750000 +0.0019328133 +0.0086500000 +0.0029363012 +0.3449494141 +0.0019231318 +0.2669275398 +0.0018029231 -3.4927062500 +0.0060026360 +13.6402625000 +0.0394640241 +0.7471534172 +2.2519774238 +0.2522415906
+3.3000000000 +0.4278687500 +0.0018506690 +0.0060031250 +0.0028285803 +0.3200707031 +0.0018368375 +0.2374041321 +0.0017061655 -3.2779718750 +0.0062210548 +12.2931605469 +0.0395562493 +0.6642377498 +2.2744696912 +0.2275414738
+3.4000000000 +0.4129531250 +0.0017553670 +0.0052531250 +0.0027099595 +0.2937828125 +0.0017245527 +0.2052716248 +0.0015702414 -3.0330281250 +0.0063083746 +10.7910832031 +0.0385353693 +0.5800119014 +2.2032160499 +0.2072159633
+3.5000000000 +0.4003437500 +0.0016781852 +0.0051312500 +0.0026119964 +0.2729273437 +0.0016347138 +0.1813809036 +0.0014637549 -2.8244187500 +0.0063340168 +9.5821320312 +0.0373504819 +0.5149816027 +2.0960532322 +0.1883361392
+3.6000000000 +0.3847375000 +0.0015967153 +0.0049312500 +0.0024998931 +0.2500029297 +0.0015337208 +0.1565934486 +0.0013421577 -2.6227281250 +0.0062499061 +8.4411558594 +0.0354727391 +0.4532443812 +1.9289543725 +0.1648545144
+3.7000000000 +0.3696093750 +0.0015249571 +0.0028562500 +0.0023959481 +0.2296308594 +0.0014415496 +0.1358529449 +0.0012315287 -2.4403343750 +0.0061222454 +7.4545074219 +0.0335111090 +0.4022476510 +1.7522577766 +0.1412093642
+3.8000000000 +0.3578421875 +0.0014576546 +0.0000640625 +0.0023078199 +0.2130413086 +0.0013557970 +0.1189140163 +0.0011306662 -2.2789375000 +0.0059394013 +6.6046156250 +0.0313208170 +0.3578537997 +1.5635008267 +0.1266583931
+3.9000000000 +0.3445765625 +0.0013941450 -0.0017140625 +0.0022162788 +0.1964786133 +0.0012745492 +0.1035828678 +0.0010389161 -2.1319781250 +0.0057755820 +5.8796246094 +0.0294593918 +0.3189563317 +1.4035964591 +0.1055911094
+4.0000000000 +0.3318875000 +0.0013358041 -0.0016343750 +0.0021302673 +0.1815242187 +0.0011953749 +0.0901078888 +0.0009457669 -1.9962437500 +0.0055870157 +5.2335789062 +0.0273301761 +0.2854996244 +1.2485897968 +0.0884669766
+4.1000000000 +0.3222328125 +0.0012844254 -0.0011859375 +0.0020604764 +0.1698239258 +0.0011266678 +0.0796153812 +0.0008684750 -1.8883593750 +0.0053697959 +4.7192894531 +0.0254213717 +0.2575217184 +1.0978116112 +0.0798090196
+4.2000000000 +0.3120812500 +0.0012345433 -0.0000187500 +0.0019897148 +0.1583585937 +0.0010583097 +0.0698782227 +0.0007873231 -1.7715906250 +0.0051836748 +4.2133527344 +0.0234202768 +0.2322433796 +0.9748928724 +0.0711676722
+4.3000000000 +0.3028828125 +0.0012006813 +0.0025046875 +0.0019325963 +0.1494034180 +0.0010099817 +0.0631239025 +0.0007342766 -1.6857281250 +0.0050387056 +3.8572214844 +0.0220858565 +0.2145690041 +0.8787817613 +0.0573477262
+4.4000000000 +0.2941734375 +0.0011556056 +0.0032640625 +0.0018704567 +0.1399549805 +0.0009494799 +0.0556478817 +0.0006656188 -1.6011312500 +0.0048563843 +3.5070000000 +0.0204164686 +0.1942435241 +0.7796518349 +0.0529985011
+4.5000000000 +0.2850906250 +0.0011154269 +0.0018562500 +0.0018099745 +0.1310437500 +0.0008969093 +0.0493503159 +0.0006130581 -1.5259187500 +0.0046886814 +3.2077773438 +0.0190311893 +0.1769496375 +0.6947945182 +0.0420649658
+4.6000000000 +0.2771921875 +0.0010807050 +0.0026015625 +0.0017574532 +0.1235524414 +0.0008503943 +0.0441920216 +0.0005626616 -1.4527625000 +0.0045432768 +2.9361734375 +0.0177159633 +0.1624936786 +0.6243134640 +0.0350163589
+4.7000000000 +0.2721750000 +0.0010580637 +0.0018531250 +0.0017237731 +0.1188591797 +0.0008160101 +0.0407624016 +0.0005226812 -1.3968375000 +0.0044193016 +2.7323640625 +0.0165553596 +0.1524423798 +0.5658372557 +0.0382259584
+4.8000000000 +0.2662671875 +0.0010325362 +0.0015234375 +0.0016847933 +0.1135434570 +0.0007785267 +0.0371362720 +0.0004787800 -1.3476812500 +0.0043210800 +2.5631140625 +0.0157234260 +0.1421508063 +0.5186592437 +0.0398196277
+4.9000000000 +0.2598796875 +0.0010083725 -0.0006578125 +0.0016447616 +0.1082100586 +0.0007500219 +0.0342107311 +0.0004562208 -1.2881812500 +0.0042166291 +2.3706093750 +0.0147804349 +0.1328085114 +0.4739348219 +0.0261191266
+5.0000000000 +0.2561265625 +0.0009902684 +0.0013828125 +0.0016188280 +0.1048260742 +0.0007241169 +0.0319623165 +0.0004296794 -1.2493562500 +0.0041221616 +2.2405796875 +0.0141233144 +0.1255208262 +0.4350007348 +0.0304318291
