# T, am1a, am1e, m1a, m1e, m2a, m2e, m4a, m4e, e1a, e1e, e2a, e2e, susc, spec, bind
+2.0000000000 +0.5245540000 +0.0024663379 -0.0052090000 +0.0036001481 +0.5184697950 +0.0024614648 +0.5111632831 +0.0024302321 -4.9214450000 +0.0005207502 +24.2314681200 +0.0050475456 +12.1656448042 +0.2711807992 +0.3661427306
+2.1000000000 +0.5248717500 +0.0024551124 -0.0062062500 +0.0035935878 +0.5165934375 +0.0024470780 +0.5063964034 +0.0024039363 -4.8920920000 +0.0006158820 +23.9477365600 +0.0059332198 +11.4810992168 +0.3440458850 +0.3674838948
+2.2000000000 +0.5239505000 +0.0024401577 -0.0034400000 +0.0035801085 +0.5126989150 +0.0024272827 +0.4985282298 +0.0023678831 -4.8514450000 +0.0007313831 +23.5579154400 +0.0069833487 +10.8261267523 +0.4420837183 +0.3678157026
+2.3000000000 +0.5210042500 +0.0024225919 -0.0022222500 +0.0035573816 +0.5062034975 +0.0024040327 +0.4874169168 +0.0023261997 -4.8029780000 +0.0008600147 +23.0981826800 +0.0081162844 +10.2068725644 +0.5592629774 +0.3659418920
+2.4000000000 +0.5166950000 +0.0024000357 -0.0005305000 +0.0035262597 +0.4973805800 +0.0023722307 +0.4724865740 +0.0022698077 -4.7392410000 +0.0010046059 +22.5007745800 +0.0093484346 +9.6002857073 +0.7008563179 +0.3633649154
+2.5000000000 +0.5108072500 +0.0023714367 +0.0020007500 +0.0034852135 +0.4858725275 +0.0023321911 +0.4536367273 +0.0022013772 -4.6598870000 +0.0011815943 +21.7703934600 +0.0107826533 +8.9979392339 +0.8935457156 +0.3594658830
+2.6000000000 +0.5055520000 +0.0023313918 -0.0018290000 +0.0034387315 +0.4729983250 +0.0022780011 +0.4312989775 +0.0021133622 -4.5582775000 +0.0013892806 +20.8550977900 +0.0123686108 +8.3621346268 +1.1420713460 +0.3574040734
+2.7000000000 +0.4973547500 +0.0022763997 +0.0001857500 +0.0033713556 +0.4546415725 +0.0022022411 +0.4006935907 +0.0019969224 -4.4252265000 +0.0016555547 +19.6922640300 +0.0142474915 +7.6770305612 +1.5039019711 +0.3538209840
+2.8000000000 +0.4819542500 +0.0021975375 -0.0053222500 +0.0032612053 +0.4254467375 +0.0021010468 +0.3575808281 +0.0018521744 -4.2482115000 +0.0020028571 +18.2077584100 +0.0164319062 +6.8988156574 +2.0466512917 +0.3414896947
+2.9000000000 +0.4587912500 +0.0020752948 -0.0069852500 +0.0030931964 +0.3827633525 +0.0019566454 +0.2996462262 +0.0016685113 -4.0008445000 +0.0024831704 +16.2534021300 +0.0190649641 +5.9404807387 +2.9327635769 +0.3182473132
+3.0000000000 +0.4253767500 +0.0018887353 -0.0122922500 +0.0028437964 +0.3236382175 +0.0017487280 +0.2270636778 +0.0014265978 -3.6519135000 +0.0030322336 +13.7042498300 +0.0213975330 +4.7564279353 +4.0864179835 +0.2773852668
+3.1000000000 +0.3740722500 +0.0016298514 -0.0132632500 +0.0024799736 +0.2461866675 +0.0014587706 +0.1457283451 +0.0011098407 -3.2105290000 +0.0033132751 +10.7466081400 +0.0213208793 +3.4276328800 +4.5693202930 +0.1985180995
+3.2000000000 +0.3155707500 +0.0013390035 -0.0065057500 +0.0020691773 +0.1713021175 +0.0011225671 +0.0797506935 +0.0007670427 -2.7793175000 +0.0031325457 +8.1171194700 +0.0182427807 +2.2411631014 +3.8331416425 +0.0940843744
+3.3000000000 +0.2652477500 +0.0010931996 -0.0035297500 +0.0017186283 +0.1181597875 +0.0008286478 +0.0414280207 +0.0004915787 -2.4416455000 +0.0027277838 +6.2592649300 +0.0143667552 +1.4485884430 +2.7330778910 +0.0109152002
+3.4000000000 +0.2302017500 +0.0009215385 -0.0029137500 +0.0014743955 +0.0869621725 +0.0006230463 +0.0230898861 +0.0003102492 -2.2137750000 +0.0023602671 +5.1236341800 +0.0112634536 +0.9990978470 +1.9276334721 -0.0177468690
+3.5000000000 +0.2052385000 +0.0008093539 -0.0039250000 +0.0013068051 +0.0683249900 +0.0004939254 +0.0144267946 +0.0002096179 -2.0451845000 +0.0021278146 +4.3638834300 +0.0093194425 +0.7486328034 +1.4783982936 -0.0301238433
+3.6000000000 +0.1860482500 +0.0007237062 -0.0033592500 +0.0011784809 +0.0555639775 +0.0004014019 +0.0095322952 +0.0001470147 -1.9130055000 +0.0019451081 +3.8109278700 +0.0079072068 +0.5819451714 +1.1677301464 -0.0291758242
+3.7000000000 +0.1710602500 +0.0006610072 -0.0021697500 +0.0010809038 +0.0467388275 +0.0003361204 +0.0067035961 +0.0001063165 -1.8056115000 +0.0018237647 +3.3932775900 +0.0069419827 +0.4723572532 +0.9718385761 -0.0228947754
+3.8000000000 +0.1593332500 +0.0006096171 -0.0025307500 +0.0010030703 +0.0402524025 +0.0002874364 +0.0049250432 +0.0000795732 -1.7146170000 +0.0017507006 +3.0625095600 +0.0062915559 +0.3911925775 +0.8490173360 -0.0132233258
+3.9000000000 +0.1497702500 +0.0005729051 -0.0015832500 +0.0009428339 +0.0355599375 +0.0002553600 +0.0038728580 +0.0000636511 -1.6387585000 +0.0016728683 +2.7974689500 +0.0057173055 +0.3366361465 +0.7359600834 -0.0209120678
+4.0000000000 +0.1418442500 +0.0005424164 -0.0014687500 +0.0008928361 +0.0318884125 +0.0002280890 +0.0030978549 +0.0000502436 -1.5640815000 +0.0016299249 +2.5526171500 +0.0053018039 +0.2942155310 +0.6641638210 -0.0154861822
+4.1000000000 +0.1352877500 +0.0005177319 -0.0013847500 +0.0008518026 +0.0290246275 +0.0002073871 +0.0025628057 +0.0000414456 -1.5036390000 +0.0016020853 +2.3635973400 +0.0050072285 +0.2615085902 +0.6107501349 -0.0140540841
+4.2000000000 +0.1300622500 +0.0004953202 -0.0001852500 +0.0008174631 +0.0267298725 +0.0001899263 +0.0021573663 +0.0000346587 -1.4497825000 +0.0015485610 +2.1977909500 +0.0046702265 +0.2336591339 +0.5437735413 -0.0064886245
+4.3000000000 +0.1248665000 +0.0004760228 -0.0003325000 +0.0007851025 +0.0246555500 +0.0001756972 +0.0018426758 +0.0000296198 -1.3933285000 +0.0015132174 +2.0329573900 +0.0043673065 +0.2107885390 +0.4953655007 -0.0104115085
+4.4000000000 +0.1210940000 +0.0004595977 -0.0001820000 +0.0007601468 +0.0231129600 +0.0001641157 +0.0016115680 +0.0000257291 -1.3479420000 +0.0014953241 +1.9063874000 +0.0041759598 +0.1920273446 +0.4619822554 -0.0055791300
+4.5000000000 +0.1176445000 +0.0004447085 -0.0005950000 +0.0007374026 +0.0217508550 +0.0001531476 +0.0014112667 +0.0000230125 -1.3047975000 +0.0014693750 +1.7888590300 +0.0039790617 +0.1757917027 +0.4264815506 +0.0056594134
+4.6000000000 +0.1145942500 +0.0004332560 -0.0001472500 +0.0007183358 +0.0206402725 +0.0001454771 +0.0012725643 +0.0000203910 -1.2615535000 +0.0014458770 +1.6751396500 +0.0037790845 +0.1632267471 +0.3951910049 +0.0043020214
+4.7000000000 +0.1116715000 +0.0004220166 -0.0007125000 +0.0006998917 +0.0195944450 +0.0001388416 +0.0011550219 +0.0000190931 -1.2246650000 +0.0014328381 +1.5819253600 +0.0036389294 +0.1515727891 +0.3717564408 -0.0027738891
+4.8000000000 +0.1088395000 +0.0004121533 +0.0002425000 +0.0006826564 +0.0186408500 +0.0001321483 +0.0010460077 +0.0000172060 -1.1889150000 +0.0014236432 +1.4945892800 +0.0035151629 +0.1415586092 +0.3518680676 -0.0034187307
+4.9000000000 +0.1060967500 +0.0004016054 +0.0002837500 +0.0006653555 +0.0177079975 +0.0001255335 +0.0009439191 +0.0000152545 -1.1537040000 +0.0013959327 +1.4089780400 +0.0033425255 +0.1316627988 +0.3246360699 -0.0034011906
+5.0000000000 +0.1032735000 +0.0003915911 +0.0004645000 +0.0006480537 +0.0167991600 +0.0001192255 +0.0008508005 +0.0000137459 -1.1227030000 +0.0013878002 +1.3375016000 +0.0032310793 +0.1226748840 +0.3081582952 -0.0049196186
