# T, am1a, am1e, m1a, m1e, m2a, m2e, m4a, m4e, e1a, e1e, e2a, e2e, susc, spec, bind
+2.0000000000 +0.4946878906 +0.0024689206 +0.0115980469 +0.0034942966 +0.4885388733 +0.0024657891 +0.4818748740 +0.0024370188 -4.9217390625 +0.0006465811 +24.2402380859 +0.0062183547 +7.8023284531 +0.2675629856 +0.3270004495
+2.1000000000 +0.4931847656 +0.0024573300 +0.0135292969 +0.0034806142 +0.4847700378 +0.0024520074 +0.4754955918 +0.0024123161 -4.8917187500 +0.0007697248 +23.9526113770 +0.0073525919 +7.3611832319 +0.3439317602 +0.3255438778
+2.2000000000 +0.4908703125 +0.0024421359 +0.0132242188 +0.0034617189 +0.4795147827 +0.0024335124 +0.4668137332 +0.0023796259 -4.8526406250 +0.0009074825 +23.5810620117 +0.0085927138 +6.9399598261 +0.4355831579 +0.3232654202
+2.3000000000 +0.4905351562 +0.0024235403 +0.0144242188 +0.0034473126 +0.4755666382 +0.0024096514 +0.4584204289 +0.0023384677 -4.8037718750 +0.0010718157 +23.1221757813 +0.0100188841 +6.5375137020 +0.5559356275 +0.3243528527
+2.4000000000 +0.4896062500 +0.0023986001 +0.0152562500 +0.0034264151 +0.4698455688 +0.0023774106 +0.4468381021 +0.0022841497 -4.7386203125 +0.0012714281 +22.5191836426 +0.0116852451 +6.1368343682 +0.7184575171 +0.3252876289
+2.5000000000 +0.4880082031 +0.0023679753 +0.0142691406 +0.0033994142 +0.4624442810 +0.0023380301 +0.4325100993 +0.0022202452 -4.6584304687 +0.0014830414 +21.7889509033 +0.0133682128 +5.7418822320 +0.9008790645 +0.3258505690
+2.6000000000 +0.4807273437 +0.0023252193 +0.0165117188 +0.0033432467 +0.4473645752 +0.0022836244 +0.4087326830 +0.0021369350 -4.5562835937 +0.0017496449 +20.8821704834 +0.0153490442 +5.3234657518 +1.1592927500 +0.3192385906
+2.7000000000 +0.4736539062 +0.0022690295 +0.0186210938 +0.0032784946 +0.4302878174 +0.0022117663 +0.3808240128 +0.0020317042 -4.4225304687 +0.0020715080 +19.7304215576 +0.0175370214 +4.8815358691 +1.5069042357 +0.3143776444
+2.8000000000 +0.4650066406 +0.0021910066 +0.0153808594 +0.0031938026 +0.4082515686 +0.0021179947 +0.3461054054 +0.0019054262 -4.2496164063 +0.0024941941 +18.3080797607 +0.0201246582 +4.3890375492 +2.0313482488 +0.3078003056
+2.9000000000 +0.4493980469 +0.0020805245 +0.0096855469 +0.0030618952 +0.3751018982 +0.0019898978 +0.2990891676 +0.0017440594 -4.0113164062 +0.0029893969 +16.4481190674 +0.0227407018 +3.8210933773 +2.7202644953 +0.2914330271
+3.0000000000 +0.4311082031 +0.0019280802 +0.0103089844 +0.0028915728 +0.3345540100 +0.0018213297 +0.2446160588 +0.0015466663 -3.7004906250 +0.0035006983 +14.1838264160 +0.0247967561 +3.1722608471 +3.4858350244 +0.2714971915
+3.1000000000 +0.3995187500 +0.0017355187 +0.0058773437 +0.0026460428 +0.2800962402 +0.0016087170 +0.1819727191 +0.0013071439 -3.3245914063 +0.0038581774 +11.6483293213 +0.0253188425 +2.4873498556 +3.9653447844 +0.2268380527
+3.2000000000 +0.3573921875 +0.0015241614 +0.0046617188 +0.0023485642 +0.2206518921 +0.0013638502 +0.1230907473 +0.0010434145 -2.9386585938 +0.0038802669 +9.2379731689 +0.0235845325 +1.8584543281 +3.7641177395 +0.1572692485
+3.3000000000 +0.3170714844 +0.0013208025 +0.0024511719 +0.0020634261 +0.1703150940 +0.0011181018 +0.0790132952 +0.0007824366 -2.5966140625 +0.0036145056 +7.2649906250 +0.0202189895 +1.3533239814 +3.0712126967 +0.0920276106
+3.4000000000 +0.2816179688 +0.0011479514 +0.0012015625 +0.0018167205 +0.1320203735 +0.0009033230 +0.0500690794 +0.0005674577 -2.3305312500 +0.0032400636 +5.8512963867 +0.0166870966 +0.9922201075 +2.3248192636 +0.0424390266
+3.5000000000 +0.2529847656 +0.0010100539 +0.0003496094 +0.0016187150 +0.1048096497 +0.0007385769 +0.0328048946 +0.0004198571 -2.1251664062 +0.0029153239 +4.8562968018 +0.0137948370 +0.7462099752 +1.7761413094 +0.0045605385
+3.6000000000 +0.2299636719 +0.0009056078 +0.0006636719 +0.0014636245 +0.0856883118 +0.0006116358 +0.0223064229 +0.0003086940 -1.9662820313 +0.0026355607 +4.1441122314 +0.0114531579 +0.5832003802 +1.3720849631 -0.0126643082
+3.7000000000 +0.2127511719 +0.0008286944 -0.0003363281 +0.0013484466 +0.0727324402 +0.0005189036 +0.0160604452 +0.0002332316 -1.8446718750 +0.0024379263 +3.6405537109 +0.0099035882 +0.4751460160 +1.1114185982 -0.0119988264
+3.8000000000 +0.1988695313 +0.0007722751 -0.0009187500 +0.0012590135 +0.0634054443 +0.0004517608 +0.0121837635 +0.0001793974 -1.7445726562 +0.0022953485 +3.2542787354 +0.0087184324 +0.4017912232 +0.9340497836 -0.0101993951
+3.9000000000 +0.1874937500 +0.0007251930 -0.0003109375 +0.0011852215 +0.0561901001 +0.0004021959 +0.0096277881 +0.0001454471 -1.6587992188 +0.0021841502 +2.9424353271 +0.0078274468 +0.3452093343 +0.8029264075 -0.0164491480
+4.0000000000 +0.1784585938 +0.0006812982 +0.0001257812 +0.0011226547 +0.0504141602 +0.0003574367 +0.0076520263 +0.0001159184 -1.5836773438 +0.0020927329 +2.6832151611 +0.0070959711 +0.2970670476 +0.7007249281 -0.0035756752
+4.1000000000 +0.1700925781 +0.0006480049 +0.0000902344 +0.0010692040 +0.0457278992 +0.0003227935 +0.0062588657 +0.0000961917 -1.5151125000 +0.0020214015 +2.4590084473 +0.0065442578 +0.2621879264 +0.6222679247 +0.0022726404
+4.2000000000 +0.1633230469 +0.0006234613 -0.0002597656 +0.0010274058 +0.0422225769 +0.0003005348 +0.0053955937 +0.0000850517 -1.4575250000 +0.0019725155 +2.2800118164 +0.0061488273 +0.2369243316 +0.5646537534 -0.0088544422
+4.3000000000 +0.1570675781 +0.0005976197 +0.0000339844 +0.0009868662 +0.0389561951 +0.0002768063 +0.0045824549 +0.0000720822 -1.4026703125 +0.0019374104 +2.1176263672 +0.0057967657 +0.2126284051 +0.5196923279 -0.0065234182
+4.4000000000 +0.1510355469 +0.0005736482 -0.0001128906 +0.0009483488 +0.0359746277 +0.0002545587 +0.0038861797 +0.0000604202 -1.3521789063 +0.0018907146 +1.9713798584 +0.0054429665 +0.1914602366 +0.4727010377 -0.0009422234
+4.5000000000 +0.1469234375 +0.0005577502 -0.0007656250 +0.0009223519 +0.0340299072 +0.0002410702 +0.0034826279 +0.0000556963 -1.3076078125 +0.0018636164 +1.8487608398 +0.0051802856 +0.1769729527 +0.4390641731 -0.0024536350
+4.6000000000 +0.1433714844 +0.0005419667 -0.0012863281 +0.0008986496 +0.0323044983 +0.0002260739 +0.0030879575 +0.0000492013 -1.2673656250 +0.0018346801 +1.7408576660 +0.0049405735 +0.1634659584 +0.4072348993 +0.0136658807
+4.7000000000 +0.1396105469 +0.0005294444 -0.0016183594 +0.0008760842 +0.0307035583 +0.0002179579 +0.0028429345 +0.0000466282 -1.2280617188 +0.0017969846 +1.6373017334 +0.0046916006 +0.1526802186 +0.3742251468 -0.0052363439
+4.8000000000 +0.1363902344 +0.0005190286 -0.0004917969 +0.0008569959 +0.0293779236 +0.0002082632 +0.0025980046 +0.0000413686 -1.1913351563 +0.0017837501 +1.5465500244 +0.0045072622 +0.1436750340 +0.3535293608 -0.0034054894
+4.9000000000 +0.1338855469 +0.0005075909 -0.0002871094 +0.0008401071 +0.0282312805 +0.0002010457 +0.0024137798 +0.0000388835 -1.1559765625 +0.0017663033 +1.4610749023 +0.0043593262 +0.1346082071 +0.3326429702 -0.0095207082
+5.0000000000 +0.1305933594 +0.0004984732 +0.0002816406 +0.0008214860 +0.0269936462 +0.0001928369 +0.0022160991 +0.0000362156 -1.1268289063 +0.0017432886 +1.3913055908 +0.0041682503 +0.1272194653 +0.3111992496 -0.0137825827
