# T, am1a, am1e, m1a, m1e, m2a, m2e, m4a, m4e, e1a, e1e, e2a, e2e, susc, spec, bind
+2.0000000000 +0.4677977500 +0.0024645469 -0.0547612500 +0.0033867226 +0.4617943875 +0.0024595415 +0.4552278264 +0.0024278468 -4.9215625000 +0.0005212641 +24.2326460900 +0.0050526509 +12.1479826297 +0.2717162146 +0.2884420985
+2.1000000000 +0.4665607500 +0.0024530809 -0.0543672500 +0.0033742680 +0.4583831725 +0.0024454138 +0.4493170699 +0.0024017761 -4.8907825000 +0.0006198413 +23.9351215900 +0.0059676412 +11.4621066219 +0.3484836210 +0.2871891014
+2.2000000000 +0.4656710000 +0.0024386600 -0.0553130000 +0.0033603290 +0.4547319750 +0.0024263075 +0.4422598833 +0.0023668549 -4.8516595000 +0.0007305793 +23.5599497500 +0.0069748165 +10.8128406709 +0.4411125217 +0.2870726006
+2.3000000000 +0.4630492500 +0.0024201738 -0.0539762500 +0.0033383784 +0.4487042575 +0.0024007095 +0.4318717453 +0.0023210725 -4.8018300000 +0.0008577446 +23.0870003800 +0.0080992975 +10.1865065032 +0.5563143873 +0.2849882868
+2.4000000000 +0.4592245000 +0.0023962669 -0.0575995000 +0.0033062563 +0.4405709400 +0.0023682992 +0.4184564065 +0.0022643511 -4.7376000000 +0.0010075110 +22.4854569000 +0.0093684240 +9.5701582750 +0.7049156248 +0.2813833572
+2.5000000000 +0.4553155000 +0.0023655172 -0.0585615000 +0.0032699756 +0.4311390650 +0.0023251506 +0.4021339137 +0.0021909775 -4.6575435000 +0.0011782026 +21.7482379100 +0.0107514080 +8.9530744184 +0.8884232896 +0.2788681211
+2.6000000000 +0.4534357500 +0.0023271378 -0.0570857500 +0.0032363869 +0.4222267975 +0.0022703937 +0.3844629627 +0.0021012704 -4.5589630000 +0.0013939954 +20.8618725600 +0.0124076605 +8.3316468508 +1.1498361631 +0.2811443887
+2.7000000000 +0.4492522500 +0.0022713965 -0.0583062500 +0.0031811855 +0.4081972675 +0.0021955450 +0.3594417247 +0.0019858627 -4.4271920000 +0.0016576252 +19.7099378600 +0.0142463934 +7.6433216063 +1.5076660512 +0.2809368244
+2.8000000000 +0.4422307500 +0.0021920430 -0.0565737500 +0.0031006836 +0.3877701375 +0.0020923215 +0.3254780499 +0.0018391621 -4.2514070000 +0.0020066051 +18.2355200400 +0.0164401082 +6.8643607591 +2.0543183718 +0.2784744256
+2.9000000000 +0.4292757500 +0.0020689672 -0.0593367500 +0.0029664028 +0.3555026725 +0.0019452151 +0.2777366158 +0.0016517609 -4.0059110000 +0.0024829047 +16.2939155600 +0.0190737631 +5.9043104470 +2.9321357917 +0.2674687697
+3.0000000000 +0.4081807500 +0.0018763642 -0.0552802500 +0.0027585564 +0.3074412325 +0.0017285195 +0.2140312973 +0.0014009540 -3.6552465000 +0.0030238765 +13.7265801500 +0.0213608861 +4.6943235943 +4.0639241582 +0.2452001517
+3.1000000000 +0.3652185000 +0.0016172561 -0.0427160000 +0.0024299207 +0.2380052400 +0.0014388405 +0.1394569746 +0.0010861146 -3.2082010000 +0.0033272219 +10.7353698800 +0.0213758883 +3.3748608793 +4.6078691322 +0.1793727257
+3.2000000000 +0.3134645000 +0.0013359511 -0.0256510000 +0.0020554357 +0.1696506050 +0.0011175311 +0.0787363604 +0.0007607085 -2.7788265000 +0.0031460548 +8.1177831500 +0.0183588282 +2.2309566325 +3.8662737588 +0.0881083150
+3.3000000000 +0.2679285000 +0.0011004362 -0.0147100000 +0.0017321063 +0.1202240700 +0.0008369840 +0.0424755171 +0.0004940528 -2.4533905000 +0.0027351467 +6.3183660500 +0.0144478501 +1.4678299663 +2.7478521994 +0.0204320490
+3.4000000000 +0.2323792500 +0.0009315875 -0.0083232500 +0.0014886659 +0.0887143275 +0.0006357897 +0.0240393733 +0.0003206280 -2.2192010000 +0.0023847485 +5.1523341000 +0.0114490118 +1.0210062256 +1.9678289066 -0.0181560778
+3.5000000000 +0.2060945000 +0.0008092429 -0.0054750000 +0.0013099612 +0.0686699050 +0.0004958235 +0.0145491920 +0.0002132938 -2.0491470000 +0.0021194544 +4.3786869000 +0.0092952855 +0.7484274877 +1.4668038563 -0.0284536611
+3.6000000000 +0.1867895000 +0.0007215089 -0.0044860000 +0.0011799703 +0.0557133200 +0.0003988375 +0.0094668278 +0.0001438623 -1.9190020000 +0.0019399927 +3.8331115400 +0.0078652496 +0.5784167414 +1.1615961728 -0.0166351992
+3.7000000000 +0.1719160000 +0.0006606647 -0.0027395000 +0.0010840517 +0.0470142250 +0.0003384993 +0.0067936078 +0.0001078460 -1.8112075000 +0.0018371405 +3.4154760100 +0.0070192616 +0.4718679444 +0.9861461062 -0.0245205065
+3.8000000000 +0.1598772500 +0.0006080393 -0.0022182500 +0.0010042944 +0.0403492075 +0.0002859569 +0.0048989130 +0.0000770401 -1.7189890000 +0.0017448637 +3.0767051600 +0.0062826987 +0.3891703272 +0.8433654978 -0.0030173784
+3.9000000000 +0.1513190000 +0.0005731802 -0.0022005000 +0.0009491314 +0.0360388600 +0.0002528288 +0.0038556961 +0.0000586328 -1.6424860000 +0.0016773732 +2.8103035000 +0.0057287031 +0.3369594933 +0.7399292558 +0.0104461008
+4.0000000000 +0.1432772500 +0.0005456021 -0.0021027500 +0.0009004335 +0.0324356375 +0.0002291392 +0.0031522622 +0.0000492124 -1.5692720000 +0.0016196067 +2.5675396400 +0.0052769827 +0.2976816783 +0.6557814376 +0.0012513515
+4.1000000000 +0.1366045000 +0.0005171038 -0.0016555000 +0.0008566491 +0.0293566450 +0.0002079441 +0.0025914425 +0.0000416960 -1.5061845000 +0.0015816403 +2.3686551900 +0.0049414821 +0.2608745263 +0.5952614037 -0.0023224958
+4.2000000000 +0.1308265000 +0.0004974789 -0.0009260000 +0.0008217988 +0.0270149850 +0.0001940822 +0.0022365256 +0.0000371284 -1.4480505000 +0.0015495169 +2.1928903500 +0.0046535256 +0.2357002833 +0.5444450082 -0.0215112763
+4.3000000000 +0.1253000000 +0.0004763111 -0.0007925000 +0.0007869935 +0.0247749800 +0.0001763605 +0.0018579202 +0.0000304118 -1.3959530000 +0.0015208877 +2.0412087600 +0.0044058875 +0.2110439535 +0.5004001179 -0.0089721700
+4.4000000000 +0.1220640000 +0.0004606790 +0.0000105000 +0.0007646670 +0.0233886250 +0.0001651513 +0.0016380264 +0.0000270177 -1.3485040000 +0.0014918180 +1.9074838800 +0.0041753595 +0.1929319296 +0.4598183987 +0.0018627291
+4.5000000000 +0.1183915000 +0.0004471963 +0.0007410000 +0.0007418790 +0.0220159300 +0.0001560483 +0.0014587447 +0.0000240867 -1.3057435000 +0.0014706954 +1.7914838900 +0.0039831135 +0.1777640606 +0.4272484060 -0.0031917471
+4.6000000000 +0.1141257500 +0.0004337453 +0.0002457500 +0.0007167640 +0.0205500875 +0.0001463134 +0.0012786107 +0.0000211921 -1.2641110000 +0.0014513969 +1.6822387400 +0.0037968741 +0.1635956671 +0.3982141762 -0.0092290182
+4.7000000000 +0.1117590000 +0.0004243473 -0.0000275000 +0.0007016570 +0.0196929000 +0.0001393296 +0.0011643203 +0.0000187096 -1.2232615000 +0.0014327196 +1.5784761100 +0.0036416282 +0.1532516153 +0.3716949417 -0.0007644371
+4.8000000000 +0.1088110000 +0.0004115014 -0.0009085000 +0.0006821353 +0.0186131700 +0.0001306710 +0.0010294464 +0.0000159015 -1.1879365000 +0.0014103000 +1.4907509700 +0.0034699161 +0.1411111725 +0.3453031335 +0.0095289436
+4.9000000000 +0.1067077500 +0.0004014224 -0.0005777500 +0.0006676790 +0.0178321425 +0.0001255982 +0.0009489817 +0.0000154970 -1.1576025000 +0.0013950566 +1.4178908700 +0.0033431605 +0.1315428284 +0.3242287463 +0.0052143585
+5.0000000000 +0.1044192500 +0.0003964427 -0.0004712500 +0.0006555500 +0.0171900525 +0.0001219686 +0.0008905518 +0.0000144539 -1.1259905000 +0.0013896432 +1.3450989300 +0.0032386791 +0.1257334546 +0.3089772956 -0.0045777001
