# T, am1a, am1e, m1a, m1e, m2a, m2e, m4a, m4e, e1a, e1e, e2a, e2e, susc, spec, bind
+2.0000000000 +0.5093621528 +0.0024702494 -0.0620951389 +0.0035343998 +0.5035350887 +0.0024648149 +0.4965600835 +0.0024330307 -4.9218972222 +0.0004330883 +24.2325748843 +0.0042182122 +17.5741405958 +0.2700942534 +0.3471835772
+2.1000000000 +0.5083125000 +0.0024595842 -0.0624065972 +0.0035230285 +0.5003637804 +0.0024499248 +0.4904491802 +0.0024049477 -4.8917670139 +0.0005154756 +23.9400131221 +0.0049890672 +16.5930639583 +0.3470564553 +0.3470182731
+2.2000000000 +0.5043723958 +0.0024456067 -0.0626071181 +0.0034989696 +0.4936311933 +0.0024304768 +0.4799604553 +0.0023685875 -4.8522038194 +0.0006120626 +23.5588667294 +0.0058698937 +15.6593244866 +0.4458294725 +0.3434330606
+2.3000000000 +0.5009923611 +0.0024276253 -0.0586774306 +0.0034759348 +0.4867279369 +0.0024045371 +0.4681760301 +0.0023208650 -4.8007583333 +0.0007194788 +23.0679865644 +0.0068229497 +14.7590352645 +0.5636412985 +0.3412579738
+2.4000000000 +0.4988593750 +0.0024049053 -0.0555621528 +0.0034536803 +0.4802034529 +0.0023712119 +0.4555011840 +0.0022610951 -4.7364250000 +0.0008481356 +22.4624951389 +0.0079311688 +13.8805666144 +0.7193339567 +0.3415577378
+2.5000000000 +0.4978890625 +0.0023751231 -0.0558289931 +0.0034293769 +0.4735419114 +0.0023278734 +0.4410017164 +0.0021859389 -4.6576392361 +0.0009876496 +21.7326213204 +0.0090646486 +12.9973474283 +0.8989762557 +0.3444554979
+2.6000000000 +0.4930288194 +0.0023362829 -0.0485180556 +0.0033876693 +0.4614061343 +0.0022714291 +0.4192712280 +0.0020910613 -4.5566482639 +0.0011596980 +20.8168393760 +0.0103918751 +12.0920520437 +1.1459497669 +0.3435417999
+2.7000000000 +0.4833223958 +0.0022831667 -0.0419946181 +0.0033179474 +0.4421145460 +0.0021957247 +0.3883135583 +0.0019713367 -4.4274562500 +0.0013834757 +19.6789290509 +0.0120036938 +11.1207470744 +1.5123003509 +0.3377961640
+2.8000000000 +0.4691060764 +0.0022029213 -0.0394619792 +0.0032117665 +0.4141750060 +0.0020871836 +0.3457943492 +0.0018120444 -4.2521104167 +0.0016722720 +18.1923027392 +0.0138621536 +9.9830311778 +2.0545667205 +0.3280625254
+2.9000000000 +0.4491350694 +0.0020689679 -0.0415597222 +0.0030463923 +0.3729474441 +0.0019204149 +0.2866095299 +0.0015940548 -3.9975708333 +0.0021190286 +16.1601838638 +0.0163935166 +8.5022135232 +3.0753896155 +0.3131307064
+3.0000000000 +0.4131987847 +0.0018409872 -0.0345001736 +0.0027618487 +0.3063025909 +0.0016666135 +0.2049252937 +0.0013029536 -3.6068121528 +0.0026836376 +13.2971703463 +0.0188478014 +6.5073290500 +4.6092230533 +0.2719302777
+3.1000000000 +0.3472152778 +0.0015141988 -0.0148833333 +0.0023024381 +0.2122703655 +0.0013044281 +0.1131200161 +0.0009238551 -3.1063888889 +0.0029242595 +9.9917036651 +0.0184127745 +4.2601664404 +5.1254370447 +0.1631657095
+3.2000000000 +0.2756125000 +0.0011652881 -0.0036395833 +0.0018046112 +0.1302781057 +0.0009025358 +0.0495552174 +0.0005424024 -2.6582767361 +0.0025637639 +7.3293506221 +0.0144085933 +2.4442134999 +3.6972480425 +0.0267480979
+3.3000000000 +0.2252857639 +0.0009142534 +0.0020604167 +0.0014507222 +0.0841880449 +0.0006125165 +0.0220946841 +0.0002998132 -2.3567246528 +0.0021230301 +5.7344413628 +0.0106546019 +1.4589543070 +2.3840036210 -0.0391199730
+3.4000000000 +0.1931906250 +0.0007616290 +0.0008635417 +0.0012300917 +0.0605257668 +0.0004423895 +0.0114917080 +0.0001731016 -2.1605701389 +0.0018263508 +4.8014856192 +0.0082986894 +0.9827216129 +1.6620078165 -0.0456412935
+3.5000000000 +0.1710227431 +0.0006653940 +0.0001265625 +0.0010834982 +0.0469587469 +0.0003435707 +0.0069267575 +0.0001117017 -2.0159649306 +0.0016657435 +4.1751026572 +0.0070159367 +0.7286386926 +1.3046759234 -0.0470700424
+3.6000000000 +0.1545956597 +0.0005951855 -0.0010185764 +0.0009755590 +0.0380696506 +0.0002764804 +0.0045069550 +0.0000755629 -1.9006826389 +0.0015396414 +3.7074143133 +0.0060478509 +0.5667933041 +1.0535535500 -0.0365832477
+3.7000000000 +0.1426388889 +0.0005469171 -0.0019437500 +0.0008987047 +0.0323105830 +0.0002324756 +0.0032057702 +0.0000524217 -1.7993635417 +0.0014814371 +3.3254953945 +0.0054848047 +0.4656543731 +0.9233906847 -0.0235794187
+3.8000000000 +0.1331385417 +0.0005073492 -0.0015486111 +0.0008369528 +0.0280220004 +0.0001995538 +0.0023781012 +0.0000385067 -1.7125281250 +0.0014242790 +3.0138954041 +0.0050140309 +0.3901691031 +0.8091805284 -0.0095104065
+3.9000000000 +0.1252442708 +0.0004745487 -0.0015803819 +0.0007856763 +0.0246939875 +0.0001754136 +0.0018405903 +0.0000303354 -1.6382180556 +0.0013789415 +2.7598175829 +0.0046336146 +0.3325979126 +0.7200869624 -0.0061284583
+4.0000000000 +0.1187482639 +0.0004485459 -0.0005809028 +0.0007441195 +0.0221488884 +0.0001570748 +0.0014774736 +0.0000240922 -1.5675958333 +0.0013443459 +2.5296473283 +0.0043172778 +0.2897185763 +0.6506156847 -0.0039095912
+4.1000000000 +0.1126269097 +0.0004293104 -0.0005772569 +0.0007081099 +0.0200571193 +0.0001428373 +0.0012183873 +0.0000193523 -1.5054548611 +0.0013188288 +2.3359667149 +0.0040731943 +0.2589295072 +0.5959799019 -0.0095480315
+4.2000000000 +0.1086310764 +0.0004120341 +0.0002782986 +0.0006817535 +0.0185915931 +0.0001324496 +0.0010473635 +0.0000170936 -1.4489937500 +0.0012833330 +2.1654606289 +0.0038031540 +0.2328302525 +0.5377774802 -0.0100502164
+4.3000000000 +0.1044029514 +0.0003969746 -0.0003560764 +0.0006558087 +0.0172035289 +0.0001222473 +0.0008937377 +0.0000141538 -1.3966256944 +0.0012646605 +2.0145379823 +0.0036130099 +0.2110957159 +0.4982341736 -0.0065926433
+4.4000000000 +0.1011388889 +0.0003844115 -0.0005722222 +0.0006352093 +0.0161399619 +0.0001142925 +0.0007830092 +0.0000125385 -1.3482677083 +0.0012415643 +1.8794850936 +0.0034229245 +0.1934472128 +0.4586227455 -0.0019374449
+4.5000000000 +0.0980517361 +0.0003708144 -0.0010343750 +0.0006146789 +0.0151142747 +0.0001064618 +0.0006818060 +0.0000109767 -1.3039972222 +0.0012300963 +1.7609342303 +0.0032872645 +0.1760042156 +0.4304033761 +0.0051332272
+4.6000000000 +0.0949777778 +0.0003587221 -0.0008100694 +0.0005951341 +0.0141680411 +0.0001002576 +0.0006027966 +0.0000098973 -1.2636468750 +0.0012095037 +1.6553193914 +0.0031343867 +0.1611317056 +0.3982182989 -0.0009904102
+4.7000000000 +0.0927059028 +0.0003502447 -0.0012937500 +0.0005809382 +0.0135012394 +0.0000948394 +0.0005420636 +0.0000088089 -1.2248312500 +0.0011886358 +1.5567257909 +0.0029829733 +0.1503376845 +0.3684040194 +0.0087533243
+4.8000000000 +0.0899309028 +0.0003413179 -0.0014888889 +0.0005644747 +0.0127474826 +0.0000900966 +0.0004871944 +0.0000078407 -1.1891354167 +0.0011746021 +1.4692306424 +0.0028668728 +0.1397974609 +0.3449225199 +0.0006164547
+4.9000000000 +0.0888371528 +0.0003353371 -0.0007725694 +0.0005565402 +0.0123900776 +0.0000869919 +0.0004562176 +0.0000072860 -1.1548729167 +0.0011677014 +1.3882725116 +0.0027635865 +0.1321872371 +0.3271100517 +0.0093900408
+5.0000000000 +0.0869781250 +0.0003299554 -0.0003541667 +0.0005458913 +0.0119200159 +0.0000845720 +0.0004281838 +0.0000071724 -1.1225489583 +0.0011624910 +1.3141715808 +0.0026723939 +0.1254188646 +0.3113592017 -0.0045123783
