# T, am1a, am1e, m1a, m1e, m2a, m2e, m4a, m4e, e1a, e1e, e2a, e2e, susc, spec, bind
+2.0000000000 +0.5011796875 +0.0024695730 -0.0017765625 +0.0035182722 +0.4951327148 +0.0024707606 +0.4893427151 +0.0024569430 -4.9220843750 +0.0012968699 +24.2941894531 +0.0115648082 +1.9516130854 +0.2690994340 +0.3346523492
+2.1000000000 +0.5007140625 +0.0024571731 -0.0011640625 +0.0035079239 +0.4922225586 +0.0024580555 +0.4839645168 +0.0024392761 -4.8898531250 +0.0015691304 +24.0091503906 +0.0138295768 +1.8400608473 +0.3573217471 +0.3341609845
+2.2000000000 +0.5004750000 +0.0024412340 -0.0002250000 +0.0034959266 +0.4888601563 +0.0024424501 +0.4776067505 +0.0024181167 -4.8491625000 +0.0018519653 +23.6515679688 +0.0161516609 +1.7337085864 +0.4535240243 +0.3338379053
+2.3000000000 +0.5000328125 +0.0024228017 -0.0000515625 +0.0034814923 +0.4848315430 +0.0024225999 +0.4698212444 +0.0023914730 -4.8010843750 +0.0021571203 +23.2365378906 +0.0185394691 +1.6333824653 +0.5629541467 +0.3337615979
+2.4000000000 +0.4989859375 +0.0023962620 +0.0006890625 +0.0034592967 +0.4786698242 +0.0023975909 +0.4590624798 +0.0023604236 -4.7337593750 +0.0025546446 +22.6695261719 +0.0214500695 +1.5312190560 +0.7251343097 +0.3321507485
+2.5000000000 +0.4970562500 +0.0023659332 +0.0003593750 +0.0034313641 +0.4709705078 +0.0023682750 +0.4461622826 +0.0023247959 -4.6546656250 +0.0029654489 +22.0176675781 +0.0243322683 +1.4329957897 +0.9004940738 +0.3295225534
+2.6000000000 +0.4930062500 +0.0023270526 -0.0000875000 +0.0033899193 +0.4596621094 +0.0023303131 +0.4285036285 +0.0022798364 -4.5527062500 +0.0034466221 +21.2023023437 +0.0274815592 +1.3329658267 +1.1246583313 +0.3239857702
+2.7000000000 +0.4905250000 +0.0022821834 +0.0019781250 +0.0033501690 +0.4489492187 +0.0022858210 +0.4105545059 +0.0022277730 -4.4318187500 +0.0039169396 +20.2547140625 +0.0304111674 +1.2345744778 +1.3469336179 +0.3210228985
+2.8000000000 +0.4841828125 +0.0022265264 +0.0001171875 +0.0032891100 +0.4327297852 +0.0022323684 +0.3865938068 +0.0021651283 -4.2828125000 +0.0044328626 +19.1284937500 +0.0333282577 +1.1331245099 +1.6041037548 +0.3118231492
+2.9000000000 +0.4758906250 +0.0021628070 -0.0004531250 +0.0032155134 +0.4135812500 +0.0021677382 +0.3590130142 +0.0020904396 -4.1128281250 +0.0049047208 +17.8776066406 +0.0357125049 +1.0323275202 +1.8306805324 +0.3003718837
+3.0000000000 +0.4667453125 +0.0020924196 +0.0009546875 +0.0031344021 +0.3929799805 +0.0020969108 +0.3303146618 +0.0020109316 -3.9238343750 +0.0053725739 +16.5510582031 +0.0378477833 +0.9340202332 +2.0525902235 +0.2870390506
+3.1000000000 +0.4557937500 +0.0020134200 +0.0014468750 +0.0030409713 +0.3699023437 +0.0020137177 +0.2990301041 +0.0019145967 -3.7089062500 +0.0057459760 +15.0766351562 +0.0392163877 +0.8369259417 +2.1987922330 +0.2715168832
+3.2000000000 +0.4419703125 +0.0019288709 +0.0012484375 +0.0029332487 +0.3441594727 +0.0019233988 +0.2664242558 +0.0018095719 -3.4866187500 +0.0060273511 +13.6096687500 +0.0396421335 +0.7441085776 +2.2705600659 +0.2502213816
+3.3000000000 +0.4269984375 +0.0018384110 +0.0017546875 +0.0028174225 +0.3175178711 +0.0018202778 +0.2333540478 +0.0016870339 -3.2495781250 +0.0062347412 +12.1146378906 +0.0395144594 +0.6554676629 +2.2844883749 +0.2284612629
+3.4000000000 +0.4127343750 +0.0017534574 -0.0003406250 +0.0027080162 +0.2933341797 +0.0017243028 +0.2049737450 +0.0015721801 -3.0247625000 +0.0063352254 +10.7545914063 +0.0386511887 +0.5787506606 +2.2220113839 +0.2059430702
+3.5000000000 +0.3999218750 +0.0016787315 -0.0003031250 +0.0026108571 +0.2726630859 +0.0016376772 +0.1816246193 +0.0014701579 -2.8182000000 +0.0063336009 +9.5468312500 +0.0373177096 +0.5153169364 +2.0957779722 +0.1856693692
+3.6000000000 +0.3853343750 +0.0015955936 +0.0000468750 +0.0025015962 +0.2503193359 +0.0015326584 +0.1566214363 +0.0013432082 -2.6188031250 +0.0062224209 +8.4068707031 +0.0353466502 +0.4526078017 +1.9120257971 +0.1668155583
+3.7000000000 +0.3707312500 +0.0015203257 -0.0001531250 +0.0023973800 +0.2298972656 +0.0014362093 +0.1353606400 +0.0012261865 -2.4321937500 +0.0061070655 +7.4074164063 +0.0333693483 +0.3998080255 +1.7435792184 +0.1463034378
+3.8000000000 +0.3574593750 +0.0014498278 +0.0032687500 +0.0023013395 +0.2118572266 +0.0013461114 +0.1173641182 +0.0011183111 -2.2636625000 +0.0059027703 +6.5178757812 +0.0310709742 +0.3540211444 +1.5442746453 +0.1283793312
+3.9000000000 +0.3443984375 +0.0013896922 +0.0048546875 +0.0022126708 +0.1958600586 +0.0012652609 +0.1023965649 +0.0010248945 -2.1272281250 +0.0057454536 +5.8455089844 +0.0292138398 +0.3169221532 +1.3889909150 +0.1102410350
+4.0000000000 +0.3320062500 +0.0013283067 +0.0060093750 +0.0021258409 +0.1808041016 +0.0011871761 +0.0890656090 +0.0009387509 -1.9874031250 +0.0055476300 +5.1808191406 +0.0270874525 +0.2823038061 +1.2310479594 +0.0918193793
+4.1000000000 +0.3201656250 +0.0012744621 +0.0053437500 +0.0020460182 +0.1674761719 +0.0011107697 +0.0774006409 +0.0008479614 -1.8699625000 +0.0053515778 +4.6423351562 +0.0251220069 +0.2535420271 +1.0903751623 +0.0801494948
+4.2000000000 +0.3114546875 +0.0012410065 +0.0039453125 +0.0019911827 +0.1586079102 +0.0010621934 +0.0702866611 +0.0007903348 -1.7791906250 +0.0051804863 +4.2390167969 +0.0234328666 +0.2346814773 +0.9736938928 +0.0686734734
+4.3000000000 +0.3018031250 +0.0011880430 +0.0036468750 +0.0019204796 +0.1475429688 +0.0009927480 +0.0611908691 +0.0007130835 -1.6791531250 +0.0050010386 +3.8199707031 +0.0216705966 +0.2100756930 +0.8656921457 +0.0630242918
+4.4000000000 +0.2942578125 +0.0011514866 +0.0040578125 +0.0018682080 +0.1396245117 +0.0009438742 +0.0551309475 +0.0006589966 -1.6008468750 +0.0048570679 +3.5063550781 +0.0204661367 +0.1928612782 +0.7798713727 +0.0573491423
+4.5000000000 +0.2856593750 +0.0011196781 +0.0032500000 +0.0018147856 +0.1317484375 +0.0009006254 +0.0498026978 +0.0006132000 -1.5191968750 +0.0047035762 +3.1929042969 +0.0190892216 +0.1783010097 +0.6992159225 +0.0435975779
+4.6000000000 +0.2800437500 +0.0010882239 +0.0018343750 +0.0017733470 +0.1257937500 +0.0008571612 +0.0452130798 +0.0005662389 -1.4534687500 +0.0045623065 +2.9451570312 +0.0178137014 +0.1647626020 +0.6295543471 +0.0475883287
+4.7000000000 +0.2726796875 +0.0010614423 +0.0009703125 +0.0017278575 +0.1194206055 +0.0008182244 +0.0410409283 +0.0005271808 -1.3981468750 +0.0044312097 +2.7402394531 +0.0168115382 +0.1534175098 +0.5688907336 +0.0407376860
+4.8000000000 +0.2672421875 +0.0010366227 +0.0007609375 +0.0016911629 +0.1144018555 +0.0007850840 +0.0377420605 +0.0004904030 -1.3420468750 +0.0043446369 +2.5561246094 +0.0159308423 +0.1432782290 +0.5243297185 +0.0387458786
+4.9000000000 +0.2620328125 +0.0010160100 +0.0012234375 +0.0016579411 +0.1099522461 +0.0007600219 +0.0351948254 +0.0004661477 -1.2953906250 +0.0042284825 +2.3932394531 +0.0149906248 +0.1348279225 +0.4766031366 +0.0296032154
+5.0000000000 +0.2581828125 +0.0009901040 +0.0012546875 +0.0016268761 +0.1058706055 +0.0007273024 +0.0323673336 +0.0004330857 -1.2453937500 +0.0041079236 +2.2260070312 +0.0141016158 +0.1254791706 +0.4320009208 +0.0374243401
