# T, am1a, am1e, m1a, m1e, m2a, m2e, m4a, m4e, e1a, e1e, e2a, e2e, susc, spec, bind
+2.0000000000 +0.5099112500 +0.0024691709 -0.0112312500 +0.0035487869 +0.5038816725 +0.0024645251 +0.4968521072 +0.0024335902 -4.9222955000 +0.0005186487 +24.2397528500 +0.0050294746 +12.1936094812 +0.2689965168 +0.3476979297
+2.1000000000 +0.5092650000 +0.0024578620 -0.0146325000 +0.0035382911 +0.5009942600 +0.0024501766 +0.4911298614 +0.0024070795 -4.8920725000 +0.0006169081 +23.9475963700 +0.0059421215 +11.5068295131 +0.3451933046 +0.3477567613
+2.2000000000 +0.5107635000 +0.0024427139 -0.0180870000 +0.0035327973 +0.4995534050 +0.0024304147 +0.4858302298 +0.0023712905 -4.8521035000 +0.0007323769 +23.5643634100 +0.0069923161 +10.8488205485 +0.4432858528 +0.3510676382
+2.3000000000 +0.5081732500 +0.0024249113 -0.0200667500 +0.0035108587 +0.4934478375 +0.0024055927 +0.4749658188 +0.0023265434 -4.8026425000 +0.0008536915 +23.0945265500 +0.0080583902 +10.2264254558 +0.5510693229 +0.3497825783
+2.4000000000 +0.5054347500 +0.0024017666 -0.0189532500 +0.0034851269 +0.4862035925 +0.0023735935 +0.4617517860 +0.0022705382 -4.7380255000 +0.0010128977 +22.4899241100 +0.0094160594 +9.6141377497 +0.7124734608 +0.3488950423
+2.5000000000 +0.5036047500 +0.0023723531 -0.0215242500 +0.0034578780 +0.4787401175 +0.0023325402 +0.4468218489 +0.0022005748 -4.6607335000 +0.0011764382 +21.7777970300 +0.0107379371 +9.0048949311 +0.8857643515 +0.3501494326
+2.6000000000 +0.5030400000 +0.0023314218 -0.0211505000 +0.0034279112 +0.4704703450 +0.0022754551 +0.4284501886 +0.0021089992 -4.5596945000 +0.0013874161 +20.8678108700 +0.0123608870 +8.3623501308 +1.1390079388 +0.3547699641
+2.7000000000 +0.4982865000 +0.0022757722 -0.0218830000 +0.0033725960 +0.4554550050 +0.0022014635 +0.4012969229 +0.0019969031 -4.4269490000 +0.0016601118 +19.7081163000 +0.0142871924 +7.6727988488 +1.5121927489 +0.3551575533
+2.8000000000 +0.4874752500 +0.0021965258 -0.0197047500 +0.0032796069 +0.4306211425 +0.0021011974 +0.3620357924 +0.0018561070 -4.2515250000 +0.0020056307 +18.2363670000 +0.0164824318 +6.8924651120 +2.0523236527 +0.3492119698
+2.9000000000 +0.4668060000 +0.0020765025 -0.0210285000 +0.0031222594 +0.3903823450 +0.0019574276 +0.3056592915 +0.0016703710 -4.0059140000 +0.0024720485 +16.2917879200 +0.0189949334 +5.9473966677 +2.9065510654 +0.3314467408
+3.0000000000 +0.4368215000 +0.0018940945 -0.0162870000 +0.0028898595 +0.3343167800 +0.0017543235 +0.2348737439 +0.0014309183 -3.6616410000 +0.0029818204 +13.7632649400 +0.0210944309 +4.7834585713 +3.9516680791 +0.2995181845
+3.1000000000 +0.3861327500 +0.0016391279 -0.0163807500 +0.0025313029 +0.2565681075 +0.0014730592 +0.1526233248 +0.0011229946 -3.2191235000 +0.0032960099 +10.7973033700 +0.0212121187 +3.4667615122 +4.5218237435 +0.2271515971
+3.2000000000 +0.3242557500 +0.0013533711 -0.0096112500 +0.0021113618 +0.1784063225 +0.0011411195 +0.0839149645 +0.0007821392 -2.7858500000 +0.0031462571 +8.1569175600 +0.0183739117 +2.2895165966 +3.8667708740 +0.1211845607
+3.3000000000 +0.2718425000 +0.0011124879 -0.0062910000 +0.0017561602 +0.1234035200 +0.0008533166 +0.0443543982 +0.0005117835 -2.4523445000 +0.0027531938 +6.3171965900 +0.0145739082 +1.5001568241 +2.7842336393 +0.0291316565
+3.4000000000 +0.2341177500 +0.0009339936 -0.0038547500 +0.0014974146 +0.0897048825 +0.0006385256 +0.0243555661 +0.0003234304 -2.2167330000 +0.0023733006 +5.1392074200 +0.0113258969 +1.0262871069 +1.9489811999 -0.0088923077
+3.5000000000 +0.2059235000 +0.0008071252 -0.0015080000 +0.0013082455 +0.0684625300 +0.0004935850 +0.0144321660 +0.0002102824 -2.0494495000 +0.0021326495 +4.3821710100 +0.0093609402 +0.7445154899 +1.4851245465 -0.0263710000
+3.6000000000 +0.1858625000 +0.0007156797 -0.0014790000 +0.0011729299 +0.0550327650 +0.0003938008 +0.0092317691 +0.0001405902 -1.9110250000 +0.0019417081 +3.8028257600 +0.0078732648 +0.5691082248 +1.1636513069 -0.0160638761
+3.7000000000 +0.1715670000 +0.0006561534 +0.0003525000 +0.0010800070 +0.0466567250 +0.0003322804 +0.0065932616 +0.0001017808 -1.8045855000 +0.0018226116 +3.3894053500 +0.0069290127 +0.4654456625 +0.9706101037 -0.0096028158
+3.8000000000 +0.1606085000 +0.0006115740 +0.0008930000 +0.0010093959 +0.0407560000 +0.0002891447 +0.0050052373 +0.0000785354 -1.7195275000 +0.0017373141 +3.0775052300 +0.0062502814 +0.3937081507 +0.8360831492 -0.0044314708
+3.9000000000 +0.1508560000 +0.0005752777 +0.0019790000 +0.0009485699 +0.0359953100 +0.0002561814 +0.0039208192 +0.0000626429 -1.6389205000 +0.0016728297 +2.7979947700 +0.0057063533 +0.3394301863 +0.7359261320 -0.0087039611
+4.0000000000 +0.1426552500 +0.0005429326 +0.0021287500 +0.0008963401 +0.0321415525 +0.0002290873 +0.0031323198 +0.0000505589 -1.5700280000 +0.0016229381 +2.5703450400 +0.0052998736 +0.2947758037 +0.6584819951 -0.0106741011
+4.1000000000 +0.1365687500 +0.0005173995 +0.0007447500 +0.0008567170 +0.0293591125 +0.0002084842 +0.0026005845 +0.0000428193 -1.5067435000 +0.0015866578 +2.3709752900 +0.0049749425 +0.2611729030 +0.5990441119 -0.0056893888
+4.2000000000 +0.1304495000 +0.0004954925 +0.0001600000 +0.0008191087 +0.0268375850 +0.0001911759 +0.0021821857 +0.0000352245 -1.4478875000 +0.0015555102 +2.1931626900 +0.0046713055 +0.2338217369 +0.5486648376 -0.0099121019
+4.3000000000 +0.1252782500 +0.0004762951 -0.0004152500 +0.0007869045 +0.0247689225 +0.0001763672 +0.0018577154 +0.0000302603 -1.3998855000 +0.0015315614 +2.0535066300 +0.0044522381 +0.2110298274 +0.5074484418 -0.0093544489
+4.4000000000 +0.1214132500 +0.0004594425 -0.0000337500 +0.0007613257 +0.0231846725 +0.0001636147 +0.0016083205 +0.0000256950 -1.3516675000 +0.0014975597 +1.9167124300 +0.0041981314 +0.1918976187 +0.4633646665 +0.0026458264
+4.5000000000 +0.1172707500 +0.0004443063 +0.0008087500 +0.0007356646 +0.0216487525 +0.0001524005 +0.0013977045 +0.0000220795 -1.3033845000 +0.0014676065 +1.7849659100 +0.0039730784 +0.1754738599 +0.4254555810 +0.0059039018
+4.6000000000 +0.1148782500 +0.0004352932 +0.0002792500 +0.0007206965 +0.0207762175 +0.0001467869 +0.0012935066 +0.0000208363 -1.2639145000 +0.0014547777 +1.6821349900 +0.0038149455 +0.1647653299 +0.4000714872 +0.0011174601
+4.7000000000 +0.1119390000 +0.0004232346 +0.0016200000 +0.0007016555 +0.0196954400 +0.0001390616 +0.0011614356 +0.0000186844 -1.2261035000 +0.0014338091 +1.5855621300 +0.0036365143 +0.1524489421 +0.3722604676 +0.0019725463
+4.8000000000 +0.1090680000 +0.0004127186 +0.0016170000 +0.0006838618 +0.0187092950 +0.0001318999 +0.0010459408 +0.0000168418 -1.1902835000 +0.0014185299 +1.4972638900 +0.0035071588 +0.1419472162 +0.3493449637 +0.0039732210
+4.9000000000 +0.1062625000 +0.0004002924 +0.0018065000 +0.0006651657 +0.0177010800 +0.0001246027 +0.0009343615 +0.0000152618 -1.1548140000 +0.0013966143 +1.4116166400 +0.0033439521 +0.1308032876 +0.3249532087 +0.0059821841
+5.0000000000 +0.1041012500 +0.0003935077 +0.0017677500 +0.0006524545 +0.0170310025 +0.0001198725 +0.0008648313 +0.0000137435 -1.1242200000 +0.0013755082 +1.3395515200 +0.0032080532 +0.1238786450 +0.3027236464 +0.0061296747
