# T, am1a, am1e, m1a, m1e, m2a, m2e, m4a, m4e, e1a, e1e, e2a, e2e, susc, spec, bind
+2.0000000000 +0.4898076389 +0.0024681960 +0.0034465278 +0.0034769933 +0.4835911844 +0.0024669346 +0.4772910849 +0.0024429006 -4.9217555556 +0.0008629577 +24.2534655864 +0.0081428147 +4.3862339034 +0.2680905400 +0.3196924087
+2.1000000000 +0.4868909722 +0.0024562340 +0.0016631944 +0.0034582636 +0.4783862461 +0.0024534732 +0.4696346250 +0.0024204680 -4.8918388889 +0.0010269791 +23.9722751543 +0.0096232198 +4.1369730396 +0.3443872610 +0.3159600222
+2.2000000000 +0.4848027778 +0.0024396559 -0.0002250000 +0.0034391515 +0.4731105710 +0.0024341686 +0.4608406742 +0.0023887379 -4.8514305556 +0.0012173225 +23.5956533951 +0.0112916289 +3.8958027979 +0.4408881299 +0.3137154137
+2.3000000000 +0.4839444444 +0.0024198611 +0.0002722222 +0.0034221019 +0.4684313272 +0.0024112753 +0.4519978451 +0.0023519793 -4.8013361111 +0.0014304836 +23.1346797839 +0.0130989915 +3.6661946377 +0.5570222978 +0.3133692539
+2.4000000000 +0.4830805556 +0.0023943137 +0.0001402778 +0.0034010158 +0.4626763503 +0.0023818677 +0.4410011465 +0.0023062493 -4.7381680556 +0.0016749365 +22.5624530093 +0.0150733172 +3.4396429073 +0.7013530411 +0.3133050374
+2.5000000000 +0.4795736111 +0.0023611485 +0.0011819444 +0.0033652279 +0.4529917438 +0.0023424801 +0.4246900344 +0.0022473474 -4.6548277778 +0.0019791796 +21.8241077160 +0.0174041154 +3.2112128931 +0.9025117936 +0.3101252622
+2.6000000000 +0.4771333333 +0.0023197590 +0.0010083333 +0.0033275609 +0.4429074846 +0.0022946235 +0.4067789174 +0.0021789603 -4.5530527778 +0.0023130679 +20.9443009259 +0.0197717523 +2.9804021556 +1.1397053007 +0.3087882014
+2.7000000000 +0.4731465278 +0.0022648850 +0.0035548611 +0.0032750693 +0.4290558063 +0.0022313959 +0.3832539938 +0.0020929200 -4.4215458333 +0.0027136207 +19.8446170525 +0.0223768218 +2.7358422611 +1.4545654133 +0.3060345208
+2.8000000000 +0.4664791667 +0.0021930186 +0.0065597222 +0.0032013006 +0.4099760417 +0.0021514382 +0.3532278073 +0.0019922011 -4.2517513889 +0.0032030971 +18.4877831018 +0.0252825861 +2.4733700837 +1.8844587043 +0.2994862331
+2.9000000000 +0.4565902778 +0.0021049772 +0.0073777778 +0.0031050661 +0.3857118441 +0.0020559174 +0.3178454799 +0.0018774604 -4.0438625000 +0.0037211859 +16.9067128858 +0.0279051927 +2.2001854640 +2.3709872542 +0.2878543352
+3.0000000000 +0.4420930556 +0.0019914864 +0.0069041667 +0.0029750602 +0.3540869985 +0.0019329702 +0.2748325485 +0.0017303503 -3.7814513889 +0.0041977760 +15.0042275463 +0.0298281918 +1.9036887442 +2.8194117591 +0.2693204553
+3.1000000000 +0.4209062500 +0.0018582829 +0.0040243056 +0.0028074654 +0.3152906829 +0.0017866773 +0.2270968464 +0.0015618001 -3.4822541667 +0.0045779370 +12.9643943673 +0.0307191890 +1.6040741990 +3.1403548696 +0.2385040913
+3.2000000000 +0.3955250000 +0.0017124106 +0.0020666667 +0.0026159595 +0.2737340278 +0.0016200916 +0.1799181947 +0.0013704022 -3.1610069444 +0.0047712366 +10.9025528549 +0.0301930801 +1.3195575242 +3.2012857691 +0.1996199510
+3.3000000000 +0.3689743056 +0.0015700244 +0.0010187500 +0.0024224991 +0.2347411073 +0.0014544201 +0.1397169033 +0.0011860807 -2.8571680556 +0.0047565562 +9.0684023920 +0.0283642449 +1.0756262083 +2.9917127084 +0.1548196354
+3.4000000000 +0.3413958333 +0.0014244046 +0.0008750000 +0.0022232155 +0.1977082562 +0.0012751699 +0.1041308868 +0.0009856498 -2.5729263889 +0.0045512358 +7.4485000772 +0.0254417529 +0.8593109064 +2.5802591248 +0.1120087197
+3.5000000000 +0.3170729167 +0.0013004682 -0.0015270833 +0.0020504975 +0.1681839313 +0.0011202356 +0.0784829510 +0.0008196732 -2.3481555556 +0.0042817790 +6.2471797840 +0.0225987010 +0.6958151675 +2.1551371225 +0.0751206778
+3.6000000000 +0.2950319444 +0.0011936191 -0.0051097222 +0.0018974114 +0.1440329090 +0.0009821387 +0.0593293342 +0.0006724701 -2.1464486111 +0.0039972906 +5.2463749228 +0.0197274292 +0.5698906071 +1.7753702297 +0.0467106169
+3.7000000000 +0.2761833333 +0.0011017046 -0.0029569444 +0.0017664839 +0.1248273534 +0.0008633196 +0.0453946986 +0.0005531814 -1.9818986111 +0.0037049372 +4.4769844907 +0.0171216803 +0.4723795438 +1.4438455732 +0.0288990985
+3.8000000000 +0.2593701389 +0.0010270379 -0.0022229167 +0.0016542385 +0.1094651427 +0.0007628050 +0.0352574771 +0.0004486031 -1.8547097222 +0.0034497386 +3.9159760031 +0.0149422363 +0.3997162781 +1.1867730317 +0.0192049105
+3.9000000000 +0.2451895833 +0.0009619089 -0.0021576389 +0.0015582364 +0.0971286844 +0.0006812039 +0.0279955322 +0.0003753941 -1.7404236111 +0.0032503269 +3.4516593364 +0.0132700672 +0.3416377167 +1.0002011605 +0.0108265294
+4.0000000000 +0.2343180556 +0.0009113994 -0.0018027778 +0.0014843151 +0.0881309028 +0.0006224809 +0.0232663556 +0.0003226372 -1.6519333333 +0.0030891133 +3.1105885802 +0.0119839069 +0.2990335646 +0.8588358956 +0.0014940221
+4.1000000000 +0.2242284722 +0.0008724490 -0.0021173611 +0.0014205687 +0.0807250965 +0.0005707970 +0.0195489114 +0.0002739553 -1.5718236111 +0.0029577827 +2.8205685957 +0.0108129101 +0.2673367788 +0.7494234815 +0.0000364282
+4.2000000000 +0.2157631944 +0.0008298423 -0.0003479167 +0.0013610581 +0.0740992863 +0.0005213783 +0.0163641170 +0.0002366725 -1.4986500000 +0.0028527238 +2.5714731481 +0.0098777483 +0.2361045445 +0.6643292360 +0.0065562758
+4.3000000000 +0.2078569444 +0.0007979267 -0.0003666667 +0.0013102658 +0.0686719907 +0.0004857864 +0.0141553800 +0.0002097772 -1.4362305556 +0.0027575002 +2.3669104938 +0.0091395131 +0.2132161232 +0.5921840056 -0.0005550824
+4.4000000000 +0.2003951389 +0.0007692342 -0.0002604167 +0.0012632003 +0.0638270640 +0.0004516462 +0.0122332654 +0.0001821753 -1.3842166667 +0.0026773077 +2.2027748457 +0.0085123046 +0.1936542465 +0.5331552869 -0.0009477527
+4.5000000000 +0.1946250000 +0.0007449005 +0.0002194444 +0.0012254990 +0.0600739583 +0.0004244952 +0.0108167273 +0.0001623586 -1.3299819444 +0.0026001853 +2.0392905093 +0.0079289446 +0.1775605417 +0.4807796208 +0.0009157137
+4.6000000000 +0.1895631944 +0.0007234024 +0.0022506944 +0.0011922833 +0.0568666474 +0.0004018982 +0.0096947007 +0.0001462536 -1.2853722222 +0.0025430789 +1.9108717593 +0.0074706310 +0.1638191167 +0.4401153282 +0.0006953616
+4.7000000000 +0.1842784722 +0.0007043507 +0.0023687500 +0.0011597127 +0.0538029514 +0.0003828949 +0.0087590992 +0.0001373684 -1.2429180556 +0.0024790363 +1.7906701389 +0.0069870774 +0.1519996294 +0.4006199393 -0.0086163166
+4.8000000000 +0.1800368056 +0.0006846469 +0.0012118056 +0.0011309447 +0.0511629051 +0.0003601178 +0.0078050352 +0.0001200299 -1.1980819444 +0.0024542970 +1.6763432870 +0.0066941296 +0.1406224030 +0.3764733460 +0.0060987896
+4.9000000000 +0.1757104167 +0.0006700187 +0.0014923611 +0.0011048634 +0.0488311535 +0.0003461067 +0.0071760755 +0.0001142661 -1.1661222222 +0.0024024487 +1.5907114198 +0.0063308910 +0.1319290018 +0.3461613400 -0.0031636308
+5.0000000000 +0.1729131944 +0.0006573269 +0.0010118056 +0.0010860605 +0.0471821181 +0.0003319445 +0.0066336373 +0.0001049208 -1.1334930556 +0.0023638337 +1.5083148920 +0.0060771158 +0.1244386457 +0.3218520744 +0.0067110573
