# T, am1a, am1e, m1a, m1e, m2a, m2e, m4a, m4e, e1a, e1e, e2a, e2e, susc, spec, bind
+2.0000000000 +0.4946407986 +0.0024704366 -0.0349522569 +0.0034913111 +0.4887917957 +0.0024643959 +0.4818472991 +0.0024317221 -4.9217951389 +0.0004329512 +24.2315652585 +0.0042180925 +17.5768038733 +0.2699232950 +0.3277352205
+2.1000000000 +0.4959750000 +0.0024598507 -0.0325159722 +0.0034891565 +0.4880258150 +0.0024502539 +0.4783189719 +0.0024050844 -4.8915850694 +0.0005118100 +23.9380824701 +0.0049540065 +16.5966592720 +0.3421380734 +0.3305613828
+2.2000000000 +0.4975258681 +0.0024455756 -0.0344296875 +0.0034841792 +0.4867655900 +0.0024301486 +0.4731656234 +0.0023677424 -4.8514725694 +0.0006094531 +23.5516434173 +0.0058472112 +15.6589265881 +0.4420361211 +0.3343404148
+2.3000000000 +0.4943258681 +0.0024283884 -0.0370126736 +0.0034600250 +0.4802408649 +0.0024051708 +0.4620251558 +0.0023217565 -4.8020524306 +0.0007163618 +23.0802345149 +0.0067989953 +14.7683145031 +0.5587681558 +0.3322311713
+2.4000000000 +0.4926515625 +0.0024061356 -0.0389560764 +0.0034379046 +0.4742851044 +0.0023726683 +0.4501285498 +0.0022633575 -4.7393694444 +0.0008404633 +22.4898778742 +0.0078591916 +13.8947725424 +0.7063785825 +0.3329838734
+2.5000000000 +0.4888711806 +0.0023771777 -0.0375805556 +0.0034044885 +0.4650339771 +0.0023306589 +0.4335354327 +0.0021899245 -4.6594100694 +0.0009854641 +21.7489477768 +0.0090526371 +13.0198432875 +0.8950021996 +0.3317576852
+2.6000000000 +0.4860112847 +0.0023372403 -0.0395574653 +0.0033658203 +0.4547146521 +0.0022720783 +0.4132590083 +0.0020913379 -4.5574333333 +0.0011565593 +20.8237037616 +0.0103668649 +12.1019639913 +1.1397551815 +0.3337715454
+2.7000000000 +0.4820256944 +0.0022833992 -0.0334760417 +0.0033158129 +0.4409052517 +0.0021949524 +0.3871100820 +0.0019695706 -4.4269861111 +0.0013791965 +19.6742933449 +0.0119719253 +11.1230123537 +1.5029593470 +0.3362222602
+2.8000000000 +0.4695072917 +0.0022036591 -0.0269423611 +0.0032169696 +0.4146816334 +0.0020881532 +0.3463762139 +0.0018135401 -4.2528868056 +0.0016761166 +18.1994208526 +0.0139076551 +9.9897190181 +2.0640245833 +0.3285754681
+2.9000000000 +0.4547038194 +0.0020702436 -0.0219687500 +0.0030729029 +0.3781919102 +0.0019230416 +0.2909526864 +0.0015972168 -4.0013236111 +0.0021049034 +16.1878153742 +0.0162850016 +8.5127013577 +3.0345257561 +0.3219266947
+3.0000000000 +0.4188687500 +0.0018456384 -0.0148427083 +0.0027905464 +0.3117062741 +0.0016746948 +0.2093449118 +0.0013143540 -3.6187218750 +0.0026748748 +13.3813462240 +0.0188366102 +6.5402517305 +4.5791714457 +0.2817922833
+3.1000000000 +0.3532954861 +0.0015226075 -0.0040315972 +0.0023320313 +0.2175510489 +0.0013179479 +0.1168079216 +0.0009385982 -3.1207059028 +0.0029131991 +10.0782744936 +0.0184143202 +4.3076136028 +5.0867387438 +0.1773242827
+3.2000000000 +0.2868006944 +0.0011932439 +0.0000559028 +0.0018655286 +0.1392078776 +0.0009379356 +0.0545677591 +0.0005732614 -2.6794993056 +0.0025872626 +7.4474736400 +0.0146064828 +2.5628957672 +3.7653343815 +0.0613855409
+3.3000000000 +0.2315288194 +0.0009368654 +0.0038784722 +0.0014891208 +0.0887142675 +0.0006385038 +0.0241777069 +0.0003178556 -2.3706819444 +0.0021469947 +5.8045163291 +0.0108362823 +1.5320148316 +2.4381282298 -0.0240164000
+3.4000000000 +0.1946131944 +0.0007734977 +0.0026607639 +0.0012429719 +0.0618062452 +0.0004533210 +0.0120400074 +0.0001793668 -2.1635822917 +0.0018566106 +4.8189684558 +0.0084628551 +1.0135884590 +1.7175378645 -0.0506081796
+3.5000000000 +0.1715994792 +0.0006695725 +0.0020210069 +0.0010882944 +0.0473794765 +0.0003436088 +0.0069674961 +0.0001069433 -2.0150201389 +0.0016718407 +4.1721082079 +0.0070164086 +0.7378187766 +1.3142444805 -0.0346059304
+3.6000000000 +0.1554420139 +0.0006000945 +0.0020788194 +0.0009818660 +0.0385667559 +0.0002792121 +0.0046057700 +0.0000752590 -1.8973784722 +0.0015583471 +3.6971828897 +0.0061326220 +0.5761814481 +1.0793091423 -0.0321784291
+3.7000000000 +0.1431517361 +0.0005483185 +0.0011486111 +0.0009016267 +0.0325185450 +0.0002339205 +0.0032462085 +0.0000544554 -1.7966333333 +0.0014757883 +3.3150093750 +0.0054648684 +0.4680438029 +0.9163621505 -0.0232763649
+3.8000000000 +0.1339756944 +0.0005089686 +0.0001302083 +0.0008413000 +0.0283114463 +0.0002020290 +0.0024341668 +0.0000397415 -1.7082170139 +0.0014164659 +2.9982603926 +0.0049705981 +0.3926637313 +0.8003271292 -0.0122900721
+3.9000000000 +0.1261019097 +0.0004806974 -0.0003140625 +0.0007928492 +0.0251444915 +0.0001808816 +0.0019409716 +0.0000331372 -1.6360260417 +0.0013862363 +2.7534472560 +0.0046533788 +0.3412726091 +0.7277258885 -0.0233217605
+4.0000000000 +0.1189468750 +0.0004515586 -0.0009975694 +0.0007467190 +0.0223045669 +0.0001589710 +0.0015083650 +0.0000245566 -1.5651972222 +0.0013427994 +2.5219667535 +0.0043033884 +0.2936234831 +0.6491196812 -0.0106425982
+4.1000000000 +0.1127508681 +0.0004271370 -0.0004925347 +0.0007072898 +0.0200105987 +0.0001422770 +0.0012101336 +0.0000202386 -1.5020569444 +0.0013046968 +2.3242644097 +0.0040160425 +0.2563143970 +0.5832757723 -0.0073767258
+4.2000000000 +0.1088538194 +0.0004107846 -0.0004541667 +0.0006818854 +0.0185989125 +0.0001315131 +0.0010377475 +0.0000170624 -1.4484687500 +0.0012819941 +2.1638020737 +0.0038067659 +0.2314202918 +0.5366559507 +0.0000107630
+4.3000000000 +0.1039713542 +0.0003939249 -0.0006960069 +0.0006522391 +0.0170171164 +0.0001205188 +0.0008705740 +0.0000143486 -1.3966583333 +0.0012585473 +2.0140121528 +0.0036019673 +0.2078647997 +0.4934289881 -0.0021032792
+4.4000000000 +0.1011847222 +0.0003815639 -0.0005190972 +0.0006336742 +0.0160619888 +0.0001133299 +0.0007717338 +0.0000128247 -1.3476704861 +0.0012373358 +1.8774557340 +0.0034143528 +0.1905918807 +0.4555040940 +0.0028794844
+4.5000000000 +0.0979223958 +0.0003695234 -0.0009831597 +0.0006133867 +0.0150506981 +0.0001067009 +0.0006819267 +0.0000113546 -1.3026208333 +0.0012270737 +1.7570494309 +0.0032779620 +0.1747808786 +0.4282908125 -0.0034672090
+4.6000000000 +0.0944789931 +0.0003571757 -0.0014668403 +0.0005921805 +0.0140292595 +0.0000988110 +0.0005873648 +0.0000093492 -1.2622295139 +0.0012110579 +1.6518897907 +0.0031312373 +0.1597454412 +0.3992423476 +0.0052426853
+4.7000000000 +0.0924071181 +0.0003490607 -0.0005796875 +0.0005790612 +0.0134128098 +0.0000943899 +0.0005362816 +0.0000086780 -1.2241218750 +0.0011912224 +1.5552347946 +0.0029885378 +0.1493229257 +0.3700091389 +0.0063530423
+4.8000000000 +0.0905520833 +0.0003422461 -0.0004020833 +0.0005675565 +0.0128849754 +0.0000905405 +0.0004939261 +0.0000077919 -1.1888961806 +0.0011788411 +1.4690607784 +0.0028688353 +0.1405588683 +0.3474165639 +0.0083155642
+4.9000000000 +0.0882729167 +0.0003337661 +0.0010017361 +0.0005533330 +0.0122480999 +0.0000862472 +0.0004475592 +0.0000072003 -1.1531010417 +0.0011691693 +1.3843202884 +0.0027651793 +0.1309516047 +0.3279330178 +0.0055297726
+5.0000000000 +0.0863208333 +0.0003264518 +0.0014475694 +0.0005411105 +0.0117141180 +0.0000828489 +0.0004117778 +0.0000065516 -1.1224753472 +0.0011545608 +1.3132713301 +0.0026576444 +0.1227695527 +0.3071256476 -0.0002821983
