# T, am1a, am1e, m1a, m1e, m2a, m2e, m4a, m4e, e1a, e1e, e2a, e2e, susc, spec, bind
+2.0000000000 +0.4910753472 +0.0024704779 +0.0140135417 +0.0034824167 +0.4852854335 +0.0024646406 +0.4784800827 +0.0024324127 -4.9222690972 +0.0004307978 +24.2361565345 +0.0041977646 +17.5773914565 +0.2672448865 +0.3227514272
+2.1000000000 +0.4900416667 +0.0024593785 +0.0141447917 +0.0034708877 +0.4820825448 +0.0024499516 +0.4724940864 +0.0024047477 -4.8911732639 +0.0005149607 +23.9341832803 +0.0049836160 +16.5902886706 +0.3463635237 +0.3223080782
+2.2000000000 +0.4904812500 +0.0024456164 +0.0140604167 +0.0034627148 +0.4798134356 +0.0024306598 +0.4665452111 +0.0023687432 -4.8518996528 +0.0006107907 +23.5558528501 +0.0058601145 +15.6594488053 +0.4439784644 +0.3244963941
+2.3000000000 +0.4913767361 +0.0024282948 +0.0107826389 +0.0034539812 +0.4773157215 +0.0024052115 +0.4592319956 +0.0023218516 -4.8009694444 +0.0007188581 +23.0699778839 +0.0068201429 +14.7671765004 +0.5626691766 +0.3281080996
+2.4000000000 +0.4884803819 +0.0024050174 +0.0083734375 +0.0034274893 +0.4699774245 +0.0023715522 +0.4458491733 +0.0022613411 -4.7362572917 +0.0008436266 +22.4606013648 +0.0078886449 +13.8818604590 +0.7117057979 +0.3271585827
+2.5000000000 +0.4845781250 +0.0023757994 +0.0052364583 +0.0033932486 +0.4605928651 +0.0023278744 +0.4289057520 +0.0021849882 -4.6561881944 +0.0009860858 +21.7189831115 +0.0090550539 +13.0047497762 +0.8961318010 +0.3260833232
+2.6000000000 +0.4815657986 +0.0023369104 +0.0075942708 +0.0033551973 +0.4503516288 +0.0022709879 +0.4091120387 +0.0020894412 -4.5553079861 +0.0011585577 +20.8045210889 +0.0103833157 +12.0985482693 +1.1436974330 +0.3276157545
+2.7000000000 +0.4730298611 +0.0022828693 +0.0034750000 +0.0032871145 +0.4322169440 +0.0021950469 +0.3795407231 +0.0019690945 -4.4258913194 +0.0013796847 +19.6646551649 +0.0119667780 +11.1178503712 +1.5040235733 +0.3227741151
+2.8000000000 +0.4630734375 +0.0022025806 -0.0024550347 +0.0031956432 +0.4084914533 +0.0020877063 +0.3412059707 +0.0018124667 -4.2525545139 +0.0016884005 +18.1982477382 +0.0139721320 +9.9799428729 +2.0943889831 +0.3184002559
+2.9000000000 +0.4460246528 +0.0020692201 -0.0021486111 +0.0030422041 +0.3702048563 +0.0019227441 +0.2849294334 +0.0015974795 -3.9999267361 +0.0021232470 +16.1797410156 +0.0164113395 +8.5042857304 +3.0876463112 +0.3070022305
+3.0000000000 +0.4111402778 +0.0018497345 -0.0053972222 +0.0027652663 +0.3058970390 +0.0016771270 +0.2060832002 +0.0013166841 -3.6219729167 +0.0026837049 +13.4067786844 +0.0188733123 +6.5693141258 +4.6094540055 +0.2658736900
+3.1000000000 +0.3447914931 +0.0015143167 -0.0017578125 +0.0022945821 +0.2106073724 +0.0013074976 +0.1127374596 +0.0009318415 -3.1195979167 +0.0029274429 +10.0746880305 +0.0184999134 +4.2608298779 +5.1366024046 +0.1527728788
+3.2000000000 +0.2777854167 +0.0011612125 -0.0031809028 +0.0018103259 +0.1311013166 +0.0008998179 +0.0495744488 +0.0005457754 -2.6584868056 +0.0025714820 +7.3320528742 +0.0144888099 +2.4271460477 +3.7195422035 +0.0385592332
+3.3000000000 +0.2293989583 +0.0009195730 -0.0012243056 +0.0014700932 +0.0864484592 +0.0006159419 +0.0226487141 +0.0002992311 -2.3577854167 +0.0021150040 +5.7380817419 +0.0105896007 +1.4759815469 +2.3660121766 -0.0102009688
+3.4000000000 +0.1956253472 +0.0007698279 -0.0020819444 +0.0012446922 +0.0619746769 +0.0004480689 +0.0118714910 +0.0001757151 -2.1593163194 +0.0018288466 +4.7964341580 +0.0083005951 +1.0039934293 +1.6665532389 -0.0302804729
+3.5000000000 +0.1733894097 +0.0006681568 -0.0016543403 +0.0010945147 +0.0479212300 +0.0003433045 +0.0070107637 +0.0001069998 -2.0136031250 +0.0016555148 +4.1642267216 +0.0069249171 +0.7347020948 +1.2887021580 -0.0176259240
+3.6000000000 +0.1564864583 +0.0005995879 -0.0026024306 +0.0009856656 +0.0388682364 +0.0002780444 +0.0046030875 +0.0000725260 -1.8959586806 +0.0015503339 +3.6908007282 +0.0060703709 +0.5752089904 +1.0682378870 -0.0156364998
+3.7000000000 +0.1442076389 +0.0005488106 -0.0014263889 +0.0009061116 +0.0328435667 +0.0002331205 +0.0032525058 +0.0000520991 -1.7959770833 +0.0014769623 +3.3127903839 +0.0054686291 +0.4688843791 +0.9178206576 -0.0050697238
+3.8000000000 +0.1340293403 +0.0005090636 -0.0009619792 +0.0008415576 +0.0283296959 +0.0002006508 +0.0024130011 +0.0000381596 -1.7100690972 +0.0014203363 +3.0050305218 +0.0049890796 +0.3928104714 +0.8047067487 -0.0021954582
+3.9000000000 +0.1258515625 +0.0004758208 -0.0008123264 +0.0007888943 +0.0248948315 +0.0001753640 +0.0018498541 +0.0000289181 -1.6330857639 +0.0013800052 +2.7431456838 +0.0046241578 +0.3343833478 +0.7211983112 +0.0050578449
+4.0000000000 +0.1190116319 +0.0004509196 -0.0003960069 +0.0007466048 +0.0222969076 +0.0001572662 +0.0014864584 +0.0000242082 -1.5680250000 +0.0013489930 +2.5314936825 +0.0043322335 +0.2927930045 +0.6551215367 +0.0033509831
+4.1000000000 +0.1143295139 +0.0004318671 -0.0003020833 +0.0007164411 +0.0205316069 +0.0001445615 +0.0012574684 +0.0000198636 -1.5049847222 +0.0013130628 +2.3339443673 +0.0040497490 +0.2620227204 +0.5907799438 +0.0056713521
+4.2000000000 +0.1095833333 +0.0004136221 -0.0002059028 +0.0006865092 +0.0188518374 +0.0001330725 +0.0010637233 +0.0000174665 -1.4474173611 +0.0012945922 +2.1620557774 +0.0038288898 +0.2346284722 +0.5472551849 +0.0022998344
+4.3000000000 +0.1046421875 +0.0003957704 -0.0005133681 +0.0006560315 +0.0172153561 +0.0001218328 +0.0008900979 +0.0000145003 -1.3967312500 +0.0012773379 +2.0161218654 +0.0036597499 +0.2098169996 +0.5082731212 -0.0011162592
+4.4000000000 +0.1015163194 +0.0003839900 +0.0000958333 +0.0006364646 +0.0162034963 +0.0001146219 +0.0007880801 +0.0000128699 -1.3504815972 +0.0012403733 +1.8853415847 +0.0034292406 +0.1930232691 +0.4577432746 -0.0005334475
+4.5000000000 +0.0979656250 +0.0003710641 -0.0005413194 +0.0006145021 +0.0151048057 +0.0001078305 +0.0006932514 +0.0000118759 -1.3063802083 +0.0012246969 +1.7666245515 +0.0032800076 +0.1762413431 +0.4266332642 -0.0128362562
+4.6000000000 +0.0953522569 +0.0003618766 -0.0004130208 +0.0005985414 +0.0143302409 +0.0001023649 +0.0006244987 +0.0000104074 -1.2651434028 +0.0012086251 +1.6590188127 +0.0031362966 +0.1639780585 +0.3976399606 -0.0136857311
+4.7000000000 +0.0929494792 +0.0003533000 -0.0007157986 +0.0005837793 +0.0136324424 +0.0000964659 +0.0005580699 +0.0000088605 -1.2239163194 +0.0011974127 +1.5553230469 +0.0030033360 +0.1529720178 +0.3738647416 -0.0009676255
+4.8000000000 +0.0905755208 +0.0003428635 -0.0009328125 +0.0005680068 +0.0129061403 +0.0000916407 +0.0005024894 +0.0000081049 -1.1907086806 +0.0011886348 +1.4743012683 +0.0029024235 +0.1410664594 +0.3532131648 -0.0055713504
+4.9000000000 +0.0881538194 +0.0003326016 -0.0005243056 +0.0005521724 +0.0121960479 +0.0000859602 +0.0004443096 +0.0000072580 -1.1546944444 +0.0011629414 +1.3874165702 +0.0027558420 +0.1300394073 +0.3244486742 +0.0043053066
+5.0000000000 +0.0862526042 +0.0003255842 +0.0004592014 +0.0005403588 +0.0116797152 +0.0000822397 +0.0004069506 +0.0000064955 -1.1256767361 +0.0011538167 +1.3203998312 +0.0026651663 +0.1221178609 +0.3067298899 +0.0056119491
