# T, am1a, am1e, m1a, m1e, m2a, m2e, m4a, m4e, e1a, e1e, e2a, e2e, susc, spec, bind
+2.0000000000 +0.4905277778 +0.0024676038 +0.0159722222 +0.0034782364 +0.4841802469 +0.0024657791 +0.4776331697 +0.0024408149 -4.9203375000 +0.0008739007 +24.2402692130 +0.0082394478 +4.3841294306 +0.2749328915 +0.3208603456
+2.1000000000 +0.4904194444 +0.0024562094 +0.0172319444 +0.0034696285 +0.4818298225 +0.0024528806 +0.4728249158 +0.0024193647 -4.8916291667 +0.0010347564 +23.9708647377 +0.0096875989 +4.1368901321 +0.3496231304 +0.3211219836
+2.2000000000 +0.4888965278 +0.0024406105 +0.0205381944 +0.0034527568 +0.4772830054 +0.0024351234 +0.4649921060 +0.0023901289 -4.8519347222 +0.0012252037 +23.6013155093 +0.0113446368 +3.8988522086 +0.4466154091 +0.3195873428
+2.3000000000 +0.4886201389 +0.0024210472 +0.0188951389 +0.0034382096 +0.4732084298 +0.0024130573 +0.4568400332 +0.0023546635 -4.8023166667 +0.0014386516 +23.1450341049 +0.0131378584 +3.6697897511 +0.5634016196 +0.3199545261
+2.4000000000 +0.4874868056 +0.0023956572 +0.0189562500 +0.0034163247 +0.4672103202 +0.0023831494 +0.4454615217 +0.0023078971 -4.7385277778 +0.0016872664 +22.5675202160 +0.0151624185 +3.4435040194 +0.7117169705 +0.3197569915
+2.5000000000 +0.4867319444 +0.0023624851 +0.0210736111 +0.0033901229 +0.4601614198 +0.0023441949 +0.4315585265 +0.0022500454 -4.6574763889 +0.0019791683 +21.8487706018 +0.0173740549 +3.2148494497 +0.9025015034 +0.3206430257
+2.6000000000 +0.4839687500 +0.0023228231 +0.0194951389 +0.0033528569 +0.4500460455 +0.0022982160 +0.4138133229 +0.0021846338 -4.5587277778 +0.0023097275 +20.9953925926 +0.0197505164 +2.9882810014 +1.1364158381 +0.3189651847
+2.7000000000 +0.4769750000 +0.0022690865 +0.0171791667 +0.0032907452 +0.4334552855 +0.0022367776 +0.3880104440 +0.0021011489 -4.4294250000 +0.0026996343 +19.9113268518 +0.0223133062 +2.7460017983 +1.4396099813 +0.3116115821
+2.8000000000 +0.4723840278 +0.0021976815 +0.0177048611 +0.0032250014 +0.4163388310 +0.0021590136 +0.3597916109 +0.0020024520 -4.2618875000 +0.0031844731 +18.5693198302 +0.0251567651 +2.4838992170 +1.8626086267 +0.3081117724
+2.9000000000 +0.4616979167 +0.0021088936 +0.0161965278 +0.0031256996 +0.3910622492 +0.0020617533 +0.3229627438 +0.0018840889 -4.0504138889 +0.0036955490 +16.9521359568 +0.0277778977 +2.2083800645 +2.3384302351 +0.2960539381
+3.0000000000 +0.4450361111 +0.0019941630 +0.0153027778 +0.0029870152 +0.3571245756 +0.0019347007 +0.2772606267 +0.0017317221 -3.7881458333 +0.0041751173 +15.0473130401 +0.0297201521 +1.9088092251 +2.7890567421 +0.2753513770
+3.1000000000 +0.4257798611 +0.0018653532 +0.0096909722 +0.0028300896 +0.3204701968 +0.0017970404 +0.2318753164 +0.0015739604 -3.4897569444 +0.0045538431 +13.0079030093 +0.0306174653 +1.6163036899 +3.1073861817 +0.2474108189
+3.2000000000 +0.4004979167 +0.0017220327 +0.0080256944 +0.0026407860 +0.2790144483 +0.0016339137 +0.1846360162 +0.0013849646 -3.1768513889 +0.0047475202 +10.9939426698 +0.0300956450 +1.3344285043 +3.1695395719 +0.2094273604
+3.3000000000 +0.3713965278 +0.0015715054 +0.0056840278 +0.0024325308 +0.2367205440 +0.0014533624 +0.1405271033 +0.0011782127 -2.8620527778 +0.0047075234 +9.0777771605 +0.0280884200 +1.0776563251 +2.9303506040 +0.1640757213
+3.4000000000 +0.3445673611 +0.0014298047 +0.0026937500 +0.0022388226 +0.2005003279 +0.0012775822 +0.1054890344 +0.0009821397 -2.5843777778 +0.0045294952 +7.4996615741 +0.0254228151 +0.8658387698 +2.5556670181 +0.1253065235
+3.5000000000 +0.3187006944 +0.0013078665 +0.0031368056 +0.0020614369 +0.1699907215 +0.0011218202 +0.0792360714 +0.0008111397 -2.3430319444 +0.0042724954 +6.2199673611 +0.0224617371 +0.7037546278 +2.1458018011 +0.0859893712
+3.6000000000 +0.2959104167 +0.0011950883 +0.0025243056 +0.0019018810 +0.1446924190 +0.0009800712 +0.0593574814 +0.0006642142 -2.1454138889 +0.0039686445 +5.2328063272 +0.0195028524 +0.5712944429 +1.7500154792 +0.0549328757
+3.7000000000 +0.2752284722 +0.0011040868 +0.0009534722 +0.0017642995 +0.1245110147 +0.0008637733 +0.0453471657 +0.0005496160 -1.9857388889 +0.0036936534 +4.4888819444 +0.0170211538 +0.4744245672 +1.4350641596 +0.0249803941
+3.8000000000 +0.2588277778 +0.0010271165 +0.0010527778 +0.0016521913 +0.1091905478 +0.0007678729 +0.0355077277 +0.0004573157 -1.8483083333 +0.0034631286 +3.8959740741 +0.0150113479 +0.3997774354 +1.1960037150 +0.0072691094
+3.9000000000 +0.2451562500 +0.0009654343 +0.0012812500 +0.0015603083 +0.0973841242 +0.0006887625 +0.0284594167 +0.0003813040 -1.7443652778 +0.0032654141 +3.4693273920 +0.0134087791 +0.3441464983 +1.0095080939 -0.0002957272
+4.0000000000 +0.2334965278 +0.0009134518 +0.0018062500 +0.0014823388 +0.0878963927 +0.0006249817 +0.0233498624 +0.0003275900 -1.6453486111 +0.0031033824 +3.0924113426 +0.0119598235 +0.3003818784 +0.8667884036 -0.0074441193
+4.1000000000 +0.2236493056 +0.0008700492 +0.0011784722 +0.0014168367 +0.0802984375 +0.0005705699 +0.0194698394 +0.0002792099 -1.5685319444 +0.0029527421 +2.8090398920 +0.0108162217 +0.2658681274 +0.7468713578 -0.0065304673
+4.2000000000 +0.2154645833 +0.0008318875 +0.0010826389 +0.0013611143 +0.0741064622 +0.0005229925 +0.0164326153 +0.0002363157 -1.4990152778 +0.0028269804 +2.5667195216 +0.0097441380 +0.2372697902 +0.6523933033 +0.0025910247
+4.3000000000 +0.2070048611 +0.0007990248 -0.0000118056 +0.0013075611 +0.0683886381 +0.0004870745 +0.0141666674 +0.0002125790 -1.4336805556 +0.0027485183 +2.3576140432 +0.0091363999 +0.2138033771 +0.5883324977 -0.0096678588
+4.4000000000 +0.2009173611 +0.0007692291 -0.0005326389 +0.0012652672 +0.0640363233 +0.0004541890 +0.0123521567 +0.0001876568 -1.3800736111 +0.0026695969 +2.1896730710 +0.0084637605 +0.1936516689 +0.5300886550 -0.0040810289
+4.5000000000 +0.1949506944 +0.0007437126 -0.0000118056 +0.0012260721 +0.0601301119 +0.0004241929 +0.0108132161 +0.0001667304 -1.3254208333 +0.0025962095 +2.0263525463 +0.0078864079 +0.1769947089 +0.4793105082 +0.0031045756
+4.6000000000 +0.1886368056 +0.0007206261 +0.0005034722 +0.0011869674 +0.0563559221 +0.0003981757 +0.0095177445 +0.0001436887 -1.2767680556 +0.0025315409 +1.8864846451 +0.0073560745 +0.1625640860 +0.4361307744 +0.0010731918
+4.7000000000 +0.1840138889 +0.0007022725 +0.0014541667 +0.0011574375 +0.0535885802 +0.0003765351 +0.0085428830 +0.0001312573 -1.2380444444 +0.0024844825 +1.7796601852 +0.0069991718 +0.1511040174 +0.4023821184 +0.0083950200
+4.8000000000 +0.1806270833 +0.0006824731 +0.0004520833 +0.0011319974 +0.0512569252 +0.0003588239 +0.0077774561 +0.0001196776 -1.1997736111 +0.0024382489 +1.6772590278 +0.0066063347 +0.1397308644 +0.3715661092 +0.0132407343
+4.9000000000 +0.1763270833 +0.0006724149 +0.0003118056 +0.0011087923 +0.0491769097 +0.0003481924 +0.0072678857 +0.0001156899 -1.1646597222 +0.0024022996 +1.5872739969 +0.0063665112 +0.1328743058 +0.3461183765 -0.0017615720
+5.0000000000 +0.1724652778 +0.0006580193 +0.0008347222 +0.0010847022 +0.0470638503 +0.0003344349 +0.0066888753 +0.0001070359 -1.1346666667 +0.0023764928 +1.5133771605 +0.0061240853 +0.1247009635 +0.3253085511 -0.0066000223
