# T, am1a, am1e, m1a, m1e, m2a, m2e, m4a, m4e, e1a, e1e, e2a, e2e, susc, spec, bind
+2.0000000000 +0.4731776042 +0.0024673495 +0.0242529514 +0.0034162164 +0.4674095812 +0.0024612085 +0.4607736129 +0.0024285575 -4.9219256944 +0.0004329443 +24.2328501736 +0.0042185030 +17.5329025976 +0.2699147516 +0.2969744244
+2.1000000000 +0.4752293403 +0.0024570856 +0.0255085069 +0.0034157101 +0.4673337131 +0.0024469271 +0.4578988860 +0.0024010109 -4.8908875000 +0.0005173539 +23.9314867380 +0.0050065805 +16.5593682683 +0.3495902169 +0.3011336845
+2.2000000000 +0.4754246528 +0.0024435407 +0.0244677083 +0.0034068519 +0.4648642506 +0.0024284732 +0.4519980627 +0.0023663994 -4.8515656250 +0.0006130890 +23.5527241368 +0.0058816251 +15.6328789163 +0.4473259763 +0.3027909419
+2.3000000000 +0.4718269097 +0.0024254891 +0.0262723958 +0.0033810142 +0.4579405298 +0.0024026553 +0.4406196316 +0.0023192902 -4.8015500000 +0.0007168969 +23.0754400463 +0.0068028042 +14.7330718132 +0.5596031583 +0.2996350172
+2.4000000000 +0.4712722222 +0.0024034127 +0.0314163194 +0.0033621653 +0.4531532118 +0.0023704862 +0.4301160216 +0.0022612623 -4.7383677083 +0.0008444250 +22.4806506800 +0.0078980337 +13.8633422620 +0.7130535152 +0.3018090093
+2.5000000000 +0.4702343750 +0.0023753416 +0.0293482639 +0.0033389705 +0.4468102696 +0.0023282971 +0.4164781206 +0.0021870722 -4.6593402778 +0.0009879386 +21.7484927276 +0.0090691582 +12.9997383637 +0.8995024168 +0.3046160809
+2.6000000000 +0.4686126736 +0.0023360624 +0.0294585069 +0.0033053651 +0.4378853359 +0.0022707812 +0.3980014530 +0.0020895340 -4.5573482639 +0.0011539445 +20.8226867139 +0.0103511544 +12.0897691211 +1.1346074321 +0.3081011645
+2.7000000000 +0.4658107639 +0.0022825237 +0.0317621528 +0.0032571745 +0.4253762539 +0.0021945417 +0.3735854885 +0.0019684913 -4.4275479167 +0.0013709352 +19.6783590857 +0.0119218221 +11.1144845922 +1.4850080251 +0.3117879714
+2.8000000000 +0.4531756944 +0.0022005751 +0.0313263889 +0.0031547111 +0.3990694324 +0.0020829021 +0.3327956506 +0.0018049000 -4.2513336806 +0.0016786118 +18.1865475646 +0.0138938068 +9.9617771496 +2.0701745118 +0.3034385101
+2.9000000000 +0.4394079861 +0.0020698531 +0.0340815972 +0.0030136751 +0.3644510561 +0.0019201849 +0.2803089734 +0.0015928228 -3.9990593750 +0.0021319155 +16.1742784385 +0.0164623986 +8.5094902118 +3.1129093616 +0.2965433817
+3.0000000000 +0.4068248264 +0.0018469688 +0.0217373264 +0.0027453856 +0.3019581923 +0.0016720966 +0.2030150265 +0.0013101306 -3.6207576389 +0.0026923931 +13.3998451100 +0.0189380502 +6.5496841396 +4.6393476861 +0.2578130806
+3.1000000000 +0.3466536458 +0.0015143095 +0.0123078125 +0.0023007748 +0.2118940767 +0.0013067420 +0.1132020851 +0.0009280024 -3.1203284722 +0.0029156314 +10.0764860243 +0.0184267556 +4.2607893626 +5.0952362084 +0.1595816271
+3.2000000000 +0.2780664931 +0.0011703712 +0.0043491319 +0.0018172287 +0.1321117248 +0.0009130540 +0.0508002156 +0.0005556209 -2.6654836806 +0.0025843502 +7.3719578945 +0.0145856661 +2.4655837598 +3.7568621697 +0.0297993183
+3.3000000000 +0.2274664931 +0.0009228869 -0.0013894097 +0.0014646491 +0.0858098151 +0.0006227644 +0.0228767445 +0.0003073846 -2.3636506944 +0.0021283758 +5.7680439525 +0.0107148963 +1.4866389641 +2.3960244258 -0.0356166783
+3.4000000000 +0.1950265625 +0.0007642842 -0.0013637153 +0.0012389382 +0.0614005727 +0.0004454457 +0.0117069063 +0.0001766984 -2.1616684028 +0.0018370731 +4.8078037857 +0.0083746033 +0.9895854746 +1.6815799572 -0.0350850718
+3.5000000000 +0.1725175347 +0.0006648970 -0.0013578125 +0.0010890819 +0.0474458225 +0.0003413067 +0.0069107171 +0.0001076047 -2.0181947917 +0.0016586277 +4.1831520496 +0.0069604107 +0.7275506481 +1.2935529694 -0.0233068981
+3.6000000000 +0.1560034722 +0.0005994092 -0.0008149306 +0.0009837184 +0.0387087408 +0.0002794808 +0.0046227484 +0.0000746664 -1.8992663194 +0.0015622112 +3.7048327016 +0.0061481442 +0.5748662997 +1.0846683267 -0.0283972657
+3.7000000000 +0.1429256944 +0.0005460656 -0.0000861111 +0.0008993783 +0.0323552614 +0.0002321113 +0.0032018892 +0.0000518308 -1.7964697917 +0.0014910134 +3.3162285542 +0.0055242601 +0.4642056875 +0.9353672187 -0.0195187607
+3.8000000000 +0.1334977431 +0.0005070202 -0.0006213542 +0.0008382130 +0.0281044283 +0.0001997343 +0.0023856108 +0.0000391395 -1.7094517361 +0.0014290482 +3.0039123891 +0.0050312428 +0.3896632758 +0.8146087079 -0.0067666683
+3.9000000000 +0.1260618056 +0.0004789282 -0.0000097222 +0.0007916197 +0.0250664689 +0.0001787403 +0.0019062518 +0.0000313684 -1.6344590278 +0.0013816166 +2.7478108893 +0.0046403674 +0.3387651738 +0.7228835578 -0.0112829486
+4.0000000000 +0.1190616319 +0.0004509614 -0.0001564236 +0.0007468315 +0.0223103190 +0.0001589643 +0.0015085368 +0.0000251544 -1.5664076389 +0.0013448399 +2.5259766686 +0.0043224778 +0.2928472851 +0.6510939968 -0.0102365635
+4.1000000000 +0.1128296875 +0.0004269889 -0.0001463542 +0.0007075185 +0.0200233181 +0.0001417361 +0.0012044980 +0.0000197477 -1.5047319444 +0.0013078529 +2.3326373939 +0.0040340917 +0.2561366550 +0.5861011526 -0.0014118928
+4.2000000000 +0.1082142361 +0.0004090525 -0.0005194444 +0.0006782885 +0.0184032793 +0.0001299497 +0.0010141580 +0.0000162939 -1.4487000000 +0.0012832187 +2.1645976948 +0.0038072013 +0.2294728602 +0.5376816721 +0.0018543543
+4.3000000000 +0.1043111111 +0.0003951236 -0.0004413194 +0.0006543225 +0.0171257137 +0.0001207158 +0.0008761818 +0.0000140259 -1.3975062500 +0.0012600478 +2.0165325328 +0.0036047725 +0.2091317302 +0.4946062313 +0.0041919741
+4.4000000000 +0.1014753472 +0.0003835298 -0.0001444444 +0.0006360234 +0.0161810499 +0.0001138866 +0.0007806325 +0.0000124191 -1.3495524306 +0.0012416946 +1.8829639805 +0.0034397988 +0.1925608507 +0.4587189746 +0.0061702546
+4.5000000000 +0.0986918403 +0.0003732513 -0.0000515625 +0.0006187232 +0.0153127399 +0.0001082812 +0.0007034723 +0.0000122616 -1.3063434028 +0.0012248796 +1.7665462915 +0.0032887896 +0.1783251387 +0.4267605724 -0.0000459107
+4.6000000000 +0.0952565972 +0.0003615700 +0.0003333333 +0.0005979762 +0.0143031346 +0.0001016581 +0.0006179547 +0.0000102399 -1.2622850694 +0.0012079975 +1.6517339169 +0.0031218395 +0.1637003060 +0.3972271326 -0.0068689490
+4.7000000000 +0.0927388889 +0.0003497424 +0.0009548611 +0.0005807835 +0.0134932919 +0.0000951629 +0.0005443077 +0.0000092048 -1.2248527778 +0.0011846550 +1.5564006269 +0.0029634683 +0.1499067681 +0.3659405684 +0.0034767628
+4.8000000000 +0.0908105903 +0.0003445285 +0.0012088542 +0.0005699363 +0.0129945590 +0.0000922501 +0.0005092618 +0.0000085576 -1.1883569444 +0.0011808966 +1.4679728974 +0.0028756107 +0.1424398702 +0.3486291873 -0.0053024471
+4.9000000000 +0.0891656250 +0.0003379089 +0.0007305556 +0.0005594031 +0.0125178048 +0.0000889809 +0.0004733992 +0.0000080596 -1.1562013889 +0.0011670702 +1.3912837674 +0.0027676189 +0.1342225793 +0.3267565456 -0.0070475048
+5.0000000000 +0.0873034722 +0.0003315152 -0.0000524306 +0.0005481329 +0.0120179905 +0.0000856174 +0.0004376459 +0.0000074474 -1.1254659722 +0.0011550650 +1.3200406636 +0.0026667818 +0.1266075127 +0.3073939716 -0.0100384865
