# T, am1a, am1e, m1a, m1e, m2a, m2e, m4a, m4e, e1a, e1e, e2a, e2e, susc, spec, bind
+2.0000000000 +0.4674648438 +0.0024637797 -0.0014007812 +0.0033960633 +0.4613317871 +0.0024604067 +0.4549710602 +0.0024313193 -4.9214773438 +0.0006487535 +24.2377744873 +0.0062389177 +7.7698690229 +0.2693638762 +0.2874165055
+2.1000000000 +0.4682609375 +0.0024520908 +0.0008117188 +0.0033903452 +0.4597782715 +0.0024462694 +0.4507654260 +0.0024056023 -4.8908187500 +0.0007715438 +23.9439192383 +0.0073704021 +7.3298275321 +0.3455592625 +0.2892244881
+2.2000000000 +0.4680007812 +0.0024374839 +0.0015953125 +0.0033788878 +0.4566778442 +0.0024274121 +0.4442478249 +0.0023718534 -4.8515460937 +0.0009112100 +23.5707116455 +0.0086252369 +6.9135451051 +0.4391688691 +0.2899577839
+2.3000000000 +0.4675953125 +0.0024185711 +0.0029687500 +0.0033638372 +0.4526248291 +0.0024040717 +0.4360516635 +0.0023312743 -4.8016835937 +0.0010663765 +23.1016516846 +0.0099741305 +6.5107326005 +0.5503074490 +0.2905203465
+2.4000000000 +0.4672957031 +0.0023943367 +0.0013660156 +0.0033454347 +0.4476792053 +0.0023723920 +0.4255464306 +0.0022777823 -4.7378101563 +0.0012604618 +22.5103956299 +0.0116010002 +6.1150381644 +0.7061172580 +0.2922304837
+2.5000000000 +0.4652000000 +0.0023648544 +0.0002265625 +0.0033170485 +0.4401124878 +0.0023332303 +0.4114575431 +0.0022137411 -4.6613226563 +0.0014646396 +21.8137356689 +0.0132225224 +5.7267570635 +0.8786612559 +0.2919296795
+2.6000000000 +0.4607257813 +0.0023215124 +0.0014218750 +0.0032704855 +0.4278450439 +0.0022775457 +0.3905399658 +0.0021275199 -4.5551585937 +0.0017389655 +20.8704298584 +0.0152698623 +5.3065058077 +1.1451838503 +0.2888336191
+2.7000000000 +0.4564082031 +0.0022660673 +0.0000722656 +0.0032160180 +0.4137108826 +0.0022086684 +0.3662853311 +0.0020276073 -4.4240078125 +0.0020699115 +19.7432264648 +0.0175389631 +4.8687984519 +1.5045824069 +0.2866471812
+2.8000000000 +0.4485769531 +0.0021880886 -0.0006792969 +0.0031334090 +0.3927305481 +0.0021125943 +0.3327594680 +0.0018960949 -4.2513906250 +0.0024720808 +18.3187695801 +0.0200114061 +4.3773546336 +1.9954884387 +0.2808494794
+2.9000000000 +0.4352988281 +0.0020800616 +0.0000644531 +0.0030106117 +0.3625513245 +0.0019867962 +0.2893378281 +0.0017395318 -4.0241164063 +0.0029678928 +16.5458483643 +0.0226685533 +3.8193932071 +2.6812690660 +0.2662553115
+3.0000000000 +0.4170679688 +0.0019324672 +0.0033812500 +0.0028430241 +0.3233228638 +0.0018221638 +0.2373489141 +0.0015456138 -3.7207164063 +0.0034891276 +14.3306910400 +0.0248092893 +3.1867130285 +3.4628299684 +0.2431790235
+3.1000000000 +0.3876402344 +0.0017370363 +0.0052480469 +0.0026025431 +0.2709567566 +0.0016062060 +0.1766134691 +0.0013040418 -3.3427226562 +0.0038452877 +11.7652442627 +0.0253243305 +2.4917017865 +3.9388936930 +0.1981325283
+3.2000000000 +0.3508054688 +0.0015231780 +0.0051203125 +0.0023229351 +0.2158673218 +0.0013592871 +0.1205051601 +0.0010342064 -2.9574929688 +0.0038566937 +9.3417281006 +0.0234888627 +1.8560568974 +3.7185215024 +0.1379934169
+3.3000000000 +0.3125050781 +0.0013148372 +0.0028355469 +0.0020420777 +0.1668112976 +0.0011136434 +0.0774340734 +0.0007823066 -2.6138328125 +0.0036105220 +7.3535567383 +0.0202698022 +1.3411272486 +3.0644467457 +0.0724017303
+3.4000000000 +0.2779203125 +0.0011418758 +0.0023109375 +0.0017985381 +0.1293949097 +0.0008984926 +0.0490346014 +0.0005694419 -2.3391187500 +0.0032611134 +5.8968709473 +0.0168033760 +0.9817451213 +2.3551248203 +0.0237815509
+3.5000000000 +0.2508886719 +0.0010082994 -0.0023519531 +0.0016093966 +0.1036118347 +0.0007316319 +0.0321468190 +0.0004114678 -2.1343179688 +0.0029210806 +4.8966216553 +0.0138705614 +0.7436198225 +1.7831625850 +0.0018449175
+3.6000000000 +0.2300140625 +0.0009075989 -0.0014882813 +0.0014650399 +0.0858558960 +0.0006110873 +0.0223083417 +0.0003048663 -1.9797140625 +0.0026293962 +4.1958167480 +0.0115352195 +0.5857675920 +1.3656739693 -0.0088016484
+3.7000000000 +0.2137648437 +0.0008315051 -0.0008335938 +0.0013541671 +0.0733514404 +0.0005204474 +0.0162150531 +0.0002291966 -1.8533296875 +0.0024739733 +3.6796526855 +0.0100744483 +0.4783746077 +1.1445282921 -0.0045691254
+3.8000000000 +0.1998554687 +0.0007709539 -0.0010328125 +0.0012621008 +0.0637170044 +0.0004523337 +0.0122440863 +0.0001806336 -1.7466539062 +0.0023065173 +3.2636007568 +0.0087939299 +0.4004176169 +0.9431618332 -0.0052970921
+3.9000000000 +0.1889800781 +0.0007217725 -0.0012871094 +0.0011890126 +0.0565516907 +0.0004001448 +0.0096027272 +0.0001449903 -1.6606671875 +0.0021886232 +2.9494183594 +0.0078802895 +0.3419605456 +0.8062184425 -0.0008803171
+4.0000000000 +0.1783992188 +0.0006795173 -0.0005406250 +0.0011213356 +0.0502960327 +0.0003570345 +0.0076286374 +0.0001183985 -1.5831468750 +0.0021072074 +2.6839669434 +0.0071937216 +0.2955160234 +0.7104516621 -0.0052133739
+4.1000000000 +0.1703949219 +0.0006506978 -0.0000917969 +0.0010720392 +0.0459707336 +0.0003263857 +0.0063744126 +0.0000997117 -1.5181968750 +0.0020507682 +2.4731477539 +0.0066813689 +0.2643715784 +0.6404797245 -0.0054397445
+4.2000000000 +0.1626699219 +0.0006186617 -0.0004433594 +0.0010218978 +0.0417711975 +0.0002965894 +0.0052634437 +0.0000831917 -1.4546101563 +0.0019705621 +2.2712153076 +0.0061167275 +0.2332905756 +0.5635359672 -0.0055296361
+4.3000000000 +0.1576101562 +0.0005946461 -0.0010742188 +0.0009872179 +0.0389851196 +0.0002730776 +0.0045026957 +0.0000706877 -1.4056156250 +0.0019339104 +2.1253556641 +0.0057806050 +0.2105177046 +0.5178163464 +0.0124625007
+4.4000000000 +0.1517933594 +0.0005757162 +0.0003863281 +0.0009526153 +0.0362991882 +0.0002568020 +0.0039555210 +0.0000641261 -1.3537437500 +0.0018840801 +1.9746124512 +0.0054243125 +0.1928431168 +0.4693894562 -0.0006647817
+4.5000000000 +0.1467734375 +0.0005574398 +0.0008195312 +0.0009215658 +0.0339720093 +0.0002409603 +0.0034765713 +0.0000558186 -1.3097906250 +0.0018418756 +1.8512517090 +0.0051192522 +0.1767760686 +0.4288797318 -0.0041241699
+4.6000000000 +0.1426328125 +0.0005415609 +0.0015976562 +0.0008954481 +0.0320756470 +0.0002278052 +0.0031046550 +0.0000503637 -1.2642750000 +0.0018216487 +1.7311274414 +0.0048746928 +0.1632212559 +0.4014704447 -0.0058685952
+4.7000000000 +0.1398847656 +0.0005285679 +0.0011199219 +0.0008766678 +0.0307431091 +0.0002183027 +0.0028513818 +0.0000468719 -1.2254507812 +0.0018076798 +1.6324378662 +0.0047109672 +0.1521751350 +0.3786929802 -0.0056307387
+4.8000000000 +0.1359843750 +0.0005171647 +0.0011125000 +0.0008542378 +0.0291901245 +0.0002091396 +0.0026016384 +0.0000441813 -1.1897773438 +0.0017711347 +1.5410468506 +0.0044774918 +0.1426449902 +0.3485464525 -0.0177796850
+4.9000000000 +0.1326164063 +0.0005042474 -0.0007156250 +0.0008330248 +0.0277577271 +0.0001973592 +0.0023285169 +0.0000381424 -1.1569992188 +0.0017593774 +1.4624635498 +0.0043338703 +0.1328406967 +0.3300394372 -0.0073730817
+5.0000000000 +0.1304449219 +0.0004938003 +0.0005316406 +0.0008180639 +0.0267694275 +0.0001878635 +0.0021283105 +0.0000328688 -1.1240406250 +0.0017372194 +1.3841845703 +0.0041443333 +0.1248454380 +0.3090361438 +0.0099991520
