# T, am1a, am1e, m1a, m1e, m2a, m2e, m4a, m4e, e1a, e1e, e2a, e2e, susc, spec, bind
+2.0000000000 +0.4984763889 +0.0024680713 -0.0065194444 +0.0035074608 +0.4921337577 +0.0024663108 +0.4855032012 +0.0024415198 -4.9203555556 +0.0008746336 +24.2404981481 +0.0082539289 +4.3857908539 +0.2753941956 +0.3318029861
+2.1000000000 +0.4972486111 +0.0024557336 -0.0068250000 +0.0034944052 +0.4884812886 +0.0024523879 +0.4791822181 +0.0024181388 -4.8896861111 +0.0010342288 +23.9518154321 +0.0096890036 +4.1352875542 +0.3492666686 +0.3306032899
+2.2000000000 +0.4967395833 +0.0024406688 -0.0061673611 +0.0034820495 +0.4850247878 +0.0024350411 +0.4724260551 +0.0023895617 -4.8514000000 +0.0012166554 +23.5952919753 +0.0112882074 +3.8990384862 +0.4404050725 +0.3306015256
+2.3000000000 +0.4949770833 +0.0024204718 -0.0055034722 +0.0034616448 +0.4793496721 +0.0024128092 +0.4626420369 +0.0023544204 -4.7999486111 +0.0014436166 +23.1228678241 +0.0132048056 +3.6680456198 +0.5672970835 +0.3288509691
+2.4000000000 +0.4947138889 +0.0023956626 -0.0056777778 +0.0034433906 +0.4743097994 +0.0023829852 +0.4521145200 +0.0023076510 -4.7371305556 +0.0016797229 +22.5532646605 +0.0151091423 +3.4435195128 +0.7053672507 +0.3301107548
+2.5000000000 +0.4914305556 +0.0023628181 -0.0039416667 +0.0034088298 +0.4648203704 +0.0023447557 +0.4359731396 +0.0022513510 -4.6566097222 +0.0019786545 +21.8406170525 +0.0173901734 +3.2157558639 +0.9020329769 +0.3273824828
+2.6000000000 +0.4880312500 +0.0023215708 -0.0035895833 +0.0033680456 +0.4537621335 +0.0022972300 +0.4169907087 +0.0021846054 -4.5552569444 +0.0023271105 +20.9669835648 +0.0198587331 +2.9850595271 +1.1535855705 +0.3249302910
+2.7000000000 +0.4837375000 +0.0022660998 -0.0016625000 +0.0033143911 +0.4394103009 +0.0022350848 +0.3929055801 +0.0021002634 -4.4199388889 +0.0027266790 +19.8332509259 +0.0224797943 +2.7387777603 +1.4685982440 +0.3216927255
+2.8000000000 +0.4752013889 +0.0021970326 -0.0020888889 +0.0032360859 +0.4188944444 +0.0021588383 +0.3618958660 +0.0020047102 -4.2544666667 +0.0032158634 +18.5141577160 +0.0253390609 +2.4824325143 +1.8995101451 +0.3125309258
+2.9000000000 +0.4647743056 +0.0021060637 -0.0034048611 +0.0031361749 +0.3934353202 +0.0020605264 +0.3246221057 +0.0018843236 -4.0461541667 +0.0036921969 +16.9166562500 +0.0277994841 +2.2024572221 +2.3341899577 +0.3009469345
+3.0000000000 +0.4464291667 +0.0019942041 -0.0021069444 +0.0029931946 +0.3583729938 +0.0019365771 +0.2784444325 +0.0017347003 -3.7884125000 +0.0041822019 +15.0517017747 +0.0297871954 +1.9088879157 +2.7985300181 +0.2773188377
+3.1000000000 +0.4252722222 +0.0018604607 -0.0007930556 +0.0028253690 +0.3193090278 +0.0017908143 +0.2302388941 +0.0015660060 -3.4801694444 +0.0045662450 +12.9456030864 +0.0306697696 +1.6078362362 +3.1243344513 +0.2472772523
+3.2000000000 +0.3975284722 +0.0017140883 +0.0009354167 +0.0026246522 +0.2755528356 +0.0016218844 +0.1811497294 +0.0013702726 -3.1603388889 +0.0047273520 +10.8816561728 +0.0299214558 +1.3221444310 +3.1426673914 +0.2047445285
+3.3000000000 +0.3704534722 +0.0015657048 +0.0000687500 +0.0024253507 +0.2352930363 +0.0014459332 +0.1389917213 +0.0011677029 -2.8538166667 +0.0046862293 +9.0226993827 +0.0278585966 +1.0697155766 +2.9039002174 +0.1631463192
+3.4000000000 +0.3429680556 +0.0014253583 -0.0007027778 +0.0022298680 +0.1988929398 +0.0012755764 +0.1046422097 +0.0009825143 -2.5801319444 +0.0045237425 +7.4756506944 +0.0253570115 +0.8604619696 +2.5491794441 +0.1182470664
+3.5000000000 +0.3171854167 +0.0013025374 +0.0002118056 +0.0020522591 +0.1684707369 +0.0011179661 +0.0783763140 +0.0008099220 -2.3464402778 +0.0042459877 +6.2269184414 +0.0223454161 +0.6980312400 +2.1192581805 +0.0795194224
+3.6000000000 +0.2951812500 +0.0011912011 -0.0006993056 +0.0018966410 +0.1438903742 +0.0009764887 +0.0588456503 +0.0006616338 -2.1450861111 +0.0039706340 +5.2320317901 +0.0194972847 +0.5675840388 +1.7517704612 +0.0526081860
+3.7000000000 +0.2766416667 +0.0011054699 +0.0010041667 +0.0017706789 +0.1254131559 +0.0008656396 +0.0457017388 +0.0005507470 -1.9868541667 +0.0037034272 +4.4962043981 +0.0171063048 +0.4756139429 +1.4426688873 +0.0314427957
+3.8000000000 +0.2600638889 +0.0010268003 -0.0003291667 +0.0016568485 +0.1098059799 +0.0007682905 +0.0356681670 +0.0004579543 -1.8561333333 +0.0034748331 +3.9282095679 +0.0150950104 +0.3995313502 +1.2041018147 +0.0139304401
+3.9000000000 +0.2458673611 +0.0009640374 -0.0001090278 +0.0015622537 +0.0976254823 +0.0006858789 +0.0283479295 +0.0003817015 -1.7442027778 +0.0032567476 +3.4664995370 +0.0132842868 +0.3431512892 +1.0041567030 +0.0085434061
+4.0000000000 +0.2349750000 +0.0009136754 -0.0000347222 +0.0014883326 +0.0886053627 +0.0006229814 +0.0233751442 +0.0003246155 -1.6522763889 +0.0030975284 +3.1138045525 +0.0119976544 +0.3005290083 +0.8635213962 +0.0075399623
+4.1000000000 +0.2243076389 +0.0008673518 -0.0001020833 +0.0014177965 +0.0804058835 +0.0005693755 +0.0194326466 +0.0002771718 -1.5715708333 +0.0029696533 +2.8225885031 +0.0109084514 +0.2642221460 +0.7554509388 -0.0019246060
+4.2000000000 +0.2145770833 +0.0008322838 +0.0001465278 +0.0013578582 +0.0737511767 +0.0005248453 +0.0164577398 +0.0002428379 -1.5018611111 +0.0028457920 +2.5795280864 +0.0099805575 +0.2374958743 +0.6611046721 -0.0085815744
+4.3000000000 +0.2079451389 +0.0008022737 -0.0011159722 +0.0013132560 +0.0689869020 +0.0004907763 +0.0143936459 +0.0002141715 -1.4350916667 +0.0027423548 +2.3603084877 +0.0090560262 +0.2155455730 +0.5856968228 -0.0081293899
+4.4000000000 +0.2010111111 +0.0007722149 +0.0004472222 +0.0012674571 +0.0642581019 +0.0004543113 +0.0123850537 +0.0001852118 -1.3793805556 +0.0026660909 +2.1870123457 +0.0084309018 +0.1951579232 +0.5286972433 +0.0001822215
+4.5000000000 +0.1960138889 +0.0007507302 +0.0016763889 +0.0012345289 +0.0609652778 +0.0004327300 +0.0112069739 +0.0001698355 -1.3368916667 +0.0026113489 +2.0600450617 +0.0080474987 +0.1803506651 +0.4849168592 -0.0050831508
+4.6000000000 +0.1897631944 +0.0007256320 +0.0006312500 +0.0011944804 +0.0570717400 +0.0004032633 +0.0097620356 +0.0001491846 -1.2864958333 +0.0025571055 +1.9166230710 +0.0075070376 +0.1648304609 +0.4449837195 +0.0009737366
+4.7000000000 +0.1839812500 +0.0007005288 -0.0002993056 +0.0011562724 +0.0534787230 +0.0003782110 +0.0085817164 +0.0001341868 -1.2415458333 +0.0024954750 +1.7905318673 +0.0071088439 +0.1503545564 +0.4059506200 -0.0002092015
+4.8000000000 +0.1801694444 +0.0006854769 +0.0013847222 +0.0011319701 +0.0512561728 +0.0003582387 +0.0077605931 +0.0001168715 -1.2047347222 +0.0024280804 +1.6872087191 +0.0066240292 +0.1409635810 +0.3684733878 +0.0153513125
+4.9000000000 +0.1765583333 +0.0006726144 +0.0030097222 +0.0011097319 +0.0492692515 +0.0003449637 +0.0071874573 +0.0001080954 -1.1662208333 +0.0024187517 +1.5940854167 +0.0063717998 +0.1329531904 +0.3508753788 +0.0130342189
+5.0000000000 +0.1728902778 +0.0006572975 +0.0016680556 +0.0010859312 +0.0471726466 +0.0003309163 +0.0066054834 +0.0001036308 -1.1330833333 +0.0023886738 +1.5121083333 +0.0061530037 +0.1244275089 +0.3286519100 +0.0105294724
