# T, am1a, am1e, m1a, m1e, m2a, m2e, m4a, m4e, e1a, e1e, e2a, e2e, susc, spec, bind
+2.0000000000 +0.4826671875 +0.0024674555 +0.0010796875 +0.0034514486 +0.4765010742 +0.0024642029 +0.4699451074 +0.0024351743 -4.9216039062 +0.0006455324 +24.2388534912 +0.0062096462 +7.7930707305 +0.2666956991 +0.3100809930
+2.1000000000 +0.4835000000 +0.0024558386 -0.0022359375 +0.0034460593 +0.4750179810 +0.0024496055 +0.4656647664 +0.0024086488 -4.8906000000 +0.0007728470 +23.9418600586 +0.0073788480 +7.3522508482 +0.3467275986 +0.3120893617
+2.2000000000 +0.4829566406 +0.0024407166 -0.0002277344 +0.0034334056 +0.4715310242 +0.0024309439 +0.4587210304 +0.0023756369 -4.8515835938 +0.0009103582 +23.5710134521 +0.0086101282 +6.9318954893 +0.4383482315 +0.3122876049
+2.3000000000 +0.4797531250 +0.0024222327 -0.0018390625 +0.0034089886 +0.4648515015 +0.0024070117 +0.4478351302 +0.0023344405 -4.8029945313 +0.0010720874 +23.1147313232 +0.0100244744 +6.5304609535 +0.5562175398 +0.3091743922
+2.4000000000 +0.4778824219 +0.0023984920 -0.0040816406 +0.0033855041 +0.4584821716 +0.0023769132 +0.4361945564 +0.0022835667 -4.7408640625 +0.0012568332 +22.5389772461 +0.0115655347 +6.1362816665 +0.7020576332 +0.3083058835
+2.5000000000 +0.4731750000 +0.0023658208 -0.0048250000 +0.0033457272 +0.4477788940 +0.0023334044 +0.4182969897 +0.0022131870 -4.6586812500 +0.0014728131 +21.7900781250 +0.0132905941 +5.7314384235 +0.8884954716 +0.3045975031
+2.6000000000 +0.4686664063 +0.0023255628 -0.0053476562 +0.0033013228 +0.4359778931 +0.0022821126 +0.3983982310 +0.0021340864 -4.5572429687 +0.0017452011 +20.8902925537 +0.0153187234 +5.3250385900 +1.1534113845 +0.3013378595
+2.7000000000 +0.4644421875 +0.0022711793 -0.0037765625 +0.0032481629 +0.4220367554 +0.0022128780 +0.3739881762 +0.0020321907 -4.4272554688 +0.0020599194 +19.7703217041 +0.0174388587 +4.8907901592 +1.4900913560 +0.3000998827
+2.8000000000 +0.4591628906 +0.0021936059 -0.0056550781 +0.0031751963 +0.4033068420 +0.0021203403 +0.3424901359 +0.0019075328 -4.2530273438 +0.0024846697 +18.3351849365 +0.0200602135 +4.3994578723 +2.0158640803 +0.2981316910
+2.9000000000 +0.4458285156 +0.0020808653 -0.0099222656 +0.0030490352 +0.3719630798 +0.0019881342 +0.2964636287 +0.0017409981 -4.0146695313 +0.0029960530 +16.4766247803 +0.0227427696 +3.8223451474 +2.7323916109 +0.2857495948
+3.0000000000 +0.4245785156 +0.0019262692 -0.0101480469 +0.0028661143 +0.3286874329 +0.0018163009 +0.2399933892 +0.0015394821 -3.7020734375 +0.0035250451 +14.2023854492 +0.0249501924 +3.1663043612 +3.5344904005 +0.2595225706
+3.1000000000 +0.3962152344 +0.0017332236 -0.0100269531 +0.0026317700 +0.2771490784 +0.0016030084 +0.1795970473 +0.0012989311 -3.3252585938 +0.0038615440 +11.6538055908 +0.0253148784 +2.4807755648 +3.9722680575 +0.2206167640
+3.2000000000 +0.3575652344 +0.0015191838 -0.0099722656 +0.0023455822 +0.2201696716 +0.0013593615 +0.1223892321 +0.0010356445 -2.9330523438 +0.0038584330 +9.1982962646 +0.0234122672 +1.8463354959 +3.7218763342 +0.1583975993
+3.3000000000 +0.3157968750 +0.0013142481 -0.0106398438 +0.0020536820 +0.1688175903 +0.0011127078 +0.0780241283 +0.0007787643 -2.5959078125 +0.0035816235 +7.2518584473 +0.0200146357 +1.3399258002 +3.0155875924 +0.0874172055
+3.4000000000 +0.2797871094 +0.0011456344 -0.0055011719 +0.0018079663 +0.1307799500 +0.0009061452 +0.0499473593 +0.0005744991 -2.3309039063 +0.0032522924 +5.8562092529 +0.0167512658 +0.9882187930 +2.3424012886 +0.0265605478
+3.5000000000 +0.2525031250 +0.0010114113 -0.0055539062 +0.0016174447 +0.1046759399 +0.0007398057 +0.0328495507 +0.0004205671 -2.1309507813 +0.0028950231 +4.8761975830 +0.0136804838 +0.7482169016 +1.7514911394 +0.0006573078
+3.6000000000 +0.2299351562 +0.0009118133 -0.0046421875 +0.0014671807 +0.0861263184 +0.0006165497 +0.0226230834 +0.0003103460 -1.9715312500 +0.0026446000 +4.1666918457 +0.0115160605 +0.5912203072 +1.3815129678 -0.0166202950
+3.7000000000 +0.2121816406 +0.0008314391 -0.0041011719 +0.0013477376 +0.0726726868 +0.0005232662 +0.0162336206 +0.0002348608 -1.8466515625 +0.0024552560 +3.6512532715 +0.0099680624 +0.4782986058 +1.1272755153 -0.0245937520
+3.8000000000 +0.1978003906 +0.0007668390 -0.0025738281 +0.0012513997 +0.0626466736 +0.0004497054 +0.0120140035 +0.0001814697 -1.7415585937 +0.0022944644 +3.2436090088 +0.0087023013 +0.3961545946 +0.9333304081 -0.0204000429
+3.9000000000 +0.1871312500 +0.0007211790 -0.0026070312 +0.0011812628 +0.0558220703 +0.0003996239 +0.0095040755 +0.0001455397 -1.6559023438 +0.0021776096 +2.9316919189 +0.0078044927 +0.3413984096 +0.7981247996 -0.0166623622
+4.0000000000 +0.1771339844 +0.0006831643 -0.0024996094 +0.0011184670 +0.0500449890 +0.0003602853 +0.0076967208 +0.0001213651 -1.5799742188 +0.0021001755 +2.6727480225 +0.0071485962 +0.2986966495 +0.7057179622 -0.0243851661
+4.1000000000 +0.1690601563 +0.0006476829 -0.0015250000 +0.0010648795 +0.0453610596 +0.0003250833 +0.0062847915 +0.0001000209 -1.5133789063 +0.0020353704 +2.4560250244 +0.0066138785 +0.2619273856 +0.6308980294 -0.0181300146
+4.2000000000 +0.1617718750 +0.0006215756 +0.0003484375 +0.0010201013 +0.0416243896 +0.0002989783 +0.0053081111 +0.0000852750 -1.4548007812 +0.0019741479 +2.2723357178 +0.0061336262 +0.2354933350 +0.5655887697 -0.0212286470
+4.3000000000 +0.1554585938 +0.0005949619 -0.0009265625 +0.0009788476 +0.0383265625 +0.0002746022 +0.0044851793 +0.0000722057 -1.4019562500 +0.0019181994 +2.1126608887 +0.0057408847 +0.2107414047 +0.5094370986 -0.0177914994
+4.4000000000 +0.1504117188 +0.0005758074 -0.0002812500 +0.0009471770 +0.0358858521 +0.0002568725 +0.0039271335 +0.0000639277 -1.3526757813 +0.0018868402 +1.9721384033 +0.0054185799 +0.1929042460 +0.4707657327 -0.0165011730
+4.5000000000 +0.1472750000 +0.0005586973 -0.0006968750 +0.0009243261 +0.0341756348 +0.0002417753 +0.0035061861 +0.0000562631 -1.3084984375 +0.0018565719 +1.8500425293 +0.0051784888 +0.1775745300 +0.4357510901 -0.0006461460
+4.6000000000 +0.1429273437 +0.0005430395 +0.0002875000 +0.0008975497 +0.0322239014 +0.0002288048 +0.0031324444 +0.0000507382 -1.2634195313 +0.0018296313 +1.7301309326 +0.0049149851 +0.1641137499 +0.4049966599 -0.0055551155
+4.7000000000 +0.1391148437 +0.0005283010 +0.0008078125 +0.0008734467 +0.0305170166 +0.0002158047 +0.0027941544 +0.0000441291 -1.2274015625 +0.0018088858 +1.6373973145 +0.0046935384 +0.1520214720 +0.3791984611 -0.0001036259
+4.8000000000 +0.1357972656 +0.0005126611 +0.0008738281 +0.0008507789 +0.0289537537 +0.0002025873 +0.0024799840 +0.0000385588 -1.1890750000 +0.0017833469 +1.5411124023 +0.0044925072 +0.1401714175 +0.3533695742 +0.0139070131
+4.9000000000 +0.1323257812 +0.0005018288 -0.0000171875 +0.0008304125 +0.0275833984 +0.0001951916 +0.0022848350 +0.0000364215 -1.1562335937 +0.0017654112 +1.4615431885 +0.0043310311 +0.1315694505 +0.3323070458 -0.0010091464
+5.0000000000 +0.1301000000 +0.0004926902 -0.0000851562 +0.0008160231 +0.0266357544 +0.0001881067 +0.0021248283 +0.0000338246 -1.1264046875 +0.0017429660 +1.3903047363 +0.0041715755 +0.1242847282 +0.3110840737 +0.0016735131
