# T, am1a, am1e, m1a, m1e, m2a, m2e, m4a, m4e, e1a, e1e, e2a, e2e, susc, spec, bind
+2.0000000000 +0.4991805556 +0.0024688112 -0.0239263889 +0.0035085962 +0.4929823688 +0.0024673349 +0.4865412830 +0.0024435575 -4.9222097222 +0.0008648751 +24.2580689043 +0.0081573430 +4.3884205521 +0.2692831930 +0.3326776559
+2.1000000000 +0.4975618056 +0.0024567457 -0.0258284722 +0.0034940114 +0.4889917245 +0.0024536943 +0.4799375393 +0.0024205449 -4.8918986111 +0.0010274057 +23.9728945216 +0.0096203086 +4.1386967004 +0.3446734711 +0.3309471161
+2.2000000000 +0.4966972222 +0.0024415057 -0.0263152778 +0.0034801352 +0.4851461420 +0.0024363064 +0.4727903418 +0.0023916892 -4.8526305556 +0.0012137235 +23.6069483025 +0.0112515373 +3.9017129140 +0.4382850775 +0.3304204560
+2.3000000000 +0.4940416667 +0.0024211191 -0.0237708333 +0.0034568224 +0.4785498843 +0.0024133658 +0.4619833770 +0.0023554230 -4.8016902778 +0.0014467599 +23.1399540895 +0.0132102463 +3.6700077264 +0.5697702020 +0.3275644532
+2.4000000000 +0.4905979167 +0.0023940936 -0.0241423611 +0.0034255322 +0.4699536844 +0.0023825466 +0.4479176006 +0.0023083429 -4.7358083333 +0.0017127235 +22.5452174383 +0.0153506332 +3.4390105286 +0.7333554262 +0.3239687752
+2.5000000000 +0.4866534722 +0.0023607664 -0.0231854167 +0.0033882988 +0.4597603202 +0.0023428990 +0.4309465722 +0.0022490757 -4.6521527778 +0.0020156697 +21.8050424383 +0.0176481643 +3.2101735419 +0.9360977500 +0.3204221695
+2.6000000000 +0.4838284722 +0.0023202897 -0.0254493056 +0.0033495973 +0.4494397569 +0.0022962078 +0.4128989049 +0.0021824788 -4.5534305556 +0.0023257621 +20.9500966049 +0.0198439023 +2.9817659965 +1.1522491278 +0.3186355003
+2.7000000000 +0.4810840278 +0.0022627583 -0.0258520833 +0.0032999111 +0.4362448495 +0.0022310033 +0.3894046012 +0.0020954768 -4.4182583333 +0.0027517829 +19.8238990741 +0.0226099071 +2.7307067701 +1.4957648099 +0.3179453110
+2.8000000000 +0.4723326389 +0.0021949828 -0.0233173611 +0.0032220817 +0.4158161073 +0.0021551887 +0.3586965679 +0.0019985759 -4.2508222222 +0.0032208208 +18.4844370370 +0.0254021273 +2.4778026706 +1.9053710453 +0.3084822219
+2.9000000000 +0.4623388889 +0.0021006953 -0.0210736111 +0.0031218183 +0.3902740741 +0.0020532281 +0.3209436800 +0.0018740283 -4.0388055556 +0.0037117041 +16.8630202160 +0.0278908517 +2.1912433559 +2.3589199068 +0.2976264166
+3.0000000000 +0.4441138889 +0.0019876636 -0.0174402778 +0.0029789480 +0.3552694059 +0.0019306191 +0.2753079541 +0.0017276625 -3.7751819444 +0.0042140980 +14.9623435957 +0.0298918895 +1.8963871147 +2.8413795281 +0.2729205250
+3.1000000000 +0.4232555556 +0.0018583263 -0.0133208333 +0.0028155944 +0.3172803241 +0.0017870191 +0.2284042954 +0.0015612419 -3.4826347222 +0.0045596190 +12.9603496142 +0.0306475017 +1.6041490695 +3.1152736949 +0.2436954181
+3.2000000000 +0.3960888889 +0.0017117649 -0.0094569444 +0.0026172626 +0.2740919753 +0.0016202604 +0.1801361587 +0.0013723459 -3.1608180556 +0.0047596259 +10.8969323302 +0.0301247674 +1.3185626333 +3.1857241989 +0.2007419829
+3.3000000000 +0.3693055556 +0.0015605598 -0.0057722222 +0.0024174736 +0.2338004630 +0.0014393732 +0.1375344627 +0.0011639821 -2.8439916667 +0.0047309331 +8.9835577160 +0.0280922900 +1.0626967593 +2.9595673256 +0.1613137039
+3.4000000000 +0.3433152778 +0.0014220321 -0.0048625000 +0.0022289501 +0.1987523920 +0.0012723407 +0.1042565499 +0.0009787516 -2.5675069444 +0.0045312499 +7.4133809414 +0.0252742950 +0.8564507155 +2.5576475032 +0.1202538674
+3.5000000000 +0.3172958333 +0.0013009891 -0.0045875000 +0.0020515757 +0.1683795525 +0.0011172670 +0.0782831000 +0.0008106035 -2.3349097222 +0.0042719244 +6.1817769290 +0.0224046385 +0.6963727538 +2.1452282980 +0.0796181222
+3.6000000000 +0.2956715278 +0.0011913535 -0.0058756944 +0.0018984208 +0.1441945795 +0.0009767985 +0.0589574875 +0.0006624491 -2.1420291667 +0.0039649263 +5.2171145833 +0.0195031468 +0.5677292714 +1.7467378680 +0.0548084215
+3.7000000000 +0.2767409722 +0.0011015459 -0.0065145833 +0.0017683273 +0.1251217014 +0.0008628452 +0.0454355166 +0.0005475718 -1.9830819444 +0.0036905816 +4.4774297068 +0.0170139968 +0.4722434823 +1.4326782690 +0.0325936504
+3.8000000000 +0.2599125000 +0.0010254051 -0.0034888889 +0.0016552988 +0.1096127315 +0.0007671304 +0.0355545144 +0.0004560799 -1.8503333333 +0.0034510199 +3.9001149691 +0.0149301042 +0.3984463310 +1.1876547707 +0.0136035591
+3.9000000000 +0.2469131944 +0.0009624993 -0.0022256944 +0.0015653863 +0.0980223187 +0.0006882716 +0.0285570869 +0.0003859513 -1.7385944444 +0.0032497964 +3.4451577160 +0.0132473777 +0.3420571669 +0.9998747309 +0.0092987629
+4.0000000000 +0.2338777778 +0.0009117893 -0.0022083333 +0.0014828041 +0.0879532022 +0.0006213350 +0.0231780526 +0.0003221878 -1.6468125000 +0.0030968281 +3.0956051698 +0.0119207269 +0.2992894850 +0.8631309591 +0.0012601501
+4.1000000000 +0.2244965278 +0.0008708015 -0.0015368056 +0.0014206349 +0.0807304977 +0.0005684064 +0.0194408457 +0.0002752517 -1.5673611111 +0.0029667251 +2.8086791667 +0.0108098891 +0.2663280588 +0.7539618861 +0.0056972526
+4.2000000000 +0.2154381944 +0.0008306888 -0.0023548611 +0.0013602374 +0.0740153742 +0.0005222391 +0.0163876226 +0.0002382099 -1.4963611111 +0.0028367791 +2.5609891975 +0.0099154625 +0.2365865023 +0.6569237198 +0.0028722094
+4.3000000000 +0.2081604167 +0.0008015780 -0.0013881944 +0.0013136773 +0.0690318480 +0.0004892544 +0.0143401896 +0.0002128364 -1.4339750000 +0.0027579995 +2.3605467593 +0.0091492910 +0.2151719073 +0.5923985133 -0.0030778509
+4.4000000000 +0.2008993056 +0.0007702879 -0.0007326389 +0.0012658370 +0.0640942708 +0.0004541155 +0.0123569116 +0.0001860197 -1.3812583333 +0.0026732793 +2.1937314815 +0.0084621902 +0.1941851443 +0.5315520832 -0.0026520904
+4.5000000000 +0.1947236111 +0.0007447165 +0.0000638889 +0.0012257792 +0.0601013889 +0.0004245552 +0.0108220633 +0.0001656682 -1.3300027778 +0.0026001129 +2.0393308642 +0.0079411031 +0.1774728333 +0.4807528450 +0.0013350750
+4.6000000000 +0.1908993056 +0.0007250178 +0.0009437500 +0.0011986209 +0.0574685764 +0.0004052443 +0.0098715537 +0.0001520860 -1.2860930556 +0.0025422491 +1.9125565586 +0.0075283849 +0.1645515511 +0.4398281474 +0.0036696022
+4.7000000000 +0.1851611111 +0.0007055919 +0.0007250000 +0.0011640287 +0.0541990355 +0.0003830070 +0.0088053099 +0.0001364056 -1.2436527778 +0.0024979829 +1.7962689815 +0.0070839321 +0.1525358177 +0.4067669983 +0.0008279516
+4.8000000000 +0.1812680556 +0.0006928529 +0.0003486111 +0.0011408308 +0.0520599151 +0.0003687506 +0.0081493145 +0.0001261396 -1.2033638889 +0.0024414332 +1.6865084877 +0.0066859340 +0.1440135537 +0.3725372478 -0.0022888753
+4.9000000000 +0.1766187500 +0.0006734824 -0.0004062500 +0.0011105985 +0.0493373264 +0.0003485986 +0.0072950103 +0.0001123030 -1.1680638889 +0.0023988892 +1.5945600309 +0.0062906501 +0.1332965648 +0.3451363667 +0.0010277271
+5.0000000000 +0.1731250000 +0.0006578393 -0.0002888889 +0.0010872245 +0.0472823688 +0.0003341788 +0.0067026402 +0.0001048159 -1.1342152778 +0.0023721665 +1.5115312500 +0.0061000299 +0.1246327431 +0.3241252133 +0.0006302479
