# T, am1a, am1e, m1a, m1e, m2a, m2e, m4a, m4e, e1a, e1e, e2a, e2e, susc, spec, bind
+2.0000000000 +0.4763735000 +0.0024662622 -0.0105435000 +0.0034282595 +0.4702296850 +0.0024613045 +0.4634367474 +0.0024291598 -4.9199980000 +0.0005258835 +24.2174424600 +0.0050961481 +12.1648986749 +0.2765534997 +0.3013669473
+2.1000000000 +0.4758770000 +0.0024555905 -0.0089655000 +0.0034189747 +0.4676559100 +0.0024474682 +0.4583060672 +0.0024033412 -4.8904995000 +0.0006203368 +23.9323780700 +0.0059736382 +11.4855709939 +0.3490410542 +0.3014757339
+2.2000000000 +0.4749262500 +0.0024417682 -0.0066732500 +0.0034058761 +0.4640442175 +0.0024295221 +0.4514401350 +0.0023705678 -4.8524910000 +0.0007312577 +23.5680584200 +0.0069784559 +10.8404215710 +0.4419321262 +0.3011882770
+2.3000000000 +0.4743435000 +0.0024231919 -0.0078520000 +0.0033904810 +0.4598761100 +0.0024043876 +0.4427292169 +0.0023251671 -4.8010425000 +0.0008615220 +23.0796978900 +0.0081284864 +10.2119284351 +0.5612250129 +0.3021931470
+2.4000000000 +0.4715402500 +0.0023995525 -0.0037607500 +0.0033639640 +0.4526643025 +0.0023716336 +0.4298908021 +0.0022677970 -4.7378425000 +0.0010043425 +22.4874997100 +0.0093469151 +9.5964206304 +0.7004888053 +0.3006663844
+2.5000000000 +0.4685170000 +0.0023691437 -0.0037195000 +0.0033316964 +0.4440218600 +0.0023293655 +0.4141931546 +0.0021961477 -4.6588905000 +0.0011791107 +21.7608727700 +0.0107646348 +8.9805472284 +0.8897932640 +0.2997180075
+2.6000000000 +0.4650767500 +0.0023299091 -0.0013242500 +0.0032917840 +0.4334354325 +0.0022741746 +0.3947410809 +0.0021055914 -4.5583615000 +0.0013874061 +20.8556553900 +0.0123534222 +8.3515018888 +1.1389914987 +0.2996062711
+2.7000000000 +0.4617080000 +0.0022751196 +0.0005480000 +0.0032412218 +0.4202210500 +0.0021981705 +0.3698638730 +0.0019883500 -4.4269740000 +0.0016460624 +19.7064796600 +0.0141630647 +7.6683989902 +1.4867059440 +0.3018237824
+2.8000000000 +0.4542325000 +0.0021938262 -0.0019785000 +0.0031576818 +0.3988420950 +0.0020927603 +0.3342608501 +0.0018393293 -4.2465235000 +0.0020252813 +18.1970324100 +0.0166008605 +6.8755332480 +2.0927369126 +0.2995739641
+2.9000000000 +0.4390240000 +0.0020736719 -0.0049625000 +0.0030196111 +0.3647466850 +0.0019498917 +0.2851232445 +0.0016562318 -4.0025275000 +0.0025041995 +16.2710669900 +0.0192019554 +5.9311935319 +2.9826468697 +0.2856210276
+3.0000000000 +0.4087897500 +0.0018829679 -0.0023342500 +0.0027790571 +0.3089317825 +0.0017373162 +0.2161695561 +0.0014098315 -3.6516775000 +0.0030492711 +13.7066707300 +0.0214992958 +4.7274240932 +4.1324685110 +0.2449980115
+3.1000000000 +0.3634077500 +0.0016176625 -0.0017697500 +0.0024327728 +0.2367384675 +0.0014409891 +0.1391030834 +0.0010888548 -3.2034605000 +0.0033266265 +10.7048169300 +0.0213810500 +3.3765572497 +4.6062201347 +0.1726717803
+3.2000000000 +0.3090485000 +0.0013341320 -0.0028005000 +0.0020414422 +0.1667073000 +0.0011160666 +0.0776155060 +0.0007618055 -2.7739185000 +0.0031734154 +8.0974464500 +0.0185480465 +2.2248851452 +3.9338145054 +0.0690679054
+3.3000000000 +0.2642982500 +0.0010971601 +0.0003382500 +0.0017175845 +0.1180039725 +0.0008355007 +0.0418473969 +0.0004996444 -2.4484085000 +0.0027606857 +6.2995596100 +0.0146465712 +1.4591032590 +2.7994070443 -0.0017375142
+3.4000000000 +0.2298430000 +0.0009229209 +0.0010685000 +0.0014739232 +0.0868991250 +0.0006271502 +0.0232841522 +0.0003168942 -2.2126175000 +0.0023905057 +5.1242569100 +0.0114309326 +1.0020976574 +1.9773417707 -0.0277994198
+3.5000000000 +0.2045747500 +0.0008032569 +0.0004687500 +0.0013005717 +0.0676596925 +0.0004900973 +0.0141856479 +0.0002110398 -2.0438065000 +0.0021185117 +4.3566686900 +0.0092963518 +0.7373961189 +1.4654994331 -0.0329228452
+3.6000000000 +0.1858227500 +0.0007175903 +0.0012022500 +0.0011739472 +0.0551275275 +0.0003980665 +0.0093773224 +0.0001472974 -1.9164555000 +0.0019413724 +3.8235587500 +0.0078957337 +0.5721509190 +1.1632489701 -0.0285385288
+3.7000000000 +0.1715187500 +0.0006559994 +0.0025447500 +0.0010796482 +0.0466320875 +0.0003314843 +0.0065698250 +0.0001019575 -1.8061880000 +0.0018213187 +3.3950031600 +0.0069205898 +0.4652271864 +0.9692335183 -0.0070773563
+3.8000000000 +0.1596360000 +0.0006087612 +0.0025750000 +0.0010037508 +0.0403072600 +0.0002859869 +0.0048962161 +0.0000746838 -1.7172160000 +0.0017372552 +3.0695530200 +0.0062315604 +0.3900949343 +0.8360265190 -0.0045527928
+3.9000000000 +0.1500957500 +0.0005700117 +0.0026347500 +0.0009423153 +0.0355252675 +0.0002514199 +0.0037905240 +0.0000589287 -1.6378355000 +0.0016635774 +2.7932047100 +0.0056589682 +0.3332444444 +0.7278079220 -0.0011595213
+4.0000000000 +0.1419297500 +0.0005407707 +0.0017737500 +0.0008921635 +0.0318413725 +0.0002278869 +0.0030911699 +0.0000500852 -1.5676415000 +0.0016201308 +2.5624928300 +0.0053003839 +0.2924329641 +0.6562059842 -0.0162909727
+4.1000000000 +0.1356840000 +0.0005167632 +0.0008090000 +0.0008528080 +0.0290919150 +0.0002066319 +0.0025542084 +0.0000411248 -1.5040975000 +0.0015843492 +2.3627157900 +0.0049456127 +0.2605309060 +0.5973022040 -0.0059825756
+4.2000000000 +0.1308317500 +0.0004957256 +0.0014192500 +0.0008207419 +0.0269467025 +0.0001904969 +0.0021776875 +0.0000350484 -1.4477620000 +0.0015542258 +2.1926395200 +0.0046817433 +0.2340418022 +0.5477591347 +0.0003153152
+4.3000000000 +0.1260587500 +0.0004762419 +0.0004497500 +0.0007899820 +0.0249630625 +0.0001770838 +0.0018775008 +0.0000306822 -1.3969140000 +0.0015275776 +2.0447084600 +0.0044352787 +0.2109826523 +0.5048119881 -0.0042992593
+4.4000000000 +0.1218275000 +0.0004611472 +0.0009205000 +0.0007639922 +0.0233482100 +0.0001662118 +0.0016501939 +0.0000273420 -1.3481070000 +0.0014981505 +1.9071706800 +0.0041925384 +0.1933243237 +0.4637303541 -0.0090357345
+4.5000000000 +0.1179682500 +0.0004474466 -0.0000517500 +0.0007403520 +0.0219248475 +0.0001555222 +0.0014481846 +0.0000238495 -1.3035720000 +0.0014642245 +1.7850581000 +0.0039582883 +0.1779630998 +0.4234969917 -0.0042214850
+4.6000000000 +0.1145302500 +0.0004331492 +0.0002347500 +0.0007180155 +0.0206219075 +0.0001459057 +0.0012768022 +0.0000209539 -1.2638480000 +0.0014497829 +1.6813865800 +0.0037990309 +0.1631462899 +0.3973289834 -0.0007940308
+4.7000000000 +0.1114485000 +0.0004229844 +0.0008655000 +0.0006995829 +0.0195774000 +0.0001392385 +0.0011587695 +0.0000190720 -1.2258370000 +0.0014322197 +1.5847264800 +0.0036344723 +0.1522687627 +0.3714356244 -0.0077800989
+4.8000000000 +0.1088277500 +0.0004123640 +0.0007997500 +0.0006827262 +0.0186452425 +0.0001321315 +0.0010459946 +0.0000174058 -1.1916765000 +0.0014070992 +1.4992900100 +0.0034712889 +0.1417034027 +0.3437375406 -0.0029334896
+4.9000000000 +0.1063122500 +0.0004007825 +0.0006402500 +0.0006657129 +0.0177273575 +0.0001251415 +0.0009406755 +0.0000156090 -1.1585635000 +0.0013919726 +1.4197728900 +0.0033380772 +0.1311237347 +0.3227967783 +0.0022297199
+5.0000000000 +0.1044180000 +0.0003931932 +0.0003890000 +0.0006535863 +0.0170871550 +0.0001204314 +0.0008721200 +0.0000143569 -1.1237635000 +0.0013839686 +1.3394591700 +0.0032219057 +0.1236807255 +0.3064590643 +0.0043298812
