# T, am1a, am1e, m1a, m1e, m2a, m2e, m4a, m4e, e1a, e1e, e2a, e2e, susc, spec, bind
+2.0000000000 +0.4997993056 +0.0024685435 -0.0075673611 +0.0035124435 +0.4935476273 +0.0024663493 +0.4869044127 +0.0024414182 -4.9214277778 +0.0008608022 +24.2500905864 +0.0081329229 +4.3874690667 +0.2667529308 +0.3337084294
+2.1000000000 +0.5000777778 +0.0024571030 -0.0080180556 +0.0035053805 +0.4915719907 +0.0024538512 +0.4824984580 +0.0024206196 -4.8923263889 +0.0010286294 +23.9771806327 +0.0096355393 +4.1399006899 +0.3454949983 +0.3344197653
+2.2000000000 +0.4989437500 +0.0024412735 -0.0054340278 +0.0034903724 +0.4873375193 +0.0024359347 +0.4748489626 +0.0023909451 -4.8526708333 +0.0012095004 +23.6069298611 +0.0112311801 +3.9009706957 +0.4352403304 +0.3335393040
+2.3000000000 +0.4955277778 +0.0024223400 -0.0046555556 +0.0034649507 +0.4802570216 +0.0024143184 +0.4638041353 +0.0023565294 -4.8034958333 +0.0014320940 +23.1556079475 +0.0130972515 +3.6737098913 +0.5582771570 +0.3297050994
+2.4000000000 +0.4943638889 +0.0023962660 -0.0062263889 +0.0034425300 +0.4740792824 +0.0023839721 +0.4520840922 +0.0023093059 -4.7400555556 +0.0016734563 +22.5801449074 +0.0150600872 +3.4452544165 +0.7001139853 +0.3295042688
+2.5000000000 +0.4914013889 +0.0023642503 -0.0070236111 +0.0034095937 +0.4650625000 +0.0023460300 +0.4364374046 +0.0022524298 -4.6571444444 +0.0019775939 +21.8454294753 +0.0173880645 +3.2196553200 +0.9010661696 +0.3273671617
+2.6000000000 +0.4896111111 +0.0023221671 -0.0057222222 +0.0033741099 +0.4554174383 +0.0022974680 +0.4185394132 +0.0021846779 -4.5541736111 +0.0023379296 +20.9591338735 +0.0199113199 +2.9865932051 +1.1643368875 +0.3273397037
+2.7000000000 +0.4856041667 +0.0022656700 -0.0051222222 +0.0033208266 +0.4411418210 +0.0022347855 +0.3943767528 +0.0021018679 -4.4206402778 +0.0027580464 +19.8463332562 +0.0226702351 +2.7377388574 +1.5025816823 +0.3244871902
+2.8000000000 +0.4786972222 +0.0021957170 -0.0070402778 +0.0032478777 +0.4219979552 +0.0021579569 +0.3643533894 +0.0020044704 -4.2526097222 +0.0032326716 +18.5026960648 +0.0254419077 +2.4794604602 +1.9194181314 +0.3180055100
+2.9000000000 +0.4666388889 +0.0021062964 -0.0068055556 +0.0031431072 +0.3952112269 +0.0020599101 +0.3259210954 +0.0018838335 -4.0424861111 +0.0037078819 +16.8916294753 +0.0278621686 +2.2029439559 +2.3540640433 +0.3044430887
+3.0000000000 +0.4519743056 +0.0019964750 -0.0059965278 +0.0030152998 +0.3637172647 +0.0019419298 +0.2831338996 +0.0017454663 -3.7862500000 +0.0041809255 +15.0348945988 +0.0297787198 +1.9132379013 +2.7968221451 +0.2865841017
+3.1000000000 +0.4301041667 +0.0018658032 -0.0027236111 +0.0028470645 +0.3242384645 +0.0018005301 +0.2348069313 +0.0015814563 -3.4875486111 +0.0045747086 +13.0001136574 +0.0307657359 +1.6170836554 +3.1359271937 +0.2555070495
+3.2000000000 +0.4031631944 +0.0017208426 -0.0047951389 +0.0026503280 +0.2809925347 +0.0016348880 +0.1858711548 +0.0013887519 -3.1621611111 +0.0047605797 +10.9057876543 +0.0301602830 +1.3325847004 +3.1870011153 +0.2153044702
+3.3000000000 +0.3712666667 +0.0015722599 -0.0045388889 +0.0024325829 +0.2367189815 +0.0014569307 +0.1409417544 +0.0011847824 -2.8533527778 +0.0047239878 +9.0342645062 +0.0281290721 +1.0786913859 +2.9508840718 +0.1615981050
+3.4000000000 +0.3439340278 +0.0014313026 -0.0036118056 +0.0022373123 +0.2002357060 +0.0012844541 +0.1060872336 +0.0009947152 -2.5780208333 +0.0045383232 +7.4700465278 +0.0254251561 +0.8676539000 +2.5656387530 +0.1180198257
+3.5000000000 +0.3183319444 +0.0013058876 -0.0026041667 +0.0020587747 +0.1695489198 +0.0011254873 +0.0794156983 +0.0008209229 -2.3403708333 +0.0042846115 +6.2116514661 +0.0225556937 +0.7016265555 +2.1579893736 +0.0791369438
+3.6000000000 +0.2967611111 +0.0011948462 +0.0000958333 +0.0019050817 +0.1451734568 +0.0009836509 +0.0597780952 +0.0006725143 -2.1440291667 +0.0039661360 +5.2260704475 +0.0195081591 +0.5710629972 +1.7478038334 +0.0545329859
+3.7000000000 +0.2770659722 +0.0011028444 -0.0004909722 +0.0017707057 +0.1254161844 +0.0008660968 +0.0457341674 +0.0005560692 -1.9824763889 +0.0037060322 +4.4795996142 +0.0171445365 +0.4733574952 +1.4446991484 +0.0308023446
+3.8000000000 +0.2600819444 +0.0010296437 -0.0004791667 +0.0016586820 +0.1100492670 +0.0007689156 +0.0357600896 +0.0004553619 -1.8493875000 +0.0034528082 +3.8971094907 +0.0148828344 +0.4017472025 +1.1888859530 +0.0157554123
+3.9000000000 +0.2462305556 +0.0009688656 +0.0014027778 +0.0015666488 +0.0981775077 +0.0006916547 +0.0287742728 +0.0003816515 -1.7414180556 +0.0032414160 +3.4528079475 +0.0132112157 +0.3465971190 +0.9947245049 +0.0049174823
+4.0000000000 +0.2347013889 +0.0009156973 +0.0015013889 +0.0014884770 +0.0886248071 +0.0006281197 +0.0236357327 +0.0003299194 -1.6491083333 +0.0031039353 +3.1049348765 +0.0120306630 +0.3018605864 +0.8670973083 -0.0030837817
+4.1000000000 +0.2236583333 +0.0008690053 +0.0025375000 +0.0014161870 +0.0802298611 +0.0005718106 +0.0195155239 +0.0002814466 -1.5705541667 +0.0029788010 +2.8215706019 +0.0109143290 +0.2652305360 +0.7601122910 -0.0106176510
+4.2000000000 +0.2151750000 +0.0008289623 +0.0009277778 +0.0013581841 +0.0737874228 +0.0005240062 +0.0164278824 +0.0002452593 -1.4993430556 +0.0028476895 +2.5724030093 +0.0099534381 +0.2356040761 +0.6619865531 -0.0057629797
+4.3000000000 +0.2083055556 +0.0008009489 +0.0003041667 +0.0013138862 +0.0690519676 +0.0004876434 +0.0142800180 +0.0002117883 -1.4407305556 +0.0027522918 +2.3787089506 +0.0091346020 +0.2148342959 +0.5899491081 +0.0017130710
+4.4000000000 +0.2019534722 +0.0007716531 +0.0007645833 +0.0012708517 +0.0646031443 +0.0004546766 +0.0124427974 +0.0001874049 -1.3841166667 +0.0026668861 +2.2002702160 +0.0084816529 +0.1948740492 +0.5290126905 +0.0062218069
+4.5000000000 +0.1960611111 +0.0007457449 +0.0015263889 +0.0012316965 +0.0606853781 +0.0004246449 +0.0108956475 +0.0001606132 -1.3265430556 +0.0026100661 +2.0322142747 +0.0079041391 +0.1779633504 +0.4844405270 +0.0138030220
+4.6000000000 +0.1912104167 +0.0007227952 +0.0001562500 +0.0011985274 +0.0574587384 +0.0004006304 +0.0097216963 +0.0001466640 -1.2810902778 +0.0025394134 +1.8991371142 +0.0074402691 +0.1635442042 +0.4388475103 +0.0184585951
+4.7000000000 +0.1864500000 +0.0007107987 -0.0004222222 +0.0011723141 +0.0549729938 +0.0003885176 +0.0090598659 +0.0001388007 -1.2417291667 +0.0024865958 +1.7892176698 +0.0070485645 +0.1547953378 +0.4030669294 +0.0006865435
+4.8000000000 +0.1811034722 +0.0006880569 -0.0003187500 +0.0011372693 +0.0517353588 +0.0003645080 +0.0079911906 +0.0001236814 -1.2035236111 +0.0024413624 +1.6868790895 +0.0066741891 +0.1420266836 +0.3725156359 +0.0047886853
+4.9000000000 +0.1770756944 +0.0006736814 +0.0010006944 +0.0011125271 +0.0495096644 +0.0003486185 +0.0073126021 +0.0001125709 -1.1674722222 +0.0024080648 +1.5949424383 +0.0063708007 +0.1333753184 +0.3477816639 +0.0055779967
+5.0000000000 +0.1733631944 +0.0006649799 +0.0012187500 +0.0010924885 +0.0477427276 +0.0003389418 +0.0068746289 +0.0001075836 -1.1353194444 +0.0023951230 +1.5184148148 +0.0061764655 +0.1273530991 +0.3304289864 -0.0053413672
