# T, am1a, am1e, m1a, m1e, m2a, m2e, m4a, m4e, e1a, e1e, e2a, e2e, susc, spec, bind
+2.0000000000 +0.4923769531 +0.0024687049 +0.0255613281 +0.0034841134 +0.4862152283 +0.0024653270 +0.4795187434 +0.0024363465 -4.9214390625 +0.0006474627 +24.2373307617 +0.0062268771 +7.8009652577 +0.2682930531 +0.3238746503
+2.1000000000 +0.4932785156 +0.0024566007 +0.0270863281 +0.0034784533 +0.4847191711 +0.0024507701 +0.4752036296 +0.0024102953 -4.8903460937 +0.0007768127 +23.9396224365 +0.0074118684 +7.3568145422 +0.3502950729 +0.3258165290
+2.2000000000 +0.4921605469 +0.0024418475 +0.0264792969 +0.0034641941 +0.4807267761 +0.0024320788 +0.4676985226 +0.0023772286 -4.8514031250 +0.0009270087 +23.5704860840 +0.0087523577 +6.9383206465 +0.4545296228 +0.3253972334
+2.3000000000 +0.4916339844 +0.0024222935 +0.0280558594 +0.0034482498 +0.4764042053 +0.0024081530 +0.4589290056 +0.0023356385 -4.8006492188 +0.0010755445 +23.0925047607 +0.0100497846 +6.5307890290 +0.5598105317 +0.3259795404
+2.4000000000 +0.4914656250 +0.0023990184 +0.0274046875 +0.0034314684 +0.4717500244 +0.0023786815 +0.4488731159 +0.0022862437 -4.7388562500 +0.0012633108 +22.5205967285 +0.0116218785 +6.1389750362 +0.7093130039 +0.3276762116
+2.5000000000 +0.4876246094 +0.0023687144 +0.0257230469 +0.0033968677 +0.4622100769 +0.0023378896 +0.4322672628 +0.0022195454 -4.6615460938 +0.0014650977 +21.8158724365 +0.0132313659 +5.7454673212 +0.8792110322 +0.3255460970
+2.6000000000 +0.4837378906 +0.0023266614 +0.0235597656 +0.0033540327 +0.4505364685 +0.0022833832 +0.4115366613 +0.0021351145 -4.5563070313 +0.0017452964 +20.8817761475 +0.0153205508 +5.3300706875 +1.1535373675 +0.3241857046
+2.7000000000 +0.4767191406 +0.0022718012 +0.0165574219 +0.0032917709 +0.4337043640 +0.0022142194 +0.3842101701 +0.0020341767 -4.4272250000 +0.0020609229 +19.7702173340 +0.0175003493 +4.8934690365 +1.4915435576 +0.3191365555
+2.8000000000 +0.4701968750 +0.0021969982 +0.0127710938 +0.0032171184 +0.4141571411 +0.0021237381 +0.3519366764 +0.0019109470 -4.2596031250 +0.0024530646 +18.3849198242 +0.0198853868 +4.4130751967 +1.9649064629 +0.3160679349
+2.9000000000 +0.4554687500 +0.0020864402 +0.0106757813 +0.0030881512 +0.3815810913 +0.0019957995 +0.3049327521 +0.0017513647 -4.0197062500 +0.0029890004 +16.5154032715 +0.0227471059 +3.8428537177 +2.7195429076 +0.3019136803
+3.0000000000 +0.4324863281 +0.0019342468 +0.0083042969 +0.0029009821 +0.3366968445 +0.0018287499 +0.2471378186 +0.0015558622 -3.7074820313 +0.0035154249 +14.2397514893 +0.0249272854 +3.1925849700 +3.5152247269 +0.2733255981
+3.1000000000 +0.3992250000 +0.0017438277 +0.0060085938 +0.0026503863 +0.2810180054 +0.0016184277 +0.1837434504 +0.0013186086 -3.3356140625 +0.0038506473 +11.7194205566 +0.0253218973 +2.5112238399 +3.9498814248 +0.2244276475
+3.2000000000 +0.3605042969 +0.0015325815 +0.0004261719 +0.0023659851 +0.2239155945 +0.0013738135 +0.1256327323 +0.0010487405 -2.9489679687 +0.0038621067 +9.2930468018 +0.0234733536 +1.8790449283 +3.7289670065 +0.1647569535
+3.3000000000 +0.3178878906 +0.0013315489 -0.0013753906 +0.0020734737 +0.1719736145 +0.0011329215 +0.0809153683 +0.0007997852 -2.6055460938 +0.0036212138 +7.3133980225 +0.0203058908 +1.3754357042 +3.0826230350 +0.0880183036
+3.4000000000 +0.2826031250 +0.0011585262 -0.0002632813 +0.0018272368 +0.1335518433 +0.0009218034 +0.0518249515 +0.0005910082 -2.3408578125 +0.0032495667 +5.9020026367 +0.0168004063 +1.0105847906 +2.3384766138 +0.0314592970
+3.5000000000 +0.2524371094 +0.0010206530 -0.0010433594 +0.0016232121 +0.1053937927 +0.0007509684 +0.0336659910 +0.0004311575 -2.1336421875 +0.0029222634 +4.8940139160 +0.0138943768 +0.7619528875 +1.7846069903 -0.0102761058
+3.6000000000 +0.2301121094 +0.0009139994 -0.0006777344 +0.0014694124 +0.0863673767 +0.0006215822 +0.0229139015 +0.0003177535 -1.9715031250 +0.0026574739 +4.1693112793 +0.0116447548 +0.5940585569 +1.3949960860 -0.0239490084
+3.7000000000 +0.2131910156 +0.0008358477 -0.0003917969 +0.0013545840 +0.0733960632 +0.0005288540 +0.0165744434 +0.0002393698 -1.8501078125 +0.0024553183 +3.6640424316 +0.0100173189 +0.4833842869 +1.1273327159 -0.0255861909
+3.8000000000 +0.1977605469 +0.0007712230 -0.0008191406 +0.0012539932 +0.0629006287 +0.0004545149 +0.0122198415 +0.0001859617 -1.7442828125 +0.0023036159 +3.2547883789 +0.0087961261 +0.4006971749 +0.9407904661 -0.0295189488
+3.9000000000 +0.1860871094 +0.0007144831 +0.0003277344 +0.0011731128 +0.0550478577 +0.0003938773 +0.0092358404 +0.0001436224 -1.6567976562 +0.0021822969 +2.9354752686 +0.0078323943 +0.3350883346 +0.8015644226 -0.0159546517
+4.0000000000 +0.1766285156 +0.0006773544 -0.0000433594 +0.0011129914 +0.0495499939 +0.0003535001 +0.0074536946 +0.0001161242 -1.5805687500 +0.0021080713 +2.6759561523 +0.0071595630 +0.2936377818 +0.7110343155 -0.0119594943
+4.1000000000 +0.1692437500 +0.0006456904 +0.0008375000 +0.0010644176 +0.0453200928 +0.0003230192 +0.0062275659 +0.0001005227 -1.5168484375 +0.0020307648 +2.4657894043 +0.0066226011 +0.2603183744 +0.6280460562 -0.0106842438
+4.2000000000 +0.1618339844 +0.0006156015 -0.0006300781 +0.0010167159 +0.0413488464 +0.0002948933 +0.0051882102 +0.0000835700 -1.4553921875 +0.0019731696 +2.2739023438 +0.0061476905 +0.2309883114 +0.5650282968 -0.0115084392
+4.3000000000 +0.1570781250 +0.0005946942 -0.0011148437 +0.0009851236 +0.0388199829 +0.0002727697 +0.0044831227 +0.0000691360 -1.4038195312 +0.0019309401 +2.1198504639 +0.0057842919 +0.2105517478 +0.5162269336 +0.0083722014
+4.4000000000 +0.1516175781 +0.0005778905 +0.0000121094 +0.0009532338 +0.0363461853 +0.0002586627 +0.0039973018 +0.0000638105 -1.3517156250 +0.0018949111 +1.9707626465 +0.0054498755 +0.1943024772 +0.4748017045 -0.0086210151
+4.5000000000 +0.1459640625 +0.0005569956 -0.0016312500 +0.0009180497 +0.0337152710 +0.0002394058 +0.0034293244 +0.0000545023 -1.3068804687 +0.0018562772 +1.8457671631 +0.0051726587 +0.1764944136 +0.4356127715 -0.0056202503
+4.6000000000 +0.1432382812 +0.0005429119 -0.0006710938 +0.0008987058 +0.0323073364 +0.0002279823 +0.0031228003 +0.0000487209 -1.2666601562 +0.0018309597 +1.7385244873 +0.0049093616 +0.1640366081 +0.4055849856 +0.0027118695
+4.7000000000 +0.1390421875 +0.0005286560 -0.0001945312 +0.0008733811 +0.0305118164 +0.0002148039 +0.0027765987 +0.0000430272 -1.2263523437 +0.0018064821 +1.6344751709 +0.0047045294 +0.1522258587 +0.3781913260 +0.0058412491
+4.8000000000 +0.1366406250 +0.0005195948 +0.0009382812 +0.0008583259 +0.0294698120 +0.0002085495 +0.0026081852 +0.0000403324 -1.1912070313 +0.0017861966 +1.5465941162 +0.0045065671 +0.1439886882 +0.3544997914 -0.0010653616
+4.9000000000 +0.1333304687 +0.0005083798 +0.0018671875 +0.0008383246 +0.0281150146 +0.0001986925 +0.0023696031 +0.0000371744 -1.1577710938 +0.0017587081 +1.4641560791 +0.0043161942 +0.1350269486 +0.3297883844 +0.0007417832
+5.0000000000 +0.1314109375 +0.0004979858 +0.0021445313 +0.0008243760 +0.0271884277 +0.0001924518 +0.0022207192 +0.0000356270 -1.1243960937 +0.0017351702 +1.3846991943 +0.0041275039 +0.1269707935 +0.3083075039 -0.0013921836
