# T, am1a, am1e, m1a, m1e, m2a, m2e, m4a, m4e, e1a, e1e, e2a, e2e, susc, susce, spec, spece, bind, binde
+2.0000000000 +0.4935313500 +0.0059029176 -0.0069317500 +0.0070904901 +0.4874960070 +0.0058995148 +0.4806574626 +0.0058290519 -4.9216498500 +0.0002387500 +24.2333902810 +0.0023113382 +12.1787184605 +0.0047774798 +0.2688116243 +0.0011955247 +0.3248507718 +0.0080747211
+2.1000000000 +0.4926682500 +0.0058080844 -0.0065701500 +0.0069708948 +0.4844335560 +0.0057985466 +0.4748609383 +0.0056912697 -4.8914729000 +0.0001676439 +23.9418186800 +0.0016230717 +11.4940101429 +0.0045545358 +0.3471942746 +0.0011377364 +0.3245537655 +0.0079865840
+2.2000000000 +0.4922068500 +0.0057853959 -0.0068497000 +0.0069684659 +0.4811139920 +0.0057517523 +0.4678933119 +0.0055855847 -4.8516065000 +0.0001446025 +23.5595665980 +0.0013901660 +10.8414409434 +0.0038004434 +0.4438173150 +0.0007854267 +0.3252454939 +0.0079943550
+2.3000000000 +0.4901718750 +0.0057257219 -0.0064888750 +0.0070805005 +0.4755959098 +0.0056768887 +0.4578205074 +0.0054625021 -4.8019020500 +0.0001989255 +23.0879682570 +0.0018772780 +10.2173740781 +0.0038995225 +0.5615229392 +0.0016632438 +0.3243659906 +0.0079937638
+2.4000000000 +0.4873865500 +0.0058636007 -0.0058845500 +0.0074419265 +0.4683403100 +0.0057881649 +0.4447497719 +0.0054954161 -4.7379126000 +0.0002848293 +22.4887847220 +0.0026349839 +9.6021184478 +0.0038545876 +0.7112518311 +0.0023905329 +0.3230901521 +0.0083120200
+2.5000000000 +0.4841528250 +0.0056642743 -0.0065327250 +0.0075548099 +0.4594489853 +0.0055828288 +0.4286265974 +0.0052361963 -4.6584385500 +0.0003350445 +21.7569182730 +0.0030581109 +8.9889674906 +0.0043655596 +0.8938788211 +0.0020869313 +0.3221765991 +0.0081761161
+2.6000000000 +0.4807416500 +0.0055627107 -0.0057392000 +0.0073839469 +0.4486353655 +0.0054236327 +0.4085519275 +0.0049704696 -4.5567117000 +0.0006169644 +20.8411066280 +0.0055770711 +8.3543613059 +0.0033223509 +1.1461731453 +0.0017976386 +0.3224142151 +0.0081191898
+2.7000000000 +0.4752560750 +0.0052258985 -0.0046955750 +0.0078530842 +0.4332310797 +0.0050624137 +0.3815767931 +0.0045354223 -4.4257734000 +0.0004380752 +19.6970112720 +0.0039235637 +7.6699867694 +0.0043929811 +1.5025948525 +0.0033748716 +0.3214310465 +0.0077895140
+2.8000000000 +0.4655273750 +0.0044547346 -0.0058440250 +0.0078982627 +0.4097926157 +0.0042444585 +0.3441724064 +0.0036530564 -4.2501530500 +0.0008254875 +18.2248140970 +0.0066554621 +6.8885154384 +0.0048953214 +2.0536522229 +0.0069904137 +0.3161352602 +0.0069204286
+2.9000000000 +0.4489082750 +0.0036448561 -0.0070876750 +0.0077117438 +0.3738145387 +0.0033943543 +0.2924820835 +0.0027466745 -4.0053461500 +0.0015950687 +16.2887804270 +0.0119736004 +5.9366568836 +0.0073360194 +2.9245803001 +0.0113697454 +0.3017650920 +0.0061666743
+3.0000000000 +0.4191239250 +0.0028381783 -0.0062521750 +0.0069760242 +0.3179352107 +0.0026127630 +0.2225106309 +0.0020094349 -3.6564769500 +0.0030016689 +13.7354848290 +0.0206012871 +4.7396597895 +0.0115201553 +4.0619004773 +0.0198465191 +0.2658431375 +0.0054716378
+3.1000000000 +0.3720510250 +0.0021846357 -0.0062695250 +0.0052423743 +0.2440907592 +0.0019534488 +0.1440250315 +0.0014070574 -3.2120055000 +0.0028016353 +10.7578372580 +0.0175612691 +3.4071312165 +0.0114096376 +4.5866746552 +0.0095054822 +0.1939352155 +0.0050518495
+3.2000000000 +0.3165012000 +0.0013600736 -0.0041199500 +0.0029193763 +0.1722321740 +0.0011182233 +0.0803928863 +0.0006852312 -2.7811670500 +0.0020087321 +8.1319944930 +0.0115859410 +2.2512708249 +0.0088201875 +3.8775779585 +0.0100180389 +0.0964729777 +0.0042651138
+3.3000000000 +0.2679215500 +0.0007190739 -0.0022272500 +0.0016466427 +0.1203560265 +0.0005595845 +0.0427227725 +0.0003022858 -2.4498091000 +0.0017482220 +6.3029015060 +0.0091646209 +1.4717848143 +0.0056507002 +2.7668164991 +0.0082507523 +0.0168889904 +0.0025588083
+3.4000000000 +0.2317848000 +0.0004527445 -0.0013304000 +0.0009516502 +0.0881911090 +0.0003186859 +0.0237921397 +0.0001398914 -2.2162635500 +0.0013752920 +5.1379944270 +0.0064599714 +1.0136725210 +0.0033561670 +1.9563269002 +0.0050243890 -0.0196527209 +0.0020061902
+3.5000000000 +0.2055141250 +0.0002619966 -0.0011456250 +0.0006867568 +0.0683664433 +0.0001620663 +0.0144706095 +0.0000655336 -2.0471837000 +0.0012839623 +4.3712878000 +0.0056373839 +0.7465628930 +0.0018162692 +1.4719201050 +0.0039234195 -0.0319662031 +0.0017560633
+3.6000000000 +0.1861514500 +0.0001763702 -0.0006795000 +0.0006162764 +0.0554832025 +0.0001120904 +0.0094894300 +0.0000466893 -1.9152596500 +0.0011672241 +3.8192298970 +0.0046510239 +0.5786258083 +0.0017113220 +1.1650983485 +0.0025560074 -0.0274726852 +0.0021332586
+3.7000000000 +0.1712084250 +0.0002925207 +0.0001232750 +0.0005064240 +0.0466665243 +0.0001340726 +0.0066759934 +0.0000337357 -1.8083207000 +0.0009408907 +3.4032213640 +0.0035943084 +0.4690092912 +0.0013268218 +0.9728908488 +0.0025332590 -0.0218473915 +0.0032302944
+3.8000000000 +0.1598356500 +0.0002581244 +0.0001903000 +0.0005526209 +0.0404640340 +0.0001294409 +0.0049725629 +0.0000325374 -1.7181654000 +0.0007971277 +3.0735209000 +0.0028050951 +0.3925245449 +0.0014218753 +0.8408739897 +0.0021152801 -0.0122505073 +0.0027493807
+3.9000000000 +0.1504698750 +0.0001897748 +0.0005452750 +0.0005152969 +0.0357739433 +0.0000928442 +0.0038735497 +0.0000222781 -1.6394827500 +0.0006490644 +2.8000480730 +0.0023903362 +0.3367282006 +0.0011024344 +0.7372792413 +0.0019916973 -0.0088565282 +0.0028828464
+4.0000000000 +0.1425428500 +0.0001774819 +0.0004944000 +0.0004613294 +0.0321164355 +0.0000737771 +0.0031270855 +0.0000133179 -1.5684461500 +0.0006932613 +2.5655370830 +0.0021310947 +0.2949414104 +0.0006635757 +0.6594309465 +0.0011486438 -0.0105441967 +0.0019258584
+4.1000000000 +0.1360996000 +0.0001756179 +0.0003143000 +0.0003360905 +0.0292386930 +0.0000706016 +0.0025826662 +0.0000142649 -1.5060094000 +0.0004279736 +2.3688202760 +0.0012312521 +0.2613483772 +0.0008157577 +0.5993702052 +0.0012989124 -0.0069293572 +0.0020764583
+4.2000000000 +0.1303534250 +0.0002010749 +0.0003849250 +0.0002515817 +0.0267897418 +0.0000798328 +0.0021709589 +0.0000128685 -1.4488485500 +0.0002722796 +2.1954873010 +0.0007831247 +0.2332695721 +0.0007086232 +0.5460569093 +0.0008878577 -0.0082436934 +0.0021936065
+4.3000000000 +0.1253930000 +0.0001320791 +0.0001830000 +0.0002564264 +0.0247938285 +0.0000486279 +0.0018551447 +0.0000064236 -1.3963416500 +0.0005136387 +2.0421767710 +0.0016195706 +0.2109360373 +0.0004480002 +0.4997519158 +0.0014188159 -0.0059264186 +0.0017047829
+4.4000000000 +0.1215456000 +0.0001278960 +0.0000259500 +0.0002614442 +0.0232352590 +0.0000480841 +0.0016196341 +0.0000062966 -1.3483748000 +0.0004714877 +1.9075008720 +0.0013686745 +0.1923127852 +0.0004521119 +0.4616944614 +0.0010307164 +0.0000171082 +0.0016845117
+4.5000000000 +0.1177424250 +0.0001406096 +0.0000894250 +0.0001779248 +0.0218138188 +0.0000525233 +0.0014256089 +0.0000080795 -1.3038156500 +0.0003412619 +1.7862003490 +0.0009186702 +0.1766742754 +0.0004555813 +0.4259947418 +0.0007138988 +0.0014387984 +0.0012871179
+4.6000000000 +0.1145401500 +0.0001106677 +0.0001788500 +0.0001104503 +0.0206070275 +0.0000376650 +0.0012673410 +0.0000058498 -1.2629130000 +0.0003762681 +1.6788029080 +0.0009759050 +0.1627708492 +0.0004138387 +0.3962771581 +0.0007514844 +0.0052395165 +0.0020321957
+4.7000000000 +0.1114999500 +0.0001120428 +0.0001683000 +0.0002310949 +0.0195548610 +0.0000401268 +0.0011462260 +0.0000049987 -1.2252826000 +0.0003600803 +1.5834082380 +0.0009471559 +0.1515424812 +0.0003609021 +0.3716138142 +0.0006285170 +0.0008754789 +0.0012401152
+4.8000000000 +0.1087799750 +0.0001332631 -0.0000434750 +0.0002532197 +0.0186030463 +0.0000320303 +0.0010349429 +0.0000035546 -1.1888100500 +0.0004114448 +1.4933209510 +0.0009506851 +0.1410372021 +0.0002083993 +0.3474389026 +0.0010658772 +0.0031596609 +0.0022857985
+4.9000000000 +0.1062976000 +0.0000776769 +0.0001951000 +0.0002102054 +0.0177654985 +0.0000219147 +0.0009473492 +0.0000028098 -1.1557892500 +0.0005163985 +1.4142016590 +0.0012029809 +0.1319644571 +0.0002551290 +0.3263232066 +0.0007764655 -0.0005258486 +0.0017541702
+5.0000000000 +0.1039663750 +0.0001485240 +0.0003471250 +0.0002178299 +0.0170282323 +0.0000425382 +0.0008730580 +0.0000044109 -1.1237682500 +0.0003424251 +1.3396666530 +0.0007575268 +0.1243800905 +0.0003325112 +0.3072416030 +0.0007150025 -0.0036180626 +0.0025463829
