# T, am1a, am1e, m1a, m1e, m2a, m2e, m4a, m4e, e1a, e1e, e2a, e2e, susc, spec, bind
+2.0000000000 +0.5022743056 +0.0024686195 -0.0015840278 +0.0035215063 +0.4960427662 +0.0024670242 +0.4895067624 +0.0024427785 -4.9221166667 +0.0008596236 +24.2567905864 +0.0081182062 +4.3877391873 +0.2660229553 +0.3368692001
+2.1000000000 +0.5017055556 +0.0024563437 -0.0005708333 +0.0035108870 +0.4930534336 +0.0024532270 +0.4838346013 +0.0024195543 -4.8900097222 +0.0010399901 +23.9554582562 +0.0097220631 +4.1373423286 +0.3531687571 +0.3365813234
+2.2000000000 +0.5011479167 +0.0024404508 +0.0023895833 +0.0034977690 +0.4893812307 +0.0024354909 +0.4767586341 +0.0023908828 -4.8498666667 +0.0012332546 +23.5820433642 +0.0114095532 +3.8983417581 +0.4525042296 +0.3364361862
+2.3000000000 +0.4993465278 +0.0024211993 +0.0041562500 +0.0034778511 +0.4838352045 +0.0024134532 +0.4670867686 +0.0023558688 -4.8013402778 +0.0014437416 +23.1362440586 +0.0131951205 +3.6702508644 +0.5673953578 +0.3349085264
+2.4000000000 +0.4966805556 +0.0023958984 +0.0071625000 +0.0034505559 +0.4763047454 +0.0023837904 +0.4541644734 +0.0023095572 -4.7384250000 +0.0016855353 +22.5663126543 +0.0151657212 +3.4441975665 +0.7102573356 +0.3326985209
+2.5000000000 +0.4943013889 +0.0023621040 +0.0072722222 +0.0034185611 +0.4675152778 +0.0023452013 +0.4385693012 +0.0022523706 -4.6558430556 +0.0019746174 +21.8328391204 +0.0173644978 +3.2138123720 +0.8983558794 +0.3311551939
+2.6000000000 +0.4908013889 +0.0023209282 +0.0031486111 +0.0033776634 +0.4563543210 +0.0022963729 +0.4191924130 +0.0021829326 -4.5546041667 +0.0023184418 +20.9594260031 +0.0198009090 +2.9834074752 +1.1450070962 +0.3290536031
+2.7000000000 +0.4868013889 +0.0022668319 +0.0001402778 +0.0033260962 +0.4425166667 +0.0022359590 +0.3958015084 +0.0021030119 -4.4230930556 +0.0027468314 +19.8655554784 +0.0226175860 +2.7405476592 +1.4903866681 +0.3262528741
+2.8000000000 +0.4797944444 +0.0021960536 +0.0019902778 +0.0032523253 +0.4231087577 +0.0021577220 +0.3652515843 +0.0020028449 -4.2560111111 +0.0032086495 +18.5254478395 +0.0252903465 +2.4802206274 +1.8909976298 +0.3199093184
+2.9000000000 +0.4669791667 +0.0021055206 -0.0007541667 +0.0031440327 +0.3953982253 +0.0020589174 +0.3259053872 +0.0018811821 -4.0449458333 +0.0036962084 +16.9080650463 +0.0277775821 +2.2013215847 +2.3392648110 +0.3051343341
+3.0000000000 +0.4518812500 +0.0019929912 -0.0008826389 +0.0030127912 +0.3630772184 +0.0019362107 +0.2817815464 +0.0017354590 -3.7811666667 +0.0041902622 +14.9995532407 +0.0298131935 +1.9065666512 +2.8093275185 +0.2874861767
+3.1000000000 +0.4297666667 +0.0018586758 -0.0006763889 +0.0028411528 +0.3228864198 +0.0017897627 +0.2323856657 +0.0015672246 -3.4752722222 +0.0046033237 +12.9251405864 +0.0308879470 +1.6047526294 +3.1752807953 +0.2570004987
+3.2000000000 +0.4034125000 +0.0017133304 -0.0026375000 +0.0026464823 +0.2801616898 +0.0016238621 +0.1839676972 +0.0013745981 -3.1559361111 +0.0047539380 +10.8639297839 +0.0300514725 +1.3209755024 +3.1781146167 +0.2187269908
+3.3000000000 +0.3754493056 +0.0015653784 -0.0018354167 +0.0024442545 +0.2389785687 +0.0014496362 +0.1411685650 +0.0011764723 -2.8487569444 +0.0047169656 +9.0054067130 +0.0280976207 +1.0692696832 +2.9421176345 +0.1760538399
+3.4000000000 +0.3462944444 +0.0014273095 -0.0012027778 +0.0022439189 +0.2014083333 +0.0012788508 +0.1059836913 +0.0009861063 -2.5745583333 +0.0045291064 +7.4488628086 +0.0253486013 +0.8628193173 +2.5552282949 +0.1291107790
+3.5000000000 +0.3205104167 +0.0013061034 -0.0006756944 +0.0020673819 +0.1709631752 +0.0011246930 +0.0798257777 +0.0008186916 -2.3371222222 +0.0042752879 +6.1932637346 +0.0224322162 +0.7018585505 +2.1486076985 +0.0896324826
+3.6000000000 +0.2975104167 +0.0011967830 +0.0003243056 +0.0019092140 +0.1458040316 +0.0009856330 +0.0601177123 +0.0006707005 -2.1446930556 +0.0039622951 +5.2276996142 +0.0194926757 +0.5729158361 +1.7444203101 +0.0573681157
+3.7000000000 +0.2777875000 +0.0011080009 -0.0006361111 +0.0017767395 +0.1262725309 +0.0008680488 +0.0460851022 +0.0005495044 -1.9858847222 +0.0036965191 +4.4903082562 +0.0170491445 +0.4777942934 +1.4372917855 +0.0365669732
+3.8000000000 +0.2620638889 +0.0010324358 -0.0000083333 +0.0016681909 +0.1113144290 +0.0007740215 +0.0363552745 +0.0004598859 -1.8557694444 +0.0034542228 +3.9211464506 +0.0149814209 +0.4039289730 +1.1898603815 +0.0219901084
+3.9000000000 +0.2471493056 +0.0009665349 -0.0000756944 +0.0015688400 +0.0984503665 +0.0006892625 +0.0286957856 +0.0003814019 -1.7425902778 +0.0032439118 +3.4575394290 +0.0132189260 +0.3449315749 +0.9962569297 +0.0131249051
+4.0000000000 +0.2342958333 +0.0009141097 -0.0001250000 +0.0014859205 +0.0883184028 +0.0006258383 +0.0234670826 +0.0003271815 -1.6476013889 +0.0030957396 +3.0979344907 +0.0119296950 +0.3008147873 +0.8625243467 -0.0028487418
+4.1000000000 +0.2248625000 +0.0008765382 -0.0004125000 +0.0014256204 +0.0812959105 +0.0005761328 +0.0198861840 +0.0002796725 -1.5714791667 +0.0029540184 +2.8185957562 +0.0107657572 +0.2698486822 +0.7475171598 -0.0029812191
+4.2000000000 +0.2154388889 +0.0008332878 -0.0009861111 +0.0013618708 +0.0741886574 +0.0005242468 +0.0164973437 +0.0002351811 -1.5028055556 +0.0028409239 +2.5812584877 +0.0098590671 +0.2380692220 +0.6588447956 +0.0008797904
+4.3000000000 +0.2078618056 +0.0008002334 -0.0010284722 +0.0013116822 +0.0688214699 +0.0004838661 +0.0141014514 +0.0002019451 -1.4409930556 +0.0027383369 +2.3764005401 +0.0090559935 +0.2144506579 +0.5839818249 +0.0075819133
+4.4000000000 +0.2012173611 +0.0007692906 +0.0004145833 +0.0012664969 +0.0641607446 +0.0004531408 +0.0123300641 +0.0001847335 -1.3852277778 +0.0026699648 +2.2040044753 +0.0085016312 +0.1936826033 +0.5302347750 +0.0015983536
+4.5000000000 +0.1943847222 +0.0007415079 +0.0006527778 +0.0012224806 +0.0597787809 +0.0004222040 +0.0107037523 +0.0001633820 -1.3314055556 +0.0026041114 +2.0438966049 +0.0079385454 +0.1759468850 +0.4822326250 +0.0015629464
+4.6000000000 +0.1893534722 +0.0007229008 +0.0015840278 +0.0011911722 +0.0567581597 +0.0004009374 +0.0096515211 +0.0001490906 -1.2863000000 +0.0025290644 +1.9104143519 +0.0074020093 +0.1635920004 +0.4352778746 +0.0013394406
+4.7000000000 +0.1851215278 +0.0007062139 +0.0005604167 +0.0011642507 +0.0542195023 +0.0003821646 +0.0087817459 +0.0001343933 -1.2461388889 +0.0024811142 +1.7990992284 +0.0070073098 +0.1528048514 +0.4012917849 +0.0042540312
+4.8000000000 +0.1802916667 +0.0006861612 +0.0012402778 +0.0011328750 +0.0513377701 +0.0003620681 +0.0078792992 +0.0001200916 -1.2049069444 +0.0024422549 +1.6903851080 +0.0066724244 +0.1412451374 +0.3727880676 +0.0034655012
+4.9000000000 +0.1766937500 +0.0006780114 +0.0007534722 +0.0011136437 +0.0496086613 +0.0003513619 +0.0073992260 +0.0001134808 -1.1691652778 +0.0024180081 +1.6008179784 +0.0064308628 +0.1350953631 +0.3506596892 -0.0021898990
+5.0000000000 +0.1747055556 +0.0006598757 -0.0012222222 +0.0010947371 +0.0479394676 +0.0003360203 +0.0068145788 +0.0001050369 -1.1392666667 +0.0023701299 +1.5226291667 +0.0060730284 +0.1254055424 +0.3235689056 +0.0116031589
