# T, am1a, am1e, m1a, m1e, m2a, m2e, m4a, m4e, e1a, e1e, e2a, e2e, susc, spec, bind
+2.0000000000 +0.4793400000 +0.0024676084 +0.0195510000 +0.0034385616 +0.4733304900 +0.0024628594 +0.4666688028 +0.0024313900 -4.9219210000 +0.0005144286 +24.2358918000 +0.0049896085 +12.1781827200 +0.2646367438 +0.3056817951
+2.1000000000 +0.4787505000 +0.0024561104 +0.0198095000 +0.0034282238 +0.4705011650 +0.0024483398 +0.4611460609 +0.0024044870 -4.8911390000 +0.0006150456 +23.9383719600 +0.0059253137 +11.4904344643 +0.3431120787 +0.3056221764
+2.2000000000 +0.4799505000 +0.0024420736 +0.0223115000 +0.0034220009 +0.4689014150 +0.0024299891 +0.4560624130 +0.0023705989 -4.8514310000 +0.0007354888 +23.5580205000 +0.0070185291 +10.8431332977 +0.4470609965 +0.3085831815
+2.3000000000 +0.4800145000 +0.0024251025 +0.0248850000 +0.0034096904 +0.4656588000 +0.0024064514 +0.4484784485 +0.0023281926 -4.8024895000 +0.0008637632 +23.0937488700 +0.0081478102 +10.2280382517 +0.5641488162 +0.3105787048
+2.4000000000 +0.4788627500 +0.0024010168 +0.0263117500 +0.0033882609 +0.4599047925 +0.0023729380 +0.4367458049 +0.0022693564 -4.7379805000 +0.0010162317 +22.4897682900 +0.0094474346 +9.6081357984 +0.7171713821 +0.3117097511
+2.5000000000 +0.4781127500 +0.0023710406 +0.0242547500 +0.0033648063 +0.4534651425 +0.0023316027 +0.4230854855 +0.0021985858 -4.6580255000 +0.0011779207 +21.7527014500 +0.0107538438 +8.9949336315 +0.8879982615 +0.3141659323
+2.6000000000 +0.4740102500 +0.0023322464 +0.0234507500 +0.0033230660 +0.4422606475 +0.0022770759 +0.4029974677 +0.0021099000 -4.5574075000 +0.0013931038 +20.8475926500 +0.0124076664 +8.3682665536 +1.1483658127 +0.3132092019
+2.7000000000 +0.4687312500 +0.0022767682 +0.0248787500 +0.0032651071 +0.4270559175 +0.0022015862 +0.3762560280 +0.0019936368 -4.4265670000 +0.0016488562 +19.7032444800 +0.0142077431 +7.6795160286 +1.4917568519 +0.3123099770
+2.8000000000 +0.4592047500 +0.0021977452 +0.0202277500 +0.0031767247 +0.4040723575 +0.0020992331 +0.3395456547 +0.0018480628 -4.2544465000 +0.0019869239 +18.2582296900 +0.0163212918 +6.9001198242 +2.0142177122 +0.3067998638
+2.9000000000 +0.4430525000 +0.0020787937 +0.0190905000 +0.0030363893 +0.3691508400 +0.0019570243 +0.2894701148 +0.0016652742 -4.0129640000 +0.0024621622 +16.3463697800 +0.0189220024 +5.9605283532 +2.8833497587 +0.2919323439
+3.0000000000 +0.4126875000 +0.0018885678 +0.0157345000 +0.0027961175 +0.3129785050 +0.0017459456 +0.2198885882 +0.0014208020 -3.6652935000 +0.0030320773 +13.8021161500 +0.0214408940 +4.7555844115 +4.0859967651 +0.2517402015
+3.1000000000 +0.3675700000 +0.0016238322 +0.0087345000 +0.0024520637 +0.2405809500 +0.0014508297 +0.1420754669 +0.0010999655 -3.2172380000 +0.0033182564 +10.7910533800 +0.0213391863 +3.4023627452 +4.5830700453 +0.1817700610
+3.2000000000 +0.3153485000 +0.0013374853 +0.0036360000 +0.0020675235 +0.1709993550 +0.0011213031 +0.0795336015 +0.0007650281 -2.7807350000 +0.0031498390 +8.1293465600 +0.0183857596 +2.2360837046 +3.8755802712 +0.0933483636
+3.3000000000 +0.2682842500 +0.0011007903 +0.0024872500 +0.0017352221 +0.1204460125 +0.0008398757 +0.0427228909 +0.0004966291 -2.4527110000 +0.0027381126 +6.3156816800 +0.0144602704 +1.4687749607 +2.7538147886 +0.0183548529
+3.4000000000 +0.2322935000 +0.0009301066 +0.0007155000 +0.0014879826 +0.0885642000 +0.0006365151 +0.0240496755 +0.0003233834 -2.2209470000 +0.0023889938 +5.1608972400 +0.0114684469 +1.0177626429 +1.9748413771 -0.0220486258
+3.5000000000 +0.2054440000 +0.0008098250 +0.0006900000 +0.0013080465 +0.0684399000 +0.0004983310 +0.0146173716 +0.0002137873 -2.0517925000 +0.0021285579 +4.3910828100 +0.0093580585 +0.7495046533 +1.4794314036 -0.0402298253
+3.6000000000 +0.1865487500 +0.0007246042 +0.0005822500 +0.0011811239 +0.0558024875 +0.0004049313 +0.0096726905 +0.0001514704 -1.9172080000 +0.0019536095 +3.8283501200 +0.0079529499 +0.5833903159 +1.1779599131 -0.0354256514
+3.7000000000 +0.1719222500 +0.0006586650 +0.0007862500 +0.0010829384 +0.0469108425 +0.0003348408 +0.0066853619 +0.0001055640 -1.8102505000 +0.0018237601 +3.4100509100 +0.0069501181 +0.4690157420 +0.9718337272 -0.0126449443
+3.8000000000 +0.1609420000 +0.0006116311 +0.0014655000 +0.0010107408 +0.0408660300 +0.0002885621 +0.0050007553 +0.0000773652 -1.7206295000 +0.0017337719 +3.0808044700 +0.0062262645 +0.3937816483 +0.8326772419 +0.0018646201
+3.9000000000 +0.1508502500 +0.0005733251 +0.0013087500 +0.0009473931 +0.0359038625 +0.0002545724 +0.0038813708 +0.0000614801 -1.6398545000 +0.0016708099 +2.8007870100 +0.0057255107 +0.3371298609 +0.7341500909 -0.0036482664
+4.0000000000 +0.1434485000 +0.0005439032 +0.0002950000 +0.0009001474 +0.0324107000 +0.0002305452 +0.0031764976 +0.0000509569 -1.5695600000 +0.0016236389 +2.5689667200 +0.0052988762 +0.2958306962 +0.6590507900 -0.0079766114
+4.1000000000 +0.1366772500 +0.0005203281 +0.0009732500 +0.0008589147 +0.0295103225 +0.0002096407 +0.0026288287 +0.0000421491 -1.5054130000 +0.0015829201 +2.3664937400 +0.0049467607 +0.2641378496 +0.5962251007 -0.0062204060
+4.2000000000 +0.1308245000 +0.0004970151 +0.0005045000 +0.0008215193 +0.0269960100 +0.0001914377 +0.0021947196 +0.0000352167 -1.4492745000 +0.0015509740 +2.1966173900 +0.0046637419 +0.2352609571 +0.5454694651 -0.0038264396
+4.3000000000 +0.1257732500 +0.0004788861 +0.0000587500 +0.0007904458 +0.0249921875 +0.0001774817 +0.0018845999 +0.0000301941 -1.3964690000 +0.0015252432 +2.0431803400 +0.0044245890 +0.2133320252 +0.5032702652 -0.0057484624
+4.4000000000 +0.1219715000 +0.0004614685 -0.0003440000 +0.0007647721 +0.0233951750 +0.0001650304 +0.0016367358 +0.0000261973 -1.3481730000 +0.0014991603 +1.9074697000 +0.0041850798 +0.1935938224 +0.4643556925 +0.0032075651
+4.5000000000 +0.1183682500 +0.0004479640 +0.0001192500 +0.0007422583 +0.0220379125 +0.0001555325 +0.0014532839 +0.0000228443 -1.3040920000 +0.0014752428 +1.7877096000 +0.0039917544 +0.1783748865 +0.4298945952 +0.0025565185
+4.6000000000 +0.1147332500 +0.0004351617 +0.0005332500 +0.0007200358 +0.0207383475 +0.0001461032 +0.0012839250 +0.0000203607 -1.2644375000 +0.0014467795 +1.6825290300 +0.0037902875 +0.1646658444 +0.3956844924 +0.0048922698
+4.7000000000 +0.1118085000 +0.0004232140 -0.0001635000 +0.0007011690 +0.0196655450 +0.0001387952 +0.0011572982 +0.0000188862 -1.2267645000 +0.0014424218 +1.5881743700 +0.0036607221 +0.1524341346 +0.3767461817 +0.0025019311
+4.8000000000 +0.1084810000 +0.0004112315 -0.0008280000 +0.0006806595 +0.0185325800 +0.0001305155 +0.0010248289 +0.0000166942 -1.1888770000 +0.0014060091 +1.4925029800 +0.0034536713 +0.1409260966 +0.3432051166 +0.0053774020
+4.9000000000 +0.1059885000 +0.0004010490 +0.0003685000 +0.0006645871 +0.0176671750 +0.0001251026 +0.0009381555 +0.0000149698 -1.1552245000 +0.0013971011 +1.4126193100 +0.0033468891 +0.1312982218 +0.3251797776 -0.0018884346
+5.0000000000 +0.1038635000 +0.0003937800 +0.0010400000 +0.0006517103 +0.0169901350 +0.0001197696 +0.0008624553 +0.0000141041 -1.1233900000 +0.0013907080 +1.3393678400 +0.0032517249 +0.1240501674 +0.3094509916 +0.0040863830
