# T, am1a, am1e, m1a, m1e, m2a, m2e, m4a, m4e, e1a, e1e, e2a, e2e, susc, spec, bind
+2.0000000000 +0.4947328125 +0.0024701128 -0.0079984375 +0.0034955503 +0.4888188477 +0.0024710157 +0.4831806080 +0.0024571275 -4.9237187500 +0.0012747541 +24.3080062500 +0.0113980660 +1.9524663351 +0.2599996836 +0.3259496237
+2.1000000000 +0.4944109375 +0.0024571708 -0.0079390625 +0.0034852786 +0.4859497070 +0.0024574082 +0.4777013126 +0.0024379170 -4.8914812500 +0.0015383021 +24.0212437500 +0.0136317361 +1.8400573860 +0.3434192504 +0.3257009766
+2.2000000000 +0.4949828125 +0.0024420027 -0.0074453125 +0.0034766638 +0.4835430664 +0.0024425180 +0.4724496708 +0.0024173749 -4.8511812500 +0.0018297766 +23.6678828125 +0.0159948977 +1.7348005944 +0.4427216269 +0.3264590960
+2.3000000000 +0.4950640625 +0.0024205347 -0.0065671875 +0.0034619533 +0.4794479492 +0.0024211524 +0.4643494900 +0.0023903905 -4.7961000000 +0.0022018624 +23.1965031250 +0.0188476171 +1.6303271182 +0.5865494594 +0.3266501193
+2.4000000000 +0.4937015625 +0.0023938993 -0.0069578125 +0.0034384698 +0.4729713867 +0.0023935242 +0.4528602596 +0.0023548672 -4.7292062500 +0.0025707472 +22.6297414063 +0.0216077875 +1.5282010260 +0.7343045867 +0.3252028801
+2.5000000000 +0.4920078125 +0.0023645364 -0.0060671875 +0.0034120235 +0.4657129883 +0.0023649833 +0.4406144184 +0.0023196864 -4.6522156250 +0.0029789051 +21.9980652344 +0.0244130356 +1.4313043246 +0.9086848330 +0.3228252601
+2.6000000000 +0.4896281250 +0.0023262799 -0.0033843750 +0.0033770822 +0.4561988281 +0.0023281893 +0.4249359909 +0.0022768126 -4.5520906250 +0.0034359551 +21.1937605469 +0.0274622863 +1.3320807836 +1.1177076655 +0.3193968876
+2.7000000000 +0.4865265625 +0.0022769137 -0.0071546875 +0.0033317801 +0.4440815430 +0.0022803069 +0.4052004025 +0.0022215429 -4.4247500000 +0.0039255820 +20.1948203125 +0.0305374946 +1.2288796856 +1.3528839506 +0.3151063073
+2.8000000000 +0.4799390625 +0.0022203405 -0.0067515625 +0.0032691452 +0.4275379883 +0.0022242902 +0.3806874043 +0.0021546853 -4.2672875000 +0.0044528925 +19.0028726562 +0.0334578756 +1.1268370547 +1.6186327522 +0.3057788605
+2.9000000000 +0.4739984375 +0.0021578492 -0.0078234375 +0.0032049409 +0.4109270508 +0.0021623945 +0.3558990452 +0.0020848036 -4.1031218750 +0.0049199110 +17.8038300781 +0.0358298860 +1.0276001767 +1.8420374925 +0.2974518319
+3.0000000000 +0.4644890625 +0.0020901544 -0.0062390625 +0.0031243438 +0.3904999023 +0.0020927947 +0.3276817638 +0.0020040911 -3.9193625000 +0.0053529853 +16.5075804687 +0.0377408537 +0.9319990035 +2.0376498886 +0.2837095536
+3.1000000000 +0.4525562500 +0.0020074852 -0.0059250000 +0.0030247807 +0.3660070313 +0.0020038171 +0.2945724655 +0.0018994498 -3.6966562500 +0.0057476552 +14.9866890625 +0.0390825664 +0.8319993385 +2.2000776389 +0.2670201466
+3.2000000000 +0.4404921875 +0.0019256615 -0.0072453125 +0.0029253537 +0.3423602539 +0.0019172694 +0.2642474277 +0.0017974820 -3.4820625000 +0.0059958452 +13.5627656250 +0.0394076151 +0.7416344333 +2.2468849548 +0.2485106432
+3.3000000000 +0.4270890625 +0.0018404055 -0.0062921875 +0.0028189057 +0.3178887695 +0.0018229707 +0.2339821613 +0.0016879514 -3.2543625000 +0.0062120781 +12.1344718750 +0.0393811568 +0.6568906775 +2.2679105140 +0.2281887173
+3.4000000000 +0.4116718750 +0.0017547237 -0.0054625000 +0.0027046539 +0.2926359375 +0.0017221279 +0.2042647659 +0.0015678236 -3.0297468750 +0.0063124364 +10.7732402344 +0.0386503502 +0.5795868463 +2.2060541284 +0.2049089080
+3.5000000000 +0.3972640625 +0.0016686455 -0.0064921875 +0.0025939916 +0.2691938477 +0.0016210350 +0.1775755100 +0.0014470382 -2.8133093750 +0.0063115905 +9.5081566406 +0.0371710944 +0.5091433705 +2.0812368995 +0.1831702330
+3.6000000000 +0.3824140625 +0.0015961028 -0.0049921875 +0.0024905690 +0.2481422852 +0.0015332747 +0.1556118488 +0.0013447585 -2.6170843750 +0.0062652958 +8.4192878906 +0.0355446383 +0.4528967554 +1.9384657590 +0.1575971001
+3.7000000000 +0.3670328125 +0.0015204474 -0.0045828125 +0.0023830783 +0.2271834961 +0.0014348526 +0.1339644253 +0.0012262931 -2.4306593750 +0.0061366297 +7.4144339844 +0.0336097259 +0.3998720460 +1.7605013728 +0.1348036603
+3.8000000000 +0.3552140625 +0.0014532193 -0.0058671875 +0.0022946484 +0.2106508789 +0.0013506093 +0.1173396122 +0.0011267844 -2.2655406250 +0.0059592011 +6.5531574219 +0.0314144950 +0.3556793630 +1.5739424912 +0.1185517033
+3.9000000000 +0.3429593750 +0.0013925387 -0.0052125000 +0.0022088488 +0.1951876953 +0.0012694732 +0.1025607246 +0.0010324160 -2.1170750000 +0.0057600178 +5.8091187500 +0.0292205320 +0.3182217945 +1.3960417561 +0.1026642847
+4.0000000000 +0.3307031250 +0.0013323801 -0.0073375000 +0.0021232062 +0.1803740234 +0.0011916404 +0.0893350624 +0.0009464414 -1.9817031250 +0.0055821335 +5.1735558594 +0.0272521995 +0.2840378662 +1.2464085837 +0.0847226718
+4.1000000000 +0.3191421875 +0.0012723598 -0.0035828125 +0.0020408018 +0.1666077148 +0.0011086976 +0.0769265484 +0.0008458163 -1.8666093750 +0.0053175626 +4.6152894531 +0.0248697695 +0.2527062595 +1.0765581385 +0.0762280385
+4.2000000000 +0.3109531250 +0.0012330110 -0.0029656250 +0.0019842864 +0.1575044922 +0.0010554707 +0.0693684029 +0.0007833669 -1.7700531250 +0.0051708577 +4.2025988281 +0.0233833448 +0.2316672238 +0.9700777894 +0.0679170773
+4.3000000000 +0.3009671875 +0.0011936447 -0.0031515625 +0.0019206953 +0.1475727539 +0.0010020508 +0.0619419468 +0.0007290892 -1.6866375000 +0.0050432544 +3.8621226562 +0.0222160530 +0.2120614175 +0.8803691508 +0.0519063620
+4.4000000000 +0.2933031250 +0.0011561216 -0.0006875000 +0.0018674243 +0.1394914063 +0.0009499387 +0.0555531952 +0.0006691864 -1.5962000000 +0.0048666120 +3.4952109375 +0.0204710538 +0.1944170295 +0.7829392541 +0.0483157477
+4.5000000000 +0.2851218750 +0.0011181350 +0.0001156250 +0.0018117913 +0.1313035156 +0.0008980365 +0.0494993942 +0.0006098381 -1.5282656250 +0.0047112603 +3.2234347656 +0.0191161598 +0.1778098916 +0.7015023764 +0.0429691874
+4.6000000000 +0.2790281250 +0.0010876184 -0.0006437500 +0.0017689886 +0.1251732422 +0.0008582507 +0.0451321083 +0.0005685691 -1.4568250000 +0.0045827610 +2.9624070313 +0.0179485995 +0.1645792962 +0.6352120610 +0.0398449635
+4.7000000000 +0.2737781250 +0.0010675595 -0.0019468750 +0.0017359292 +0.1205417969 +0.0008302390 +0.0421021973 +0.0005414425 -1.4006468750 +0.0044602707 +2.7575722656 +0.0169967004 +0.1551909282 +0.5763770736 +0.0341533342
+4.8000000000 +0.2664359375 +0.0010297939 -0.0025671875 +0.0016837498 +0.1134071289 +0.0007803827 +0.0372210621 +0.0004910751 -1.3397406250 +0.0043157193 +2.5399222656 +0.0157909922 +0.1413967337 +0.5173731412 +0.0353121798
+4.9000000000 +0.2612796875 +0.0010098733 -0.0031578125 +0.0016511425 +0.1090608398 +0.0007556160 +0.0347324902 +0.0004704070 -1.2880031250 +0.0042245490 +2.3728246094 +0.0150736529 +0.1332041298 +0.4757168242 +0.0266321644
+5.0000000000 +0.2556296875 +0.0009892025 -0.0032015625 +0.0016161463 +0.1044874023 +0.0007260434 +0.0320031765 +0.0004344391 -1.2412500000 +0.0041236196 +2.2208710938 +0.0141464859 +0.1252507687 +0.4353085000 +0.0228888542
