# T, am1a, am1e, m1a, m1e, m2a, m2e, m4a, m4e, e1a, e1e, e2a, e2e, susc, spec, bind
+2.0000000000 +0.4899718750 +0.0024698436 -0.0025625000 +0.0034787605 +0.4840775391 +0.0024701134 +0.4783894798 +0.0024557928 -4.9237656250 +0.0012742687 +24.3084183594 +0.0114110188 +1.9520408062 +0.2598017178 +0.3194962830
+2.1000000000 +0.4894671875 +0.0024580141 -0.0040171875 +0.0034685564 +0.4812514648 +0.0024586707 +0.4734054333 +0.0024404887 -4.8933781250 +0.0015576059 +24.0421949219 +0.0136955074 +1.8413206644 +0.3520923271 +0.3186537744
+2.2000000000 +0.4882937500 +0.0024405734 -0.0041343750 +0.0034520632 +0.4766867188 +0.0024394132 +0.4652597061 +0.0024138411 -4.8494968750 +0.0018641246 +23.6566183594 +0.0162294261 +1.7327704179 +0.4594989049 +0.3174914703
+2.3000000000 +0.4881187500 +0.0024198926 -0.0056562500 +0.0034367977 +0.4724951172 +0.0024194526 +0.4574016716 +0.0023872338 -4.7960875000 +0.0021943162 +23.1950562500 +0.0188056173 +1.6294622823 +0.5825359315 +0.3170611120
+2.4000000000 +0.4870578125 +0.0023955504 -0.0053859375 +0.0034159288 +0.4667717773 +0.0023951264 +0.4473411022 +0.0023561819 -4.7346062500 +0.0025466916 +22.6759218750 +0.0214266199 +1.5303097642 +0.7206264791 +0.3156025695
+2.5000000000 +0.4864375000 +0.0023660194 -0.0062500000 +0.0033930233 +0.4605433594 +0.0023669350 +0.4361954453 +0.0023214066 -4.6548406250 +0.0029596265 +22.0179167969 +0.0243124285 +1.4331002750 +0.8969614150 +0.3144820635
+2.6000000000 +0.4846390625 +0.0023281065 -0.0072609375 +0.0033601544 +0.4516782227 +0.0023293597 +0.4210498768 +0.0022767055 -4.5579937500 +0.0033960398 +21.2366304688 +0.0271909404 +1.3341735493 +1.0918898076 +0.3120545761
+2.7000000000 +0.4797953125 +0.0022805953 -0.0081859375 +0.0033097626 +0.4382481445 +0.0022820982 +0.4003803211 +0.0022204431 -4.4333656250 +0.0038966936 +20.2620996094 +0.0302784364 +1.2328569045 +1.3330454748 +0.3051176244
+2.8000000000 +0.4746937500 +0.0022279049 -0.0083406250 +0.0032550230 +0.4238765625 +0.0022292834 +0.3784595215 +0.0021591678 -4.2899593750 +0.0044024267 +19.1790058594 +0.0331683952 +1.1345280355 +1.5821518780 +0.2978670184
+2.9000000000 +0.4680093750 +0.0021641705 -0.0057593750 +0.0031872596 +0.4063781250 +0.0021648911 +0.3526133194 +0.0020846016 -4.1193031250 +0.0048949910 +17.9270957031 +0.0356979661 +1.0336295168 +1.8234244328 +0.2882674732
+3.0000000000 +0.4601281250 +0.0020925223 -0.0032500000 +0.0031098766 +0.3868638672 +0.0020915642 +0.3246492821 +0.0019995666 -3.9261468750 +0.0053395470 +16.5550597656 +0.0376416953 +0.9341118708 +2.0274319672 +0.2769358084
+3.1000000000 +0.4509265625 +0.0020121864 -0.0039796875 +0.0030218980 +0.3652905273 +0.0020091143 +0.2948987804 +0.0019061887 -3.7115062500 +0.0057343918 +15.0906085937 +0.0390819960 +0.8359007101 +2.1899354006 +0.2633267481
+3.2000000000 +0.4389843750 +0.0019284209 -0.0038593750 +0.0029216634 +0.3414595703 +0.0019208659 +0.2641836632 +0.0018024904 -3.4853406250 +0.0060270621 +13.6006183594 +0.0395963556 +0.7437614441 +2.2703423236 +0.2447232356
+3.3000000000 +0.4255687500 +0.0018457420 -0.0048093750 +0.0028167187 +0.3173792969 +0.0018269786 +0.2342436554 +0.0016896478 -3.2605437500 +0.0062101506 +12.1737843750 +0.0394120318 +0.6607056286 +2.2665033305 +0.2248434974
+3.4000000000 +0.4099640625 +0.0017552285 -0.0036484375 +0.0026985658 +0.2913036133 +0.0017243345 +0.2037909718 +0.0015710834 -3.0284156250 +0.0063165117 +10.7672339844 +0.0386298930 +0.5799203800 +2.2089035109 +0.1994804504
+3.5000000000 +0.3935078125 +0.0016658195 -0.0025859375 +0.0025779832 +0.2658465820 +0.0016147248 +0.1749678577 +0.0014391518 -2.8105187500 +0.0063138844 +9.4936210938 +0.0371641845 +0.5074202676 +2.0827499751 +0.1747702849
+3.6000000000 +0.3818687500 +0.0015901467 -0.0032343750 +0.0024847331 +0.2469664062 +0.0015242701 +0.1539283798 +0.0013331395 -2.6173562500 +0.0062254835 +8.4008195313 +0.0353094866 +0.4495229512 +1.9139083850 +0.1587565820
+3.7000000000 +0.3667046875 +0.0015085793 -0.0035140625 +0.0023743022 +0.2255047852 +0.0014194433 +0.1314451847 +0.0012076124 -2.4193750000 +0.0060747468 +7.3294773437 +0.0331873855 +0.3936538695 +1.7251739408 +0.1383876756
+3.8000000000 +0.3555140625 +0.0014534886 -0.0036359375 +0.0022960955 +0.2108954102 +0.0013502171 +0.1174003193 +0.0011253606 -2.2743906250 +0.0059666669 +6.5968972656 +0.0314694553 +0.3558112064 +1.5778886987 +0.1201396092
+3.9000000000 +0.3437593750 +0.0013884358 -0.0015531250 +0.0022095149 +0.1952806641 +0.0012619698 +0.1018372536 +0.0010205139 -2.1269031250 +0.0057627845 +5.8521042969 +0.0293055765 +0.3163493586 +1.3973831887 +0.1098423323
+4.0000000000 +0.3317828125 +0.0013341239 -0.0015796875 +0.0021288072 +0.1812752930 +0.0011912676 +0.0896254726 +0.0009397225 -1.9944312500 +0.0055639891 +5.2160750000 +0.0271759480 +0.2847818332 +1.2383189890 +0.0908553805
+4.1000000000 +0.3210890625 +0.0012771328 -0.0008328125 +0.0020514643 +0.1683409180 +0.0011146861 +0.0780396648 +0.0008501064 -1.8747000000 +0.0053681568 +4.6671843750 +0.0251823249 +0.2546057831 +1.0971414967 +0.0820590200
+4.2000000000 +0.3122484375 +0.0012311770 +0.0007296875 +0.0019882808 +0.1581309570 +0.0010554214 +0.0695619755 +0.0007863051 -1.7699718750 +0.0051935713 +4.2117277344 +0.0235305108 +0.2309785536 +0.9786188627 +0.0727072730
+4.3000000000 +0.3041593750 +0.0011926468 +0.0012218750 +0.0019326645 +0.1494091797 +0.0010040359 +0.0626466286 +0.0007307301 -1.6846093750 +0.0050309808 +3.8503394531 +0.0220509447 +0.2117069927 +0.8760893082 +0.0645471847
+4.4000000000 +0.2934515625 +0.0011562790 +0.0017953125 +0.0018680862 +0.1395930664 +0.0009513904 +0.0556919697 +0.0006714516 -1.6038812500 +0.0048750663 +3.5230859375 +0.0206685154 +0.1944699886 +0.7856618788 +0.0473275010
+4.5000000000 +0.2860625000 +0.0011223981 +0.0009125000 +0.0018181173 +0.1322228516 +0.0009049264 +0.0502385521 +0.0006203132 -1.5327062500 +0.0047149753 +3.2384281250 +0.0192441879 +0.1791683472 +0.7026091269 +0.0421382713
+4.6000000000 +0.2789859375 +0.0010950946 +0.0021140625 +0.0017734005 +0.1258024414 +0.0008685476 +0.0460012501 +0.0005842826 -1.4624781250 +0.0046107835 +2.9892152344 +0.0182281221 +0.1668496977 +0.6430041348 +0.0311194443
+4.7000000000 +0.2748875000 +0.0010659199 -0.0007375000 +0.0017393246 +0.1210105469 +0.0008296196 +0.0421742996 +0.0005423400 -1.4041750000 +0.0044626761 +2.7683265625 +0.0170001532 +0.1547145846 +0.5769989185 +0.0399802290
+4.8000000000 +0.2687718750 +0.0010430920 -0.0006031250 +0.0017011731 +0.1157599609 +0.0007967087 +0.0387901558 +0.0005062008 -1.3530875000 +0.0043558900 +2.5897968750 +0.0160420805 +0.1450721338 +0.5270493697 +0.0350972903
+4.9000000000 +0.2616031250 +0.0010136126 -0.0024781250 +0.0016547392 +0.1095326172 +0.0007564285 +0.0348847588 +0.0004606364 -1.2957437500 +0.0042369460 +2.3970203125 +0.0149667922 +0.1341923989 +0.4785129175 +0.0307684570
+5.0000000000 +0.2559890625 +0.0009917257 -0.0030859375 +0.0016191176 +0.1048711914 +0.0007261928 +0.0320922047 +0.0004320706 -1.2464375000 +0.0041296180 +2.2357562500 +0.0141367404 +0.1258905321 +0.4365758775 +0.0273291634
