# T, am1a, am1e, m1a, m1e, m2a, m2e, m4a, m4e, e1a, e1e, e2a, e2e, susc, spec, bind
+2.0000000000 +0.5263586806 +0.0024668964 -0.0556784722 +0.0035964444 +0.5204765770 +0.0024611351 +0.5131832996 +0.0024290851 -4.9224555556 +0.0004297112 +24.2379547647 +0.0041870294 +17.5264643787 +0.2658984570 +0.3685355866
+2.1000000000 +0.5232510417 +0.0024565708 -0.0534145833 +0.0035788550 +0.5151812524 +0.0024467932 +0.5048836050 +0.0024015867 -4.8914503472 +0.0005186071 +23.9370446325 +0.0050177406 +16.5524297010 +0.3512859818 +0.3659114480
+2.2000000000 +0.5205812500 +0.0024431763 -0.0520611111 +0.0035604034 +0.5097692491 +0.0024283102 +0.4957323083 +0.0023669295 -4.8520100694 +0.0006090040 +23.5568371480 +0.0058430009 +15.6282160111 +0.4413848124 +0.3641148228
+2.3000000000 +0.5174940972 +0.0024263914 -0.0510215278 +0.0035379795 +0.5032951509 +0.0024043060 +0.4845335011 +0.0023226151 -4.8033215278 +0.0007117460 +23.0921609954 +0.0067587559 +14.7440354266 +0.5515906706 +0.3623871471
+2.4000000000 +0.5151559028 +0.0024040352 -0.0469156250 +0.0035155367 +0.4965610122 +0.0023715556 +0.4715438830 +0.0022639848 -4.7399270833 +0.0008389816 +22.4950643615 +0.0078491753 +13.8705244849 +0.7038901547 +0.3625360561
+2.5000000000 +0.5101086806 +0.0023755935 -0.0466402778 +0.0034776908 +0.4859486449 +0.0023299335 +0.4532896863 +0.0021909829 -4.6605312500 +0.0009843294 +21.7593077064 +0.0090426346 +13.0024960641 +0.8929422532 +0.3601563972
+2.6000000000 +0.5061720486 +0.0023362649 -0.0444626736 +0.0034371447 +0.4745354830 +0.0022717600 +0.4316196617 +0.0020935253 -4.5583197917 +0.0011578251 +20.8319016831 +0.0103821847 +12.0918649947 +1.1422514549 +0.3610857399
+2.7000000000 +0.4998581597 +0.0022823176 -0.0379157986 +0.0033792733 +0.4582171236 +0.0021957024 +0.4028072897 +0.0019730823 -4.4283756944 +0.0013819932 +19.6869074942 +0.0119936667 +11.1124770006 +1.5090608014 +0.3605104717
+2.8000000000 +0.4890607639 +0.0022004223 -0.0324013889 +0.0032855932 +0.4328547622 +0.0020858623 +0.3613961135 +0.0018133102 -4.2477315972 +0.0016824660 +18.1564513937 +0.0139250940 +9.9603941901 +2.0796919287 +0.3570490785
+2.9000000000 +0.4659503472 +0.0020686018 -0.0239246528 +0.0031132856 +0.3882742694 +0.0019260730 +0.2991471918 +0.0016074227 -3.9946548611 +0.0021378946 +16.1400911844 +0.0164983211 +8.4992049092 +3.1303943403 +0.3385660946
+3.0000000000 +0.4221868056 +0.0018468913 -0.0118815972 +0.0028041969 +0.3146819927 +0.0016769356 +0.2115092744 +0.0013205868 -3.6169378472 +0.0026772388 +13.3689436873 +0.0188254850 +6.5491341065 +4.5872687462 +0.2880256014
+3.1000000000 +0.3584567708 +0.0015217409 -0.0056022569 +0.0023509981 +0.2211190767 +0.0013196892 +0.1185568246 +0.0009438832 -3.1179847222 +0.0029296773 +10.0651491030 +0.0184988790 +4.3027116466 +5.1444468262 +0.1917366634
+3.2000000000 +0.2870328125 +0.0011772593 +0.0014842014 +0.0018562274 +0.1378254135 +0.0009213269 +0.0529495735 +0.0005591802 -2.6640267361 +0.0025611961 +7.3594274643 +0.0144172135 +2.4946910136 +3.6898455037 +0.0708569064
+3.3000000000 +0.2334501736 +0.0009239768 +0.0023970486 +0.0014886451 +0.0886483109 +0.0006242101 +0.0234440526 +0.0003041123 -2.3611572917 +0.0021047129 +5.7522564188 +0.0105562379 +1.4901524662 +2.3430434750 +0.0055785051
+3.4000000000 +0.1986256944 +0.0007714916 +0.0024229167 +0.0012575200 +0.0632601370 +0.0004507337 +0.0121282809 +0.0001756054 -2.1608902778 +0.0018289889 +4.8032548032 +0.0083111294 +1.0083375727 +1.6668125894 -0.0102241261
+3.5000000000 +0.1751531250 +0.0006716845 +0.0029381944 +0.0011035895 +0.0487250217 +0.0003464096 +0.0071741115 +0.0001085428 -2.0157861111 +0.0016639691 +4.1741453704 +0.0069815075 +0.7424806425 +1.3018978241 -0.0072627790
+3.6000000000 +0.1573661458 +0.0006034242 +0.0015970486 +0.0009915440 +0.0393289340 +0.0002814030 +0.0047142705 +0.0000747381 -1.8946680556 +0.0015570392 +3.6867418885 +0.0060954695 +0.5825932050 +1.0774983084 -0.0159419415
+3.7000000000 +0.1439949653 +0.0005499746 +0.0015956597 +0.0009059648 +0.0328334334 +0.0002344351 +0.0032764270 +0.0000517586 -1.7955416667 +0.0014902185 +3.3127999228 +0.0055126697 +0.4708754611 +0.9343700978 -0.0130867769
+3.8000000000 +0.1348137153 +0.0005127735 +0.0002956597 +0.0008469374 +0.0286922056 +0.0002032637 +0.0024758877 +0.0000396574 -1.7128600694 +0.0014259527 +3.0152232591 +0.0050110192 +0.3985566729 +0.8110834062 -0.0024940788
+3.9000000000 +0.1268243056 +0.0004814735 +0.0001003472 +0.0007961950 +0.0253570722 +0.0001795831 +0.0019329848 +0.0000315714 -1.6342739583 +0.0013821797 +2.7472682051 +0.0046367723 +0.3423754251 +0.7234729862 -0.0020951468
+4.0000000000 +0.1194590278 +0.0004560574 -0.0003315972 +0.0007514966 +0.0225899932 +0.0001622127 +0.0015628259 +0.0000268083 -1.5647354167 +0.0013523664 +2.5215527199 +0.0043461582 +0.2995032215 +0.6584021616 -0.0208387258
+4.1000000000 +0.1142039931 +0.0004342895 +0.0005064236 +0.0007174014 +0.0205868453 +0.0001465779 +0.0012832211 +0.0000207353 -1.5036475694 +0.0013145050 +2.3300729504 +0.0040584797 +0.2649703017 +0.5920784637 -0.0092543577
+4.2000000000 +0.1094786458 +0.0004165632 +0.0007529514 +0.0006878590 +0.0189265685 +0.0001356713 +0.0010944829 +0.0000186372 -1.4485555556 +0.0012947801 +2.1653714217 +0.0038449020 +0.2379769589 +0.5474140747 -0.0184599459
+4.3000000000 +0.1050699653 +0.0003985089 +0.0009404514 +0.0006593782 +0.0173920706 +0.0001239321 +0.0009168505 +0.0000154329 -1.3954972222 +0.0012639394 +2.0113142072 +0.0036099865 +0.2127306290 +0.4976661023 -0.0103566760
+4.4000000000 +0.1011710069 +0.0003836915 +0.0008026042 +0.0006348955 +0.0161243381 +0.0001144355 +0.0007838140 +0.0000126233 -1.3484253472 +0.0012512923 +1.8808802132 +0.0034568558 +0.1927232333 +0.4658377398 -0.0049118405
+4.5000000000 +0.0979696181 +0.0003730221 +0.0008605903 +0.0006156932 +0.0151638660 +0.0001078519 +0.0006952242 +0.0000113059 -1.3052715278 +0.0012282726 +1.7640798997 +0.0032884473 +0.1781062374 +0.4291280957 -0.0078218318
+4.6000000000 +0.0948258681 +0.0003599222 +0.0004727431 +0.0005952621 +0.0141737039 +0.0001014438 +0.0006125275 +0.0000102684 -1.2641840278 +0.0012145639 +1.6571678723 +0.0031464096 +0.1622115765 +0.4015573126 -0.0163366957
+4.7000000000 +0.0926501736 +0.0003510750 -0.0007137153 +0.0005812420 +0.0135142011 +0.0000956136 +0.0005483119 +0.0000087283 -1.2221833333 +0.0011958035 +1.5509299383 +0.0029942597 +0.1510512963 +0.3728605102 -0.0007500713
+4.8000000000 +0.0905005208 +0.0003424343 -0.0008064236 +0.0005674536 +0.0128807931 +0.0000910012 +0.0004971639 +0.0000082649 -1.1905076389 +0.0011768282 +1.4727054205 +0.0028769327 +0.1407134638 +0.3462311392 +0.0011665020
+4.9000000000 +0.0885520833 +0.0003347368 -0.0009631944 +0.0005550336 +0.0123234206 +0.0000869076 +0.0004539840 +0.0000072823 -1.1575388889 +0.0011653133 +1.3942144869 +0.0027663500 +0.1317144242 +0.3257735066 +0.0035472297
+5.0000000000 +0.0870039931 +0.0003290701 -0.0002494792 +0.0005454612 +0.0119011803 +0.0000843681 +0.0004263571 +0.0000069182 -1.1237489583 +0.0011556703 +1.3162346788 +0.0026669581 +0.1247467826 +0.3077162350 -0.0033955533
