# T, am1a, am1e, m1a, m1e, m2a, m2e, m4a, m4e, e1a, e1e, e2a, e2e, susc, susce, spec, spece, bind, binde
+2.0000000000 +0.4947556944 +0.0026703137 +0.0012323611 +0.0046478450 +0.4885052238 +0.0026781375 +0.4820329098 +0.0026504988 -4.9215248611 +0.0002183470 +24.2512987114 +0.0020547893 +4.3857129749 +0.0005884470 +0.2690214852 +0.0010674867 +0.3264871792 +0.0036559244
+2.1000000000 +0.4939523611 +0.0027480933 +0.0011884722 +0.0046494003 +0.4853456211 +0.0027448025 +0.4762797889 +0.0026891874 -4.8912208333 +0.0002537627 +23.9666305401 +0.0024044088 +4.1362485588 +0.0006360235 +0.3476624958 +0.0009024013 +0.3258185289 +0.0037859158
+2.2000000000 +0.4925900694 +0.0027248910 +0.0016331250 +0.0047335092 +0.4809552951 +0.0027240871 +0.4685686268 +0.0026689254 -4.8519709722 +0.0003549790 +23.6010012114 +0.0032899918 +3.8984083906 +0.0007320465 +0.4416518382 +0.0015039439 +0.3245712162 +0.0037841162
+2.3000000000 +0.4908233333 +0.0026198267 +0.0019611111 +0.0045406791 +0.4753601505 +0.0026119859 +0.4588373914 +0.0025405524 -4.8018294444 +0.0003966227 +23.1403522994 +0.0037280704 +3.6686186765 +0.0007945662 +0.5633742267 +0.0015166916 +0.3229507105 +0.0036679746
+2.4000000000 +0.4897265972 +0.0026417255 +0.0018040972 +0.0044872324 +0.4693371084 +0.0026323511 +0.4474459788 +0.0025129591 -4.7380347222 +0.0003565196 +22.5628154475 +0.0031147545 +3.4415277187 +0.0007438483 +0.7115071718 +0.0028326313 +0.3226948883 +0.0037530290
+2.5000000000 +0.4868991667 +0.0025788777 +0.0026698611 +0.0045759376 +0.4603292901 +0.0025503385 +0.4317869670 +0.0024084583 -4.6563594444 +0.0005278486 +21.8392645833 +0.0045635630 +3.2139645915 +0.0008254307 +0.9076522822 +0.0032574254 +0.3205747128 +0.0037148694
+2.6000000000 +0.4840987500 +0.0024798986 +0.0020895833 +0.0044197980 +0.4498838426 +0.0024423397 +0.4134520860 +0.0022582805 -4.5549106944 +0.0004655762 +20.9637964429 +0.0041753313 +2.9834410690 +0.0007756848 +1.1533997446 +0.0034916984 +0.3188719308 +0.0036521231
+2.7000000000 +0.4795640972 +0.0026283293 +0.0020877083 +0.0041404346 +0.4354707581 +0.0025610971 +0.3894576095 +0.0023064133 -4.4230237500 +0.0010637953 +19.8623421219 +0.0086933345 +2.7389327148 +0.0014267520 +1.4774899370 +0.0061310379 +0.3151928575 +0.0039782488
+2.8000000000 +0.4720517361 +0.0024632330 +0.0031884028 +0.0040313354 +0.4158448553 +0.0024020890 +0.3591351764 +0.0021468865 -4.2563806944 +0.0012785417 +18.5281832022 +0.0100785833 +2.4808029247 +0.0014488305 +1.8890368137 +0.0048978933 +0.3075172995 +0.0038631390
+2.9000000000 +0.4611727083 +0.0020095334 +0.0027915972 +0.0037489952 +0.3901242496 +0.0019141029 +0.3217654570 +0.0016358825 -4.0450715278 +0.0010299275 +16.9138579861 +0.0080633482 +2.2022515919 +0.0016973208 +2.3596639353 +0.0060529980 +0.2951282468 +0.0033618865
+3.0000000000 +0.4453937500 +0.0019244633 +0.0031918056 +0.0033873576 +0.3572904552 +0.0018423021 +0.2776788559 +0.0015371351 -3.7843337500 +0.0015643929 +15.0260087268 +0.0107714048 +1.9065339254 +0.0020888815 +2.8192092888 +0.0080675705 +0.2747653142 +0.0035095429
+3.1000000000 +0.4242128472 +0.0017214785 +0.0024947917 +0.0026049177 +0.3185645660 +0.0015966360 +0.2298924677 +0.0012797605 -3.4833340278 +0.0018103736 +12.9719531096 +0.0113037303 +1.6092974479 +0.0022781310 +3.1403702284 +0.0073236469 +0.2447418594 +0.0034379066
+3.2000000000 +0.3985402083 +0.0012844508 +0.0018707639 +0.0021422417 +0.2766276794 +0.0011498634 +0.1822906680 +0.0008671987 -3.1634423611 +0.0021483894 +10.9133915201 +0.0134716740 +1.3249899405 +0.0020461968 +3.1850781758 +0.0056242062 +0.2058403404 +0.0029490641
+3.3000000000 +0.3705139583 +0.0009652285 +0.0015456250 +0.0017844912 +0.2355371933 +0.0008326275 +0.1394540716 +0.0006089394 -2.8544786111 +0.0024398720 +9.0391802006 +0.0139494430 +1.0717885452 +0.0020805617 +2.9456943126 +0.0067845238 +0.1620386788 +0.0025546483
+3.4000000000 +0.3431122917 +0.0007699353 +0.0011495139 +0.0014657988 +0.1991088600 +0.0006553241 +0.1047881976 +0.0004404366 -2.5761293056 +0.0014625303 +7.4592691898 +0.0075256109 +0.8616376298 +0.0016175444 +2.5623703835 +0.0030481441 +0.1188839815 +0.0022772089
+3.5000000000 +0.3180452083 +0.0005791856 +0.0008581250 +0.0011634377 +0.1691774904 +0.0004571154 +0.0788914503 +0.0002679185 -2.3426058333 +0.0014823708 +6.2183930556 +0.0069003764 +0.6996484929 +0.0010225518 +2.1469782591 +0.0036464069 +0.0811587438 +0.0020058312
+3.6000000000 +0.2958841667 +0.0005251866 +0.0005266667 +0.0013087952 +0.1446276119 +0.0004099366 +0.0594786911 +0.0002566581 -2.1453308333 +0.0008224727 +5.2359628086 +0.0042872486 +0.5707741359 +0.0010718153 +1.7597546099 +0.0038063757 +0.0521514083 +0.0016522013
+3.7000000000 +0.2765495833 +0.0004767801 +0.0004975000 +0.0011229229 +0.1252673264 +0.0003931460 +0.0457012667 +0.0002560020 -1.9837061111 +0.0008299613 +4.4831384568 +0.0037197296 +0.4746685734 +0.0013893467 +1.4411613436 +0.0032594818 +0.0292401843 +0.0014540984
+3.8000000000 +0.2601656250 +0.0003955081 +0.0004510417 +0.0006958195 +0.1100329379 +0.0003086051 +0.0357796652 +0.0001634056 -1.8533322222 +0.0015648142 +3.9139083951 +0.0063258120 +0.4011652534 +0.0010404962 +1.1942914804 +0.0021320947 +0.0149361945 +0.0015846586
+3.9000000000 +0.2463611111 +0.0003490042 +0.0006044444 +0.0005638095 +0.0980988465 +0.0002861720 +0.0286589585 +0.0001690847 -1.7424105556 +0.0010415832 +3.4612594444 +0.0050182623 +0.3452661355 +0.0011760554 +1.0065184648 +0.0039830994 +0.0073937404 +0.0012228111
+4.0000000000 +0.2347028472 +0.0002930563 +0.0006997917 +0.0005611210 +0.0884901987 +0.0001927448 +0.0234634151 +0.0000976879 -1.6498401389 +0.0007808627 +3.1052377855 +0.0025186426 +0.3006352204 +0.0005758967 +0.8623332093 +0.0023948162 +0.0012211478 +0.0017338125
+4.1000000000 +0.2243947917 +0.0001620898 +0.0005195139 +0.0005235083 +0.0806941647 +0.0001346039 +0.0195509743 +0.0000736596 -1.5695938889 +0.0007633014 +2.8136544290 +0.0027112365 +0.2664077223 +0.0006930231 +0.7496044355 +0.0020489087 -0.0008097352 +0.0018627808
+4.2000000000 +0.2155087500 +0.0002188458 +0.0004404167 +0.0004654801 +0.0741017978 +0.0001396078 +0.0164902038 +0.0000730194 -1.4985333333 +0.0009493149 +2.5688410494 +0.0030832246 +0.2370625507 +0.0005064532 +0.6596528291 +0.0012467131 -0.0009915149 +0.0021618911
+4.3000000000 +0.2078842361 +0.0002028901 +0.0000495139 +0.0003886744 +0.0688411863 +0.0001253211 +0.0142651584 +0.0000488859 -1.4371073611 +0.0009608794 +2.3681796065 +0.0027344338 +0.2145342062 +0.0004093033 +0.5897318023 +0.0008923972 -0.0033703634 +0.0025300722
+4.4000000000 +0.2011799306 +0.0002322250 +0.0003140972 +0.0002601994 +0.0642847473 +0.0001480019 +0.0123968859 +0.0000653465 -1.3821520833 +0.0007034114 +2.1955787114 +0.0023696086 +0.1948159927 +0.0004909475 +0.5303852146 +0.0012040889 +0.0001322921 +0.0012762404
+4.5000000000 +0.1954136806 +0.0002829910 +0.0005436806 +0.0002459892 +0.0604538677 +0.0001936543 +0.0109341391 +0.0000801703 -1.3310769444 +0.0010832570 +2.0423635802 +0.0031620402 +0.1781324823 +0.0007037957 +0.4810418022 +0.0012270551 +0.0028689183 +0.0018491103
+4.6000000000 +0.1899137500 +0.0002889708 +0.0007284722 +0.0002405032 +0.0570523302 +0.0001579395 +0.0097382610 +0.0000586100 -1.2848766667 +0.0011231206 +1.9096690895 +0.0032212574 +0.1642246651 +0.0004791763 +0.4402147151 +0.0010996263 +0.0028123901 +0.0018799936
+4.7000000000 +0.1848645139 +0.0002342505 +0.0006832639 +0.0002572730 +0.0540457890 +0.0001337106 +0.0087402919 +0.0000500322 -1.2423690278 +0.0006716223 +1.7908775694 +0.0018216094 +0.1521984388 +0.0003777038 +0.4031743445 +0.0007374295 +0.0026524093 +0.0021363460
+4.8000000000 +0.1805525694 +0.0001546998 +0.0007440972 +0.0002362194 +0.0514971470 +0.0000950381 +0.0079219609 +0.0000388598 -1.2029684722 +0.0008388997 +1.6863143750 +0.0021274721 +0.1417325800 +0.0003673576 +0.3737096755 +0.0008960837 +0.0043317885 +0.0017661319
+4.9000000000 +0.1767321528 +0.0001541858 +0.0007952083 +0.0003009196 +0.0493984857 +0.0000839665 +0.0073101524 +0.0000285811 -1.1673861111 +0.0005520559 +1.5957550000 +0.0017039271 +0.1334497531 +0.0002718937 +0.3492968895 +0.0010351167 +0.0014652492 +0.0016285032
+5.0000000000 +0.1731885417 +0.0001818688 +0.0005590972 +0.0003660201 +0.0473610012 +0.0000846671 +0.0066975979 +0.0000299133 -1.1353229167 +0.0007997624 +1.5149244059 +0.0017610938 +0.1250380759 +0.0002870094 +0.3253822338 +0.0008362126 +0.0047324861 +0.0024442836
